0.000000000000e+00 3.479894952738e-01 0.000000000000e+00 0.000000000000e+00
5.000000000000e-02 3.479894952738e-01 1.000000000000e-03 5.000000000000e-02
1.000000000000e-01 3.408053703679e-01 2.000000000000e-03 9.896776698672e-02
1.500000000000e-01 3.265854343740e-01 3.000000000000e-03 1.458923780467e-01
2.000000000000e-01 3.056232530398e-01 4.000000000000e-03 1.898050905267e-01
2.500000000000e-01 2.783515834773e-01 5.000000000000e-03 2.297993413960e-01
3.000000000000e-01 2.453334400395e-01 6.000000000000e-03 2.650494629329e-01
3.500000000000e-01 2.072504710803e-01 7.000000000000e-03 2.948277283540e-01
4.000000000000e-01 1.648888865557e-01 8.000000000000e-03 3.185193754863e-01
4.500000000000e-01 1.191232269866e-01 9.000000000000e-03 3.356352983237e-01
5.000000000000e-01 7.089830886669e-02 1.000000000000e-02 3.458221444541e-01
5.500000000000e-01 2.120971924678e-02 1.100000000000e-02 3.488696098998e-01
6.000000000000e-01 -2.891673782132e-02 1.200000000000e-02 3.447147807722e-01
6.500000000000e-01 -7.844621866110e-02 1.300000000000e-02 3.334434321070e-01
7.000000000000e-01 -1.263562039675e-01 1.400000000000e-02 3.152882570682e-01
7.500000000000e-01 -1.716576083705e-01 1.500000000000e-02 2.906240630764e-01
8.000000000000e-01 -2.134151997668e-01 1.600000000000e-02 2.599600340374e-01
8.500000000000e-01 -2.507669068683e-01 1.700000000000e-02 2.239292184131e-01
9.000000000000e-01 -2.829416163716e-01 1.800000000000e-02 1.832754601511e-01
9.500000000000e-01 -3.092750923300e-01 1.900000000000e-02 1.388380422793e-01
1.000000000000e+00 -3.292236890786e-01 2.000000000000e-02 9.153436019260e-02
1.050000000000e+00 -3.423755746148e-01 2.100000000000e-02 4.234098233713e-02
1.100000000000e+00 -3.484592327297e-01 2.200000000000e-02 -7.726510713994e-03
1.150000000000e+00 -3.473490683686e-01 2.300000000000e-02 -5.763449257639e-02
1.200000000000e+00 -3.390680004974e-01 2.400000000000e-02 -1.063526299200e-01
1.250000000000e+00 -3.237869889491e-01 2.500000000000e-02 -1.528751533505e-01
1.300000000000e+00 -3.018215050154e-01 2.600000000000e-02 -1.962416211770e-01
1.350000000000e+00 -2.736250186498e-01 2.700000000000e-02 -2.355567474044e-01
1.400000000000e+00 -2.397796367340e-01 2.800000000000e-02 -2.700088846083e-01
1.450000000000e+00 -2.009840856793e-01 2.900000000000e-02 -2.988867801208e-01
1.500000000000e+00 -1.580392864569e-01 3.000000000000e-02 -3.215942595998e-01
1.550000000000e+00 -1.118318198569e-01 3.100000000000e-02 -3.376625348460e-01
1.600000000000e+00 -6.331562332916e-02 3.200000000000e-02 -3.467598817759e-01
1.650000000000e+00 -1.349229726826e-02 3.300000000000e-02 -3.486984887528e-01
1.700000000000e+00 3.660957268594e-02 3.400000000000e-02 -3.434383338942e-01
1.750000000000e+00 8.595565044958e-02 3.500000000000e-02 -3.310880113102e-01
1.800000000000e+00 1.335272030118e-01 3.600000000000e-02 -3.119024892147e-01
1.850000000000e+00 1.783421318316e-01 3.700000000000e-02 -2.862778461933e-01
1.900000000000e+00 2.194752479287e-01 3.800000000000e-02 -2.547430942957e-01
1.950000000000e+00 2.560773720955e-01 3.900000000000e-02 -2.179492577613e-01
2.000000000000e+00 2.873928659138e-01 4.000000000000e-02 -1.766559328454e-01
2.050000000000e+00 3.127752316525e-01 4.100000000000e-02 -1.317156062119e-01
2.100000000000e+00 3.317004589942e-01 4.200000000000e-02 -8.405605563648e-02
2.150000000000e+00 3.437778430501e-01 4.300000000000e-02 -3.466119634920e-02
2.200000000000e+00 3.487580503293e-01 4.400000000000e-02 1.544923156112e-02
2.250000000000e+00 3.465382661446e-01 4.500000000000e-02 6.524071533449e-02
2.300000000000e+00 3.371643171863e-01 4.600000000000e-02 1.136853267043e-01
2.350000000000e+00 3.208297254460e-01 4.700000000000e-02 1.597829431271e-01
2.400000000000e+00 2.978717130207e-01 4.800000000000e-02 2.025818949728e-01
2.450000000000e+00 2.687642402774e-01 4.900000000000e-02 2.411986124208e-01
2.500000000000e+00 2.341082211021e-01 5.000000000000e-02 2.748358664589e-01
2.550000000000e+00 1.946191172366e-01 5.100000000000e-02 3.027992274051e-01
2.600000000000e+00 1.511121678147e-01 5.200000000000e-02 3.245114011729e-01
2.650000000000e+00 1.044855590261e-01 5.300000000000e-02 3.395241473111e-01
2.700000000000e+00 5.570188136889e-02 5.400000000000e-02 3.475275327760e-01
2.750000000000e+00 5.768257294604e-03 5.500000000000e-02 3.483563303939e-01
2.800000000000e+00 -4.428445049185e-02 5.600000000000e-02 3.419934299194e-01
2.850000000000e+00 -9.342292084285e-02 5.700000000000e-02 3.285701912712e-01
2.900000000000e+00 -1.406327067320e-01 5.800000000000e-02 3.083637326508e-01
2.950000000000e+00 -1.849391781685e-01 5.900000000000e-02 2.817912095315e-01
3.000000000000e+00 -2.254276431019e-01 6.000000000000e-02 2.494012026256e-01
3.050000000000e+00 -2.612622309289e-01 6.100000000000e-02 2.118623926217e-01
3.100000000000e+00 -2.917031487582e-01 6.200000000000e-02 1.699497554990e-01
3.150000000000e+00 -3.161219541829e-01 6.300000000000e-02 1.245285634119e-01
3.200000000000e+00 -3.340145292611e-01 6.400000000000e-02 7.653652143971e-02
3.250000000000e+00 -3.450114878589e-01 6.500000000000e-02 2.696440898451e-02
3.300000000000e+00 -3.488858015020e-01 6.600000000000e-02 -2.316437453344e-02
3.350000000000e+00 -3.455574863017e-01 6.700000000000e-02 -7.281493740888e-02
3.400000000000e+00 -3.350952541945e-01 6.800000000000e-02 -1.209622606393e-01
3.450000000000e+00 -3.177150944077e-01 6.900000000000e-02 -1.666123590938e-01
3.500000000000e+00 -2.937758144357e-01 7.000000000000e-02 -2.088228019987e-01
3.550000000000e+00 -2.637716325804e-01 7.100000000000e-02 -2.467221691007e-01
3.600000000000e+00 -2.283219749827e-01 7.200000000000e-02 -2.795280408416e-01
3.650000000000e+00 -1.881586877804e-01 7.300000000000e-02 -3.065631511446e-01
3.700000000000e+00 -1.441109283928e-01 7.400000000000e-02 -3.272693693423e-01
3.750000000000e+00 -9.708804784796e-02 7.500000000000e-02 -3.412192225946e-01
3.800000000000e+00 -4.806081753946e-02 7.600000000000e-02 -3.481247209203e-01
3.850000000000e+00 1.958612019235e-03 7.700000000000e-02 -3.478433026525e-01
3.900000000000e+00 5.193760669820e-02 7.800000000000e-02 -3.403807775758e-01
3.950000000000e+00 1.008443671319e-01 7.900000000000e-02 -3.258912069851e-01
4.000000000000e+00 1.476692298664e-01 8.000000000000e-02 -3.046737231426e-01
4.050000000000e+00 1.914455115186e-01 8.100000000000e-02 -2.771663537940e-01
4.100000000000e+00 2.312694656262e-01 8.200000000000e-02 -2.439369792343e-01
4.150000000000e+00 2.663189401861e-01 8.300000000000e-02 -2.056716086120e-01
4.200000000000e+00 2.958703507036e-01 8.400000000000e-02 -1.631602175037e-01
4.250000000000e+00 3.193136183481e-01 8.500000000000e-02 -1.172804391361e-01
4.300000000000e+00 3.361647648236e-01 8.600000000000e-02 -6.897944594679e-02
4.350000000000e+00 3.460759039361e-01 8.700000000000e-02 -1.925439553057e-02
4.400000000000e+00 3.488424235857e-01 8.800000000000e-02 3.086815534000e-02
4.450000000000e+00 3.444072099141e-01 8.900000000000e-02 8.035344363054e-02
4.500000000000e+00 3.328618264009e-01 9.000000000000e-02 1.281798623762e-01
4.550000000000e+00 3.144446235662e-01 9.100000000000e-02 1.733600514101e-01
4.600000000000e+00 2.895358183056e-01 9.200000000000e-02 2.149612810791e-01
4.650000000000e+00 2.586496444413e-01 9.300000000000e-02 2.521247081299e-01
4.700000000000e+00 2.224237365398e-01 9.400000000000e-02 2.840831062369e-01
4.750000000000e+00 1.816059661624e-01 9.500000000000e-02 3.101767051283e-01
4.800000000000e+00 1.370390023113e-01 9.600000000000e-02 3.298668113201e-01
4.850000000000e+00 8.964291481438e-02 9.700000000000e-02 3.427469292593e-01
4.900000000000e+00 4.039617979590e-02 9.800000000000e-02 3.485511532868e-01
4.950000000000e+00 -9.684520630491e-03 9.900000000000e-02 3.471596571695e-01
5.000000000000e+00 -5.956528741863e-02 1.000000000000e-01 3.386011678721e-01
5.050000000000e+00 -1.082163490844e-01 1.010000000000e-01 3.230523724983e-01
5.100000000000e+00 -1.546333209881e-01 1.020000000000e-01 3.008342706464e-01
5.150000000000e+00 -1.978579405143e-01 1.030000000000e-01 2.724055474807e-01
5.200000000000e+00 -2.369978500777e-01 1.040000000000e-01 2.383531043328e-01
5.250000000000e+00 -2.712450195426e-01 1.050000000000e-01 1.993799423226e-01
5.300000000000e+00 -2.998924277302e-01 1.060000000000e-01 1.562906491395e-01
5.350000000000e+00 -3.223486586312e-01 1.070000000000e-01 1.099747886021e-01
5.400000000000e+00 -3.381501109876e-01 1.080000000000e-01 6.138853591633e-02
5.450000000000e+00 -3.469705691839e-01 1.090000000000e-01 1.153493776233e-02
5.500000000000e+00 -3.486279378573e-01 1.100000000000e-01 -3.855679526297e-02
5.550000000000e+00 -3.430880011944e-01 1.110000000000e-01 -8.785253634912e-02
5.600000000000e+00 -3.304651293057e-01 1.120000000000e-01 -1.353345916689e-01
5.650000000000e+00 -3.110199170929e-01 1.130000000000e-01 -1.800227103214e-01
5.700000000000e+00 -2.851538043558e-01 1.140000000000e-01 -2.209943212793e-01
5.750000000000e+00 -2.534007882043e-01 1.150000000000e-01 -2.574035795538e-01
5.800000000000e+00 -2.164163988694e-01 1.160000000000e-01 -2.884988283772e-01
5.850000000000e+00 -1.749641665038e-01 1.170000000000e-01 -3.136381169017e-01
5.900000000000e+00 -1.298998583622e-01 1.180000000000e-01 -3.323024530564e-01
5.950000000000e+00 -8.215381177604e-02 1.190000000000e-01 -3.441065179624e-01
6.000000000000e+00 -3.271172765629e-02 1.200000000000e-01 -3.488066207098e-01
6.050000000000e+00 1.740567896763e-02 1.210000000000e-01 -3.463057292743e-01
6.100000000000e+00 6.716375126257e-02 1.220000000000e-01 -3.366554737099e-01
6.150000000000e+00 1.155352507305e-01 1.230000000000e-01 -3.200550802641e-01
6.200000000000e+00 1.615215641984e-01 1.240000000000e-01 -2.968472584201e-01
6.250000000000e+00 2.041733198479e-01 1.250000000000e-01 -2.675111257751e-01
6.300000000000e+00 2.426099866738e-01 1.260000000000e-01 -2.326523168213e-01
6.350000000000e+00 2.760380527478e-01 1.270000000000e-01 -1.929904798267e-01
6.400000000000e+00 3.037674070024e-01 1.280000000000e-01 -1.493444199415e-01
6.450000000000e+00 3.252255863397e-01 1.290000000000e-01 -1.026151952441e-01
6.500000000000e+00 3.399695939373e-01 1.300000000000e-01 -5.376751470283e-02
6.550000000000e+00 3.476950447675e-01 1.310000000000e-01 -3.809822087160e-03
6.600000000000e+00 3.482424495223e-01 1.320000000000e-01 4.622652301117e-02
6.650000000000e+00 3.416005072168e-01 1.330000000000e-01 9.530853724668e-02
6.700000000000e+00 3.279063384931e-01 1.340000000000e-01 1.424229391103e-01
6.750000000000e+00 3.074426548123e-01 1.350000000000e-01 1.865970677820e-01
6.800000000000e+00 2.806319219718e-01 1.360000000000e-01 2.269189633827e-01
6.850000000000e+00 2.480276384425e-01 1.370000000000e-01 2.625561940766e-01
6.900000000000e+00 2.103029085810e-01 1.380000000000e-01 2.927730413432e-01
6.950000000000e+00 1.682365466190e-01 1.390000000000e-01 3.169456886363e-01
7.000000000000e+00 1.226969983078e-01 1.400000000000e-01 3.345750998648e-01
7.050000000000e+00 7.462441215094e-02 1.410000000000e-01 3.452973218233e-01
7.100000000000e+00 2.501123035769e-02 1.420000000000e-01 3.488909978821e-01
7.150000000000e+00 -2.511829978913e-02 1.430000000000e-01 3.452819378199e-01
7.200000000000e+00 -7.472927117034e-02 1.440000000000e-01 3.345446494555e-01
7.250000000000e+00 -1.227974821364e-01 1.450000000000e-01 3.169008004595e-01
7.300000000000e+00 -1.683305808022e-01 1.460000000000e-01 2.927146421001e-01
7.350000000000e+00 -2.103885518150e-01 1.470000000000e-01 2.624854893997e-01
7.400000000000e+00 -2.481031226519e-01 1.480000000000e-01 2.268374129461e-01
7.450000000000e+00 -2.806956888108e-01 1.490000000000e-01 1.865063551666e-01
7.500000000000e+00 -3.074933878361e-01 1.500000000000e-01 1.423249370473e-01
7.550000000000e+00 -3.279429903356e-01 1.510000000000e-01 9.520526895540e-02
7.600000000000e+00 -3.416223212132e-01 1.520000000000e-01 4.612012043038e-02
7.650000000000e+00 -3.482489753302e-01 1.530000000000e-01 -3.917162312328e-03
7.700000000000e+00 -3.476861476636e-01 1.540000000000e-01 -5.387357656989e-02
7.750000000000e+00 -3.399454575995e-01 1.550000000000e-01 -1.027177891419e-01
7.800000000000e+00 -3.251867090543e-01 1.560000000000e-01 -1.494414278538e-01
7.850000000000e+00 -3.037145913779e-01 1.570000000000e-01 -1.930798990581e-01
7.900000000000e+00 -2.759723891447e-01 1.580000000000e-01 -2.327323013422e-01
7.950000000000e+00 -2.425328306950e-01 1.590000000000e-01 -2.675800243322e-01
8.000000000000e+00 -2.040862643523e-01 1.600000000000e-01 -2.969036486260e-01
8.050000000000e+00 -1.614264064171e-01 1.610000000000e-01 -3.200977979624e-01
8.100000000000e+00 -1.154339551636e-01 1.620000000000e-01 -3.366836370080e-01
8.150000000000e+00 -6.705840912261e-02 1.630000000000e-01 -3.463187567506e-01
8.200000000000e+00 -1.729846500733e-02 1.640000000000e-01 -3.488042434165e-01
8.250000000000e+00 3.281860004114e-02 1.650000000000e-01 -3.440887849778e-01
8.300000000000e+00 8.225813624137e-02 1.660000000000e-01 -3.322697304721e-01
8.350000000000e+00 1.299994811648e-01 1.670000000000e-01 -3.135910802642e-01
8.400000000000e+00 1.750570309649e-01 1.680000000000e-01 -2.884384487419e-01
8.450000000000e+00 2.165005878336e-01 1.690000000000e-01 -2.573311034378e-01
8.500000000000e+00 2.534745636192e-01 1.700000000000e-01 -2.209112449275e-01
8.550000000000e+00 2.852156431529e-01 1.710000000000e-01 -1.799307488167e-01
8.600000000000e+00 3.110685426312e-01 1.720000000000e-01 -1.352356435253e-01
8.650000000000e+00 3.304995377276e-01 1.730000000000e-01 -8.774864431757e-02
8.700000000000e+00 3.431074821497e-01 1.740000000000e-01 -3.845010415909e-02
8.750000000000e+00 3.486320891682e-01 1.750000000000e-01 1.164222533693e-02
8.800000000000e+00 3.469593051481e-01 1.760000000000e-01 6.149420504613e-02
8.850000000000e+00 3.381236641473e-01 1.770000000000e-01 1.100766577839e-01
8.900000000000e+00 3.223075749723e-01 1.780000000000e-01 1.563866153184e-01
8.950000000000e+00 2.998375554111e-01 1.790000000000e-01 1.994680243097e-01
9.000000000000e+00 2.711774913834e-01 1.800000000000e-01 2.384314837052e-01
9.050000000000e+00 2.369190601745e-01 1.810000000000e-01 2.724726061230e-01
9.100000000000e+00 1.977695154579e-01 1.820000000000e-01 3.008886241557e-01
9.150000000000e+00 1.545370862837e-01 1.830000000000e-01 3.230928987650e-01
9.200000000000e+00 1.081142914647e-01 1.840000000000e-01 3.386270302450e-01
9.250000000000e+00 5.945951382863e-02 1.850000000000e-01 3.471703217288e-01
9.300000000000e+00 9.577214729979e-03 1.860000000000e-01 3.485463998662e-01
9.350000000000e+00 -4.050280271307e-02 1.870000000000e-01 3.427268559916e-01
9.400000000000e+00 -8.974665355429e-02 1.880000000000e-01 3.298318326111e-01
9.450000000000e+00 -1.371377152229e-01 1.890000000000e-01 3.101275431016e-01
9.500000000000e+00 -1.816976153512e-01 1.900000000000e-01 2.840207758257e-01
9.550000000000e+00 -2.225064299394e-01 1.910000000000e-01 2.520504961246e-01
9.600000000000e+00 -2.587216748746e-01 1.920000000000e-01 2.148767195611e-01
9.650000000000e+00 -2.895956987287e-01 1.930000000000e-01 1.732668861234e-01
9.700000000000e+00 -3.144911177682e-01 1.940000000000e-01 1.280800166863e-01
9.750000000000e+00 -3.328939745247e-01 1.950000000000e-01 8.024897881794e-02
9.800000000000e+00 -3.444243482728e-01 1.960000000000e-01 3.076122804521e-02
9.850000000000e+00 -3.488441983635e-01 1.970000000000e-01 -1.936157782987e-02
9.900000000000e+00 -3.460622784934e-01 1.980000000000e-01 -6.908467050844e-02
9.950000000000e+00 -3.361360204530e-01 1.990000000000e-01 -1.173815336348e-01
1.000000000000e+01 -3.192703484674e-01 2.000000000000e-01 -1.632550948778e-01
