0.000000 1.500000000000e+00 0.000000000000e+00
0.010000 1.500000000000e+00 -9.974949866041e-02
0.020000 1.499002505013e+00 -1.994989973208e-01
0.030000 1.497007515040e+00 -2.992413903568e-01
0.040000 1.494015101137e+00 -3.989692744212e-01
0.050000 1.490025408392e+00 -4.986746513755e-01
0.060000 1.485038661879e+00 -5.983486316149e-01
0.070000 1.479055175563e+00 -6.979811380670e-01
0.080000 1.472075364182e+00 -7.975606111946e-01
0.090000 1.464099758070e+00 -8.970737153979e-01
0.100000 1.455129020916e+00 -9.965050473002e-01
0.110000 1.445163970443e+00 -1.095836846500e+00
0.120000 1.434205601978e+00 -1.195048709500e+00
0.130000 1.422255114883e+00 -1.294117307646e+00
0.140000 1.409313941806e+00 -1.393016110080e+00
0.150000 1.395383780706e+00 -1.491715112865e+00
0.160000 1.380466629577e+00 -1.590180575613e+00
0.170000 1.364564823821e+00 -1.688374767162e+00
0.180000 1.347681076149e+00 -1.786255722022e+00
0.190000 1.329818518929e+00 -1.883777009524e+00
0.200000 1.310980748834e+00 -1.980887517828e+00
0.210000 1.291171873656e+00 -2.077531255130e+00
0.220000 1.270396561104e+00 -2.173647170633e+00
0.230000 1.248660089398e+00 -2.269168998028e+00
0.240000 1.225968399418e+00 -2.364025124410e+00
0.250000 1.202328148173e+00 -2.458138487717e+00
0.260000 1.177746763296e+00 -2.551426505896e+00
0.270000 1.152232498237e+00 -2.643801041116e+00
0.280000 1.125794487826e+00 -2.735168402352e+00
0.290000 1.098442803803e+00 -2.825429389732e+00
0.300000 1.070188509905e+00 -2.914479383898e+00
0.310000 1.041043716066e+00 -3.002208483584e+00
0.320000 1.011021631231e+00 -3.088501694348e+00
0.330000 9.801366142871e-01 -3.173239171160e+00
0.340000 9.484042225755e-01 -3.256296517158e+00
0.350000 9.158412574039e-01 -3.337545140433e+00
0.360000 8.824658059996e-01 -3.416852670153e+00
0.370000 8.482972792980e-01 -3.494083432683e+00
0.380000 8.133564449712e-01 -3.569098987647e+00
0.390000 7.776654550947e-01 -3.641758723024e+00
0.400000 7.412478678645e-01 -3.711920507490e+00
0.410000 7.041286627896e-01 -3.779441397248e+00
0.420000 6.663342488171e-01 -3.844178393561e+00
0.430000 6.278924648815e-01 -3.905989246156e+00
0.440000 5.888325724199e-01 -3.964733296601e+00
0.450000 5.491852394539e-01 -4.020272354695e+00
0.460000 5.089825159070e-01 -4.072471599913e+00
0.470000 4.682577999079e-01 -4.121200498981e+00
0.480000 4.270457949181e-01 -4.166333729831e+00
0.490000 3.853824576197e-01 -4.207752101432e+00
0.500000 3.433049366054e-01 -4.245343458472e+00
0.510000 3.008515020207e-01 -4.279003559432e+00
0.520000 2.580614664264e-01 -4.308636916470e+00
0.530000 2.149750972617e-01 -4.334157585530e+00
0.540000 1.716335214064e-01 -4.355489895415e+00
0.550000 1.280786224522e-01 -4.372569105059e+00
0.560000 8.435293140166e-02 -4.385341979034e+00
0.570000 4.049951161132e-02 -4.393767272294e+00
0.580000 -3.438161111623e-03 -4.397816116417e+00
0.590000 -4.741632227580e-02 -4.397472300984e+00
0.600000 -9.139104528563e-02 -4.392732445331e+00
0.610000 -1.353183697389e-01 -4.383606057616e+00
0.620000 -1.791544303151e-01 -4.370115479898e+00
0.630000 -2.228555851141e-01 -4.352295719786e+00
0.640000 -2.663785423120e-01 -4.330194171010e+00
0.650000 -3.096804840221e-01 -4.303870227039e+00
0.660000 -3.527191862924e-01 -4.273394793530e+00
0.670000 -3.954531342277e-01 -4.238849706928e+00
0.680000 -4.378416312970e-01 -4.200327067866e+00
0.690000 -4.798449019757e-01 -4.157928499188e+00
0.700000 -5.214241869676e-01 -4.111764339305e+00
0.710000 -5.625418303606e-01 -4.061952782277e+00
0.720000 -6.031613581834e-01 -4.008618976438e+00
0.730000 -6.432475479478e-01 -3.951894093540e+00
0.740000 -6.827664888832e-01 -3.891914380336e+00
0.750000 -7.216856326865e-01 -3.828820204202e+00
0.760000 -7.599738347285e-01 -3.762755103911e+00
0.770000 -7.976013857676e-01 -3.693864855977e+00
0.780000 -8.345400343274e-01 -3.622296566149e+00
0.790000 -8.707629999889e-01 -3.548197794687e+00
0.800000 -9.062449779358e-01 -3.471715722973e+00
0.810000 -9.409621351655e-01 -3.392996367952e+00
0.820000 -9.748920988450e-01 -3.312183849718e+00
0.830000 -1.008013937342e+00 -3.229419716452e+00
0.840000 -1.040308134507e+00 -3.144842329806e+00
0.850000 -1.071756557805e+00 -3.058586312783e+00
0.860000 -1.102342420933e+00 -2.970782061133e+00
0.870000 -1.132050241544e+00 -2.881555318419e+00
0.880000 -1.160865794728e+00 -2.791026814060e+00
0.890000 -1.188776062869e+00 -2.699311962943e+00
0.900000 -1.215769182498e+00 -2.606520624575e+00
0.910000 -1.241834388744e+00 -2.512756919237e+00
0.920000 -1.266961957936e+00 -2.418119098188e+00
0.930000 -1.291143148918e+00 -2.322699464631e+00
0.940000 -1.314370143564e+00 -2.226584341954e+00
0.950000 -1.336635986984e+00 -2.129854085602e+00
0.960000 -1.357934527840e+00 -2.032583134855e+00
0.970000 -1.378260359189e+00 -1.934840100832e+00
0.980000 -1.397608760197e+00 -1.836687887042e+00
0.990000 -1.415975639067e+00 -1.738183838966e+00
1.000000 -1.433357477457e+00 -1.639379919252e+00
1.010000 -1.449751276650e+00 -1.540322905341e+00
1.020000 -1.465154505703e+00 -1.441054606493e+00
1.030000 -1.479565051768e+00 -1.341612097447e+00
1.040000 -1.492981172742e+00 -1.242027966159e+00
1.050000 -1.505401452404e+00 -1.142330573327e+00
1.060000 -1.516824758137e+00 -1.042544321616e+00
1.070000 -1.527250201353e+00 -9.426899327762e-01
1.080000 -1.536677100681e+00 -8.427847310466e-01
1.090000 -1.545104947992e+00 -7.428429314797e-01
1.100000 -1.552533377306e+00 -6.428759320118e-01
1.110000 -1.558962136626e+00 -5.428926083144e-01
1.120000 -1.564391062710e+00 -4.428996106356e-01
1.130000 -1.568820058816e+00 -3.429016619990e-01
1.140000 -1.572249075436e+00 -2.429018572806e-01
1.150000 -1.574678094009e+00 -1.429019628046e-01
1.160000 -1.576107113637e+00 -4.290271620945e-02
1.170000 -1.576536140799e+00 5.709587357102e-02
1.180000 -1.575965182063e+00 1.570942263023e-01
1.190000 -1.574394239800e+00 2.570928904520e-01
1.200000 -1.571823310896e+00 3.570922432038e-01
1.210000 -1.568252388464e+00 4.570921904690e-01
1.220000 -1.563681466559e+00 5.570918668881e-01
1.230000 -1.558110547890e+00 6.570893358370e-01
1.240000 -1.551539654532e+00 7.570812894955e-01
1.250000 -1.543968841637e+00 8.570627490972e-01
1.260000 -1.535398214146e+00 9.570267655574e-01
1.270000 -1.525827946490e+00 1.056964120780e+00
1.280000 -1.515258305282e+00 1.156863030056e+00
1.290000 -1.503689674982e+00 1.256708846101e+00
1.300000 -1.491122586521e+00 1.356483765452e+00
1.310000 -1.477557748866e+00 1.456166538071e+00
1.320000 -1.462996083486e+00 1.555732181258e+00
1.330000 -1.447438761673e+00 1.655151699106e+00
1.340000 -1.430887244682e+00 1.754391809005e+00
1.350000 -1.413343326592e+00 1.853414676914e+00
1.360000 -1.394809179823e+00 1.952177663334e+00
1.370000 -1.375287403189e+00 2.050633082217e+00
1.380000 -1.354781072367e+00 2.148727975231e+00
1.390000 -1.333293792615e+00 2.246403904113e+00
1.400000 -1.310829753574e+00 2.343596764027e+00
1.410000 -1.287393785934e+00 2.440236621124e+00
1.420000 -1.262991419722e+00 2.536247577677e+00
1.430000 -1.237628943946e+00 2.631547668380e+00
1.440000 -1.211313467262e+00 2.726048791522e+00
1.450000 -1.184052979347e+00 2.819656678901e+00
1.460000 -1.155856412557e+00 2.912270908356e+00
1.470000 -1.126733703474e+00 3.003784962838e+00
1.480000 -1.096695853846e+00 3.094086339834e+00
1.490000 -1.065754990447e+00 3.183056714843e+00
1.500000 -1.033924423299e+00 3.270572162327e+00
1.510000 -1.001218701676e+00 3.356503437268e+00
1.520000 -9.676536673028e-01 3.440716319976e+00
1.530000 -9.332465041031e-01 3.523072026293e+00
1.540000 -8.980157838401e-01 3.603427684644e+00
1.550000 -8.619815069937e-01 3.681636880630e+00
1.560000 -8.251651381874e-01 3.757550268998e+00
1.570000 -7.875896354974e-01 3.831016251787e+00
1.580000 -7.492794729796e-01 3.901881720464e+00
1.590000 -7.102606557749e-01 3.969992858617e+00
1.600000 -6.705607271887e-01 4.035196000645e+00
1.610000 -6.302087671823e-01 4.097338540596e+00
1.620000 -5.892353817763e-01 4.156269884069e+00
1.630000 -5.476726829356e-01 4.211842434864e+00
1.640000 -5.055542585870e-01 4.263912606895e+00
1.650000 -4.629151325180e-01 4.312341850791e+00
1.660000 -4.197917140101e-01 4.356997683661e+00
1.670000 -3.762217371735e-01 4.397754709720e+00
1.680000 -3.322441900763e-01 4.434495618839e+00
1.690000 -2.878992338879e-01 4.467112149784e+00
1.700000 -2.432281123901e-01 4.495506004718e+00
1.710000 -1.982730523429e-01 4.519589701780e+00
1.720000 -1.530771553251e-01 4.539287352951e+00
1.730000 -1.076842817956e-01 4.554535355186e+00
1.740000 -6.213892824373e-02 4.565282983818e+00
1.750000 -1.648609840555e-02 4.571492878519e+00
1.760000 2.922883037964e-02 4.573141413681e+00
1.770000 7.496024451645e-02 4.570218946807e+00
1.780000 1.206624339845e-01 4.562729940458e+00
1.790000 1.662897333891e-01 4.550692955342e+00
1.800000 2.117966629425e-01 4.534140514271e+00
1.810000 2.571380680852e-01 4.513118838836e+00
1.820000 3.022692564736e-01 4.487687462784e+00
1.830000 3.471461311014e-01 4.457918728042e+00
1.840000 3.917253183819e-01 4.423897171227e+00
1.850000 4.359642900941e-01 4.385718810120e+00
1.860000 4.798214781953e-01 4.343490341009e+00
1.870000 5.232563816054e-01 4.297328258984e+00
1.880000 5.662296641953e-01 4.247357914104e+00
1.890000 6.087032433363e-01 4.193712516972e+00
1.900000 6.506403685060e-01 4.136532107502e+00
1.910000 6.920056895810e-01 4.075962500641e+00
1.920000 7.327653145875e-01 4.012154222545e+00
1.930000 7.728868568129e-01 3.945261450119e+00
1.940000 8.123394713141e-01 3.875440966091e+00
1.950000 8.510938809750e-01 3.802851140826e+00
1.960000 8.891223923833e-01 3.727650950974e+00
1.970000 9.263989018930e-01 3.649999043818e+00
1.980000 9.628988923312e-01 3.570052854913e+00
1.990000 9.985994208803e-01 3.487967785253e+00
2.000000 1.033479098733e+00 3.403896442893e+00
2.010000 1.067518063162e+00 3.317987952619e+00
2.020000 1.100697942688e+00 3.230387336048e+00
2.030000 1.133001816048e+00 3.141234963341e+00
2.040000 1.164414165682e+00 3.050666076648e+00
2.050000 1.194920826448e+00 2.958810384446e+00
2.060000 1.224508930293e+00 2.865791725085e+00
2.070000 1.253166847544e+00 2.771727797121e+00
2.080000 1.280884125515e+00 2.676729953431e+00
2.090000 1.307651425049e+00 2.580903055626e+00
2.100000 1.333460455605e+00 2.484345384886e+00
2.110000 1.358303909454e+00 2.387148605141e+00
2.120000 1.382175395506e+00 2.289397774305e+00
2.130000 1.405069373249e+00 2.191171399243e+00
2.140000 1.426981087241e+00 2.092541530153e+00
2.150000 1.447906502543e+00 1.993573890124e+00
2.160000 1.467842241444e+00 1.894328035766e+00
2.170000 1.486785521802e+00 1.794857544989e+00
2.180000 1.504734097251e+00 1.695210228253e+00
2.190000 1.521686199534e+00 1.595428359813e+00
2.200000 1.537640483132e+00 1.495548925808e+00
2.210000 1.552595972390e+00 1.395603886271e+00
2.220000 1.566552011253e+00 1.295620448459e+00
2.230000 1.579508215738e+00 1.195621349169e+00
2.240000 1.591464429229e+00 1.095625143995e+00
2.250000 1.602420680669e+00 9.956465017577e-01
2.260000 1.612377145687e+00 8.956965025782e-01
2.270000 1.621334110713e+00 7.957829383485e-01
2.280000 1.629291940096e+00 6.959106145507e-01
2.290000 1.636251046242e+00 5.960816526105e-01
2.300000 1.642211862768e+00 4.962957921555e-01
2.310000 1.647174820689e+00 3.965506927302e-01
2.320000 1.651140327616e+00 2.968422346753e-01
2.330000 1.654108749963e+00 1.971648190149e-01
2.340000 1.656080398153e+00 9.751166631688e-02
2.350000 1.657055514817e+00 -2.124885413109e-03
2.360000 1.657034265962e+00 -1.017530836601e-01
2.370000 1.656016735126e+00 -2.013814649484e-01
2.380000 1.654002920476e+00 -3.010185587627e-01
2.390000 1.650992734889e+00 -4.006725915742e-01
2.400000 1.646986008973e+00 -5.003511906926e-01
2.410000 1.641982497066e+00 -6.000610876839e-01
2.420000 1.635981886189e+00 -6.998078211209e-01
2.430000 1.628983807978e+00 -7.995954384831e-01
2.440000 1.620987853593e+00 -8.994261970941e-01
2.450000 1.611993591622e+00 -9.993002640667e-01
2.460000 1.602000588982e+00 -1.099215415337e+00
2.470000 1.591008434828e+00 -1.199166733988e+00
2.480000 1.579016767488e+00 -1.299146308218e+00
2.490000 1.566025304406e+00 -1.399142929455e+00
2.500000 1.552033875112e+00 -1.499141791324e+00
2.510000 1.537042457198e+00 -1.599124190361e+00
2.520000 1.521051215295e+00 -1.699067229584e+00
2.530000 1.504060542999e+00 -1.798943526290e+00
2.540000 1.486071107736e+00 -1.898720925682e+00
2.550000 1.467083898479e+00 -1.998362222198e+00
2.560000 1.447100276257e+00 -2.097824890708e+00
2.570000 1.426122027350e+00 -2.197060830030e+00
2.580000 1.404151419050e+00 -2.296016121495e+00
2.590000 1.381191257835e+00 -2.394630805600e+00
2.600000 1.357244949779e+00 -2.492838680078e+00
2.610000 1.332316562978e+00 -2.590567122977e+00
2.620000 1.306410891748e+00 -2.687736944618e+00
2.630000 1.279533522302e+00 -2.784262272505e+00
2.640000 1.251690899577e+00 -2.880050473486e+00
2.650000 1.222890394842e+00 -2.975002117577e+00
2.660000 1.193140373666e+00 -3.069010987981e+00
2.670000 1.162450263787e+00 -3.161964141825e+00
2.680000 1.130830622368e+00 -3.253742026109e+00
2.690000 1.098293202107e+00 -3.344218653161e+00
2.700000 1.064851015576e+00 -3.433261839703e+00
2.710000 1.030518397179e+00 -3.520733513189e+00
2.720000 9.953110620468e-01 -3.606490088651e+00
2.730000 9.592461611603e-01 -3.690382918628e+00
2.740000 9.223423319740e-01 -3.772258818022e+00
2.750000 8.846197437937e-01 -3.851960664834e+00
2.760000 8.461001371454e-01 -3.929328076726e+00
2.770000 8.068068563781e-01 -4.004198162209e+00
2.780000 7.667648747560e-01 -4.076406344021e+00
2.790000 7.260008113158e-01 -4.145787250907e+00
2.800000 6.845429388068e-01 -4.212175672620e+00
2.810000 6.424211820806e-01 -4.275407571475e+00
2.820000 5.996671063658e-01 -4.335321142367e+00
2.830000 5.563138949421e-01 -4.391757911681e+00
2.840000 5.123963158253e-01 -4.444563864175e+00
2.850000 4.679506771836e-01 -4.493590585647e+00
2.860000 4.230147713271e-01 -4.538696408089e+00
2.870000 3.776278072462e-01 -4.579747543111e+00
2.880000 3.318303318151e-01 -4.616619188743e+00
2.890000 2.856641399277e-01 -4.649196594346e+00
2.900000 2.391721739842e-01 -4.677376068233e+00
2.910000 1.923984133019e-01 -4.701065912855e+00
2.920000 1.453877541733e-01 -4.720187273009e+00
2.930000 9.818588144325e-02 -4.734674883398e+00
2.940000 5.083913260928e-02 -4.744477703182e+00
2.950000 3.394355577461e-03 -4.749559426730e+00
2.960000 -4.410123868984e-02 -4.749898861636e+00
2.970000 -9.160022730621e-02 -4.745490167184e+00
2.980000 -1.390551289781e-01 -4.736342948764e+00
2.990000 -1.864185584657e-01 -4.722482206155e+00
3.000000 -2.336433805272e-01 -4.703948136103e+00
3.010000 -2.806828618883e-01 -4.680795792127e+00
3.020000 -3.274908198095e-01 -4.653094606906e+00
3.030000 -3.740217658786e-01 -4.620927784896e+00
3.040000 -4.202310437276e-01 -4.584391574929e+00
3.050000 -4.660749594769e-01 -4.543594434364e+00
3.060000 -5.115109038205e-01 -4.498656097950e+00
3.070000 -5.564974648000e-01 -4.449706565732e+00
3.080000 -6.009945304573e-01 -4.396885025241e+00
3.090000 -6.449633807097e-01 -4.340338723699e+00
3.100000 -6.883667679467e-01 -4.280221806134e+00
3.110000 -7.311689860081e-01 -4.216694135124e+00
3.120000 -7.733359273593e-01 -4.149920107363e+00
3.130000 -8.148351284329e-01 -4.080067481504e+00
3.140000 -8.556358032480e-01 -4.007306230652e+00
3.150000 -8.957088655545e-01 -3.931807431707e+00
3.160000 -9.350269398716e-01 -3.853742202322e+00
3.170000 -9.735643618948e-01 -3.773280694801e+00
3.180000 -1.011297168843e+00 -3.690591154678e+00
3.190000 -1.048203080390e+00 -3.605839050166e+00
3.200000 -1.084261470891e+00 -3.519186277117e+00
3.210000 -1.119453333662e+00 -3.430790442649e+00
3.220000 -1.153761238089e+00 -3.340804229172e+00
3.230000 -1.187169280381e+00 -3.249374839295e+00
3.240000 -1.219663028774e+00 -3.156643520868e+00
3.250000 -1.251229463982e+00 -3.062745170441e+00
3.260000 -1.281856915687e+00 -2.967808012490e+00
3.270000 -1.311534995812e+00 -2.871953351063e+00
3.280000 -1.340254529322e+00 -2.775295389872e+00
3.290000 -1.368007483221e+00 -2.677941116426e+00
3.300000 -1.394786894385e+00 -2.579990245469e+00
3.310000 -1.420586796840e+00 -2.481535216785e+00
3.320000 -1.445402149008e+00 -2.382661242338e+00
3.330000 -1.469228761431e+00 -2.283446397724e+00
3.340000 -1.492063225408e+00 -2.183961752980e+00
3.350000 -1.513902842938e+00 -2.084271537966e+00
3.360000 -1.534745558318e+00 -1.984433337740e+00
3.370000 -1.554589891695e+00 -1.884498313598e+00
3.380000 -1.573434874831e+00 -1.784511445738e+00
3.390000 -1.591279989289e+00 -1.684511793834e+00
3.400000 -1.608125107227e+00 -1.584532772122e+00
3.410000 -1.623970434948e+00 -1.484602435925e+00
3.420000 -1.638816459307e+00 -1.384743776906e+00
3.430000 -1.652663897076e+00 -1.284975024646e+00
3.440000 -1.665513647323e+00 -1.185309952471e+00
3.450000 -1.677366746848e+00 -1.085758185755e+00
3.460000 -1.688224328705e+00 -9.863255112336e-01
3.470000 -1.698087583817e+00 -8.870141861053e-01
3.480000 -1.706957725679e+00 -7.878232459879e-01
3.490000 -1.714835958138e+00 -6.887488109964e-01
3.500000 -1.721723446248e+00 -5.897843894427e-01
3.510000 -1.727621290143e+00 -4.909211788420e-01
3.520000 -1.732530501931e+00 -3.921483640794e-01
3.530000 -1.736451985572e+00 -2.934534127427e-01
3.540000 -1.739386519699e+00 -1.948223677581e-01
3.550000 -1.741334743377e+00 -9.624013757263e-02
3.560000 -1.742297144753e+00 2.309215774876e-03
3.570000 -1.742274052595e+00 1.008421902854e-01
3.580000 -1.741265630692e+00 1.993755588635e-01
3.590000 -1.739271875104e+00 2.979260849076e-01
3.600000 -1.736292614254e+00 3.965102380978e-01
3.610000 -1.732327511873e+00 4.951439098477e-01
3.620000 -1.727376072775e+00 5.938421278997e-01
3.630000 -1.721437651496e+00 6.926187695692e-01
3.640000 -1.714511463800e+00 7.914862731929e-01
3.650000 -1.706596601068e+00 8.904553473953e-01
3.660000 -1.697692047594e+00 9.895346778699e-01
3.670000 -1.687796700816e+00 1.088730631473e+00
3.680000 -1.676909394501e+00 1.188046957537e+00
3.690000 -1.665028924926e+00 1.287484486462e+00
3.700000 -1.652154080061e+00 1.387040825781e+00
3.710000 -1.638283671803e+00 1.486710054091e+00
3.720000 -1.623416571262e+00 1.586482413424e+00
3.730000 -1.607551747128e+00 1.686344000859e+00
3.740000 -1.590688307119e+00 1.786276460417e+00
3.750000 -1.572825542515e+00 1.886256676525e+00
3.760000 -1.553962975750e+00 1.986256470640e+00
3.770000 -1.534100411044e+00 2.086242302889e+00
3.780000 -1.513237988015e+00 2.186174980932e+00
3.790000 -1.491376238205e+00 2.286009378541e+00
3.800000 -1.468516144420e+00 2.385694166755e+00
3.810000 -1.444659202752e+00 2.485171560800e+00
3.820000 -1.419807487144e+00 2.584377086314e+00
3.830000 -1.393963716281e+00 2.683239368734e+00
3.840000 -1.367131322594e+00 2.781679950043e+00
3.850000 -1.339314523094e+00 2.879613137373e+00
3.860000 -1.310518391720e+00 2.976945888196e+00
3.870000 -1.280748932838e+00 3.073577737107e+00
3.880000 -1.250013155467e+00 3.169400769309e+00
3.890000 -1.218319147774e+00 3.264299646058e+00
3.900000 -1.185676151313e+00 3.358151687285e+00
3.910000 -1.152094634440e+00 3.450827016583e+00
3.920000 -1.117586364274e+00 3.542188773496e+00
3.930000 -1.082164476540e+00 3.632093397761e+00
3.940000 -1.045843542562e+00 3.720390989692e+00
3.950000 -1.008639632665e+00 3.806925750273e+00
3.960000 -9.705703751622e-01 3.891536503805e+00
3.970000 -9.316550101242e-01 3.974057305000e+00
3.980000 -8.919144370742e-01 4.054318131389e+00
3.990000 -8.513712557603e-01 4.132145660638e+00
4.000000 -8.100497991539e-01 4.207364131060e+00
4.010000 -7.679761578433e-01 4.279796282051e+00
4.020000 -7.251781950228e-01 4.349264369659e+00
4.030000 -6.816855513262e-01 4.415591250759e+00
4.040000 -6.375296388186e-01 4.478601527649e+00
4.050000 -5.927436235421e-01 4.538122743140e+00
4.060000 -5.473623961107e-01 4.593986614587e+00
4.070000 -5.014225299649e-01 4.646030293726e+00
4.080000 -4.549622270276e-01 4.694097637785e+00
4.090000 -4.080212506498e-01 4.738040476135e+00
4.100000 -3.606408458884e-01 4.777719855792e+00
4.110000 -3.128636473305e-01 4.813007248445e+00
4.120000 -2.647335748460e-01 4.843785701384e+00
4.130000 -2.162957178322e-01 4.869950914778e+00
4.140000 -1.675962086844e-01 4.891412228237e+00
4.150000 -1.186820864020e-01 4.908093500483e+00
4.160000 -6.960115139721e-02 4.919933867253e+00
4.170000 -2.040181272468e-02 4.926888364249e+00
4.180000 2.886707091781e-02 4.928928403993e+00
4.190000 7.815635495774e-02 4.926042097803e+00
4.200000 1.274167759358e-01 4.918234416736e+00
4.210000 1.765991201031e-01 4.905527188097e+00
4.220000 2.256543919841e-01 4.887958927065e+00
4.230000 2.745339812548e-01 4.865584505889e+00
4.240000 3.231898263136e-01 4.838474665958e+00
4.250000 3.715745729732e-01 4.806715380834e+00
4.260000 4.196417267816e-01 4.770407080782e+00
4.270000 4.673457975894e-01 4.729663751623e+00
4.280000 5.146424351056e-01 4.684611922602e+00
4.290000 5.614885543316e-01 4.635389559459e+00
4.300000 6.078424499262e-01 4.582144880037e+00
4.310000 6.536638987266e-01 4.525035110389e+00
4.320000 6.989142498305e-01 4.464225199632e+00
4.330000 7.435565018268e-01 4.399886511617e+00
4.340000 7.875553669430e-01 4.332195510973e+00
4.350000 8.308773220527e-01 4.261332460174e+00
4.360000 8.734906466545e-01 4.187480143131e+00
4.370000 9.153654480858e-01 4.110822629375e+00
4.380000 9.564736743795e-01 4.031544091301e+00
4.390000 9.967891152925e-01 3.949827685204e+00
4.400000 1.036287392145e+00 3.865854505035e+00
4.410000 1.074945937195e+00 3.779802615954e+00
4.420000 1.112743963354e+00 3.691846172981e+00
4.430000 1.149662425084e+00 3.602154628276e+00
4.440000 1.185683971367e+00 3.510892028962e+00
4.450000 1.220792891657e+00 3.418216405890e+00
4.460000 1.254975055716e+00 3.324279252396e+00
4.470000 1.288217848240e+00 3.229225090898e+00
4.480000 1.320510099149e+00 3.133191124180e+00
4.490000 1.351842010390e+00 3.036306967363e+00
4.500000 1.382205080064e+00 2.938694455876e+00
4.510000 1.411592024623e+00 2.840467524258e+00
4.520000 1.439996699865e+00 2.741732150259e+00
4.530000 1.467414021368e+00 2.642586358482e+00
4.540000 1.493839884953e+00 2.543120277742e+00
4.550000 1.519271087730e+00 2.443416246328e+00
4.560000 1.543705250193e+00 2.343548959476e+00
4.570000 1.567140739788e+00 2.243585653553e+00
4.580000 1.589576596324e+00 2.143586321718e+00
4.590000 1.611012459541e+00 2.043603956126e+00
4.600000 1.631448499102e+00 1.943684812094e+00
4.610000 1.650885347223e+00 1.843868690015e+00
4.620000 1.669324034123e+00 1.744189231184e+00
4.630000 1.686765926435e+00 1.644674224101e+00
4.640000 1.703212668676e+00 1.545345918199e+00
4.650000 1.718666127858e+00 1.446221342309e+00
4.660000 1.733128341281e+00 1.347312625584e+00
4.670000 1.746601467537e+00 1.248627318891e+00
4.680000 1.759087740726e+00 1.150168715072e+00
4.690000 1.770589427877e+00 1.051936166745e+00
4.700000 1.781108789544e+00 9.539254006115e-01
4.710000 1.790648043550e+00 8.561288275087e-01
4.720000 1.799209331825e+00 7.585358476689e-01
4.730000 1.806794690302e+00 6.611331508767e-01
4.740000 1.813406021811e+00 5.639050114003e-01
4.750000 1.819045071925e+00 4.668335777457e-01
4.760000 1.823713407702e+00 3.698991574354e-01
4.770000 1.827412399277e+00 2.730804971396e-01
4.780000 1.830143204248e+00 1.763550586011e-01
4.790000 1.831906754834e+00 7.969929088999e-02
4.800000 1.832703747743e+00 -1.691110040364e-02
4.810000 1.832534636739e+00 -1.135008863652e-01
4.820000 1.831399627875e+00 -2.100950496252e-01
4.830000 1.829298677379e+00 -3.067185201552e-01
4.840000 1.826231492177e+00 -4.033959112297e-01
4.850000 1.822197533065e+00 -5.001512547896e-01
4.860000 1.817196020517e+00 -5.970077354571e-01
4.870000 1.811225943163e+00 -6.939874224770e-01
4.880000 1.804286068938e+00 -7.911109989047e-01
4.890000 1.796374958949e+00 -8.883974874101e-01
4.900000 1.787490984075e+00 -9.858639721474e-01
4.910000 1.777632344353e+00 -1.083525316221e+00
4.920000 1.766797091191e+00 -1.181393874387e+00
4.930000 1.754983152447e+00 -1.279479200753e+00
4.940000 1.742188360440e+00 -1.377787751376e+00
4.950000 1.728410482926e+00 -1.476322581831e+00
4.960000 1.713647257107e+00 -1.575083039992e+00
4.970000 1.697896426708e+00 -1.674064454484e+00
4.980000 1.681155782163e+00 -1.773257819486e+00
4.990000 1.663423203968e+00 -1.872649476821e+00
5.000000 1.644696709200e+00 -1.972220796531e+00
5.010000 1.624974501234e+00 -2.071947857455e+00
5.020000 1.604255022660e+00 -2.171801129621e+00
5.030000 1.582537011364e+00 -2.271745160627e+00
5.040000 1.559819559757e+00 -2.371738268522e+00
5.050000 1.536102177072e+00 -2.471732244112e+00
5.060000 1.511384854631e+00 -2.571672065947e+00
5.070000 1.485668133972e+00 -2.671495631702e+00
5.080000 1.458953177654e+00 -2.771133510006e+00
5.090000 1.431241842554e+00 -2.870508717202e+00
5.100000 1.402536755382e+00 -2.969536523862e+00
5.110000 1.372841390144e+00 -3.068124296246e+00
5.120000 1.342160147181e+00 -3.166171378193e+00
5.130000 1.310498433399e+00 -3.263569019172e+00
5.140000 1.277862743208e+00 -3.360200354438e+00
5.150000 1.244260739663e+00 -3.455940443306e+00
5.160000 1.209701335230e+00 -3.550656371591e+00
5.170000 1.174194771514e+00 -3.644207424128e+00
5.180000 1.137752697273e+00 -3.736445333059e+00
5.190000 1.100388243942e+00 -3.827214607176e+00
5.200000 1.062116097871e+00 -3.916352947059e+00
5.210000 1.022952568400e+00 -4.003691750019e+00
5.220000 9.829156508999e-01 -4.089056707947e+00
5.230000 9.420250838205e-01 -4.172268500092e+00
5.240000 9.003023988195e-01 -4.253143581481e+00
5.250000 8.577709630047e-01 -4.331495066274e+00
5.260000 8.144560123420e-01 -4.407133703688e+00
5.270000 7.703846753051e-01 -4.479868942388e+00
5.280000 7.255859858812e-01 -4.549510077350e+00
5.290000 6.800908851077e-01 -4.615867471238e+00
5.300000 6.339322103953e-01 -4.678753840358e+00
5.310000 5.871446719918e-01 -4.737985593275e+00
5.320000 5.397648160590e-01 -4.793384208272e+00
5.330000 4.918309739763e-01 -4.844777634084e+00
5.340000 4.433831976354e-01 -4.892001696774e+00
5.350000 3.944631806677e-01 -4.934901494300e+00
5.360000 3.451141657247e-01 -4.973332759398e+00
5.370000 2.953808381307e-01 -5.007163170759e+00
5.380000 2.453092064231e-01 -5.036273592336e+00
5.390000 1.949464704998e-01 -5.060559220924e+00
5.400000 1.443408782906e-01 -5.079930622893e+00
5.410000 9.354157206162e-02 -5.094314642248e+00
5.420000 4.259842563914e-02 -5.103655163902e+00
5.430000 -8.438125999874e-03 -5.107913718246e+00
5.440000 -5.951726318233e-02 -5.107069915659e+00
5.450000 -1.105879623389e-01 -5.101121702523e+00
5.460000 -1.615991793642e-01 -5.090085433465e+00
5.470000 -2.125000336988e-01 -5.073995757893e+00
5.480000 -2.632399912777e-01 -5.052905322284e+00
5.490000 -3.137690445006e-01 -5.026884293068e+00
5.500000 -3.640378874313e-01 -4.996019708191e+00
5.510000 -4.139980845132e-01 -4.960414668472e+00
5.520000 -4.636022311979e-01 -4.920187382576e+00
5.530000 -5.128041050236e-01 -4.875470081786e+00
5.540000 -5.615588058415e-01 -4.826407822620e+00
5.550000 -6.098228840677e-01 -4.773157196795e+00
5.560000 -6.575544560357e-01 -4.715884968956e+00
5.570000 -7.047133057252e-01 -4.654766662982e+00
5.580000 -7.512609723550e-01 -4.589985117659e+00
5.590000 -7.971608235316e-01 -4.521729031929e+00
5.600000 -8.423781138509e-01 -4.450191519030e+00
5.610000 -8.868800290412e-01 -4.375568687487e+00
5.620000 -9.306357159161e-01 -4.298058265350e+00
5.630000 -9.736162985696e-01 -4.217858282204e+00
5.640000 -1.015794881392e+00 -4.135165821503e+00
5.650000 -1.057146539607e+00 -4.050175853641e+00
5.660000 -1.097648298143e+00 -3.963080158076e+00
5.670000 -1.137279099724e+00 -3.874066340696e+00
5.680000 -1.176019763131e+00 -3.783316950589e+00
5.690000 -1.213852932637e+00 -3.691008698443e+00
5.700000 -1.250763019621e+00 -3.597311777092e+00
5.710000 -1.286736137392e+00 -3.502389283068e+00
5.720000 -1.321760030223e+00 -3.406396736712e+00
5.730000 -1.355823997590e+00 -3.309481697133e+00
5.740000 -1.388918814561e+00 -3.211783467400e+00
5.750000 -1.421036649235e+00 -3.113432884528e+00
5.760000 -1.452170978080e+00 -3.014552188256e+00
5.770000 -1.482316499963e+00 -2.915254962226e+00
5.780000 -1.511469049585e+00 -2.815646140913e+00
5.790000 -1.539625510994e+00 -2.715822075591e+00
5.800000 -1.566783731750e+00 -2.615870652646e+00
5.810000 -1.592942438277e+00 -2.515871457691e+00
5.820000 -1.618101152854e+00 -2.415895979201e+00
5.830000 -1.642260112646e+00 -2.316007845666e+00
5.840000 -1.665420191102e+00 -2.216263090643e+00
5.850000 -1.687582822009e+00 -2.116710440493e+00
5.860000 -1.708749926414e+00 -2.017391620016e+00
5.870000 -1.728923842614e+00 -1.918341671645e+00
5.880000 -1.748107259330e+00 -1.819589284314e+00
5.890000 -1.766303152173e+00 -1.721157128546e+00
5.900000 -1.783514723459e+00 -1.623062194770e+00
5.910000 -1.799745345407e+00 -1.525316132264e+00
5.920000 -1.814998506729e+00 -1.427925586528e+00
5.930000 -1.829277762595e+00 -1.330892533278e+00
5.940000 -1.842586687927e+00 -1.234214607574e+00
5.950000 -1.854928834003e+00 -1.137885426935e+00
5.960000 -1.866307688272e+00 -1.041894907575e+00
5.970000 -1.876726637348e+00 -9.462295731682e-01
5.980000 -1.886188933080e+00 -8.508728557750e-01
5.990000 -1.894697661638e+00 -7.558053888004e-01
6.000000 -1.902255715526e+00 -6.610052920161e-01
6.010000 -1.908865768446e+00 -5.664484488656e-01
6.020000 -1.914530252934e+00 -4.721087764087e-01
6.030000 -1.919251340698e+00 -3.779584883867e-01
6.040000 -1.923030925582e+00 -2.839683520018e-01
6.050000 -1.925870609102e+00 -1.901079390903e-01
6.060000 -1.927771688493e+00 -9.634587244851e-02
6.070000 -1.928735147218e+00 -2.650068128642e-03
6.080000 -1.928761647899e+00 9.101202542726e-02
6.090000 -1.927851527645e+00 1.846731905136e-01
6.100000 -1.926004795740e+00 2.783662046206e-01
6.110000 -1.923221133693e+00 3.721236052855e-01
6.120000 -1.919499897641e+00 4.659774543940e-01
6.130000 -1.914840123097e+00 5.599591009962e-01
6.140000 -1.909240532087e+00 6.540989417208e-01
6.150000 -1.902699542669e+00 7.484261779013e-01
6.160000 -1.895215280890e+00 8.429685685687e-01
6.170000 -1.886785595205e+00 9.377521785183e-01
6.180000 -1.877408073420e+00 1.032801120725e+00
6.190000 -1.867080062212e+00 1.128137292460e+00
6.200000 -1.855798689288e+00 1.223780104559e+00
6.210000 -1.843560888242e+00 1.319746203401e+00
6.220000 -1.830363426208e+00 1.416049185291e+00
6.230000 -1.816202934355e+00 1.512699303082e+00
6.240000 -1.801075941324e+00 1.609703165036e+00
6.250000 -1.784978909674e+00 1.707063426147e+00
6.260000 -1.767908275413e+00 1.804778472311e+00
6.270000 -1.749860490689e+00 1.902842098010e+00
6.280000 -1.730832069709e+00 2.001243178438e+00
6.290000 -1.710819637925e+00 2.099965337263e+00
6.300000 -1.689819984552e+00 2.198986611567e+00
6.310000 -1.667830118437e+00 2.298279115839e+00
6.320000 -1.644847327278e+00 2.397808707274e+00
6.330000 -1.620869240206e+00 2.497534655006e+00
6.340000 -1.595893893656e+00 2.597409316365e+00
6.350000 -1.569919800492e+00 2.697377823625e+00
6.360000 -1.542946022256e+00 2.797377785210e+00
6.370000 -1.514972244404e+00 2.897339005744e+00
6.380000 -1.485998854346e+00 2.997183229795e+00
6.390000 -1.456027022048e+00 3.096823914614e+00
6.400000 -1.425058782902e+00 3.196166037553e+00
6.410000 -1.393097122526e+00 3.295105944278e+00
6.420000 -1.360146063084e+00 3.393531244161e+00
6.430000 -1.326210750642e+00 3.491320759566e+00
6.440000 -1.291297543046e+00 3.588344535845e+00
6.450000 -1.255414097688e+00 3.684463918998e+00
6.460000 -1.218569458498e+00 3.779531707857e+00
6.470000 -1.180774141419e+00 3.873392387464e+00
6.480000 -1.142040217545e+00 3.965882449965e+00
6.490000 -1.102381393045e+00 4.056830808772e+00
6.500000 -1.061813084957e+00 4.146059311038e+00
6.510000 -1.020352491847e+00 4.233383352502e+00
6.520000 -9.780186583220e-01 4.318612597626e+00
6.530000 -9.348325323457e-01 4.401551806534e+00
6.540000 -8.908170142804e-01 4.482001768679e+00
6.550000 -8.459969965936e-01 4.559760341352e+00
6.560000 -8.003993931801e-01 4.634623589167e+00
6.570000 -7.540531572884e-01 4.706387018525e+00
6.580000 -7.069892871032e-01 4.774846898823e+00
6.590000 -6.592408181149e-01 4.839801659858e+00
6.600000 -6.108428015164e-01 4.901053352613e+00
6.610000 -5.618322679902e-01 4.958409158329e+00
6.620000 -5.122481764069e-01 5.011682928711e+00
6.630000 -4.621313471198e-01 5.060696738225e+00
6.640000 -4.115243797376e-01 5.105282427834e+00
6.650000 -3.604715554592e-01 5.145283118305e+00
6.660000 -3.090187242762e-01 5.180554670440e+00
6.670000 -2.572131775718e-01 5.210967069231e+00
6.680000 -2.051035068795e-01 5.236405709213e+00
6.690000 -1.527394497874e-01 5.256772559049e+00
6.700000 -1.001717241969e-01 5.271987184756e+00
6.710000 -4.745185234932e-02 5.281987612902e+00
6.720000 5.368023779698e-03 5.286731017566e+00
6.730000 5.823533395536e-02 5.286194217766e+00
6.740000 1.110972761330e-01 5.280373975423e+00
6.750000 1.639010158872e-01 5.269287087540e+00
6.760000 2.165938867626e-01 5.252970270148e+00
6.770000 2.691235894641e-01 5.231479835510e+00
6.780000 3.214383878192e-01 5.204891167970e+00
6.790000 3.734872994989e-01 5.173298007631e+00
6.800000 4.252202795752e-01 5.136811554509e+00
6.810000 4.765883951203e-01 5.095559409013e+00
6.820000 5.275439892105e-01 5.049684367226e+00
6.830000 5.780408328827e-01 4.999343091708e+00
6.840000 6.280342637998e-01 4.944704680111e+00
6.850000 6.774813106009e-01 4.885949154933e+00
6.860000 7.263408021502e-01 4.823265898187e+00
6.870000 7.745734611321e-01 4.756852054595e+00
6.880000 8.221419816781e-01 4.686910926259e+00
6.890000 8.690110909406e-01 4.613650380593e+00
6.900000 9.151475947466e-01 4.537281291735e+00
6.910000 9.605204076639e-01 4.458016033722e+00
6.920000 1.005100568001e+00 4.376067041567e+00
6.930000 1.048861238417e+00 4.291645453990e+00
6.940000 1.091777692957e+00 4.204959849141e+00
6.950000 1.133827291448e+00 4.116215082136e+00
6.960000 1.174989442269e+00 4.025611230852e+00
6.970000 1.215245554578e+00 3.933342654036e+00
6.980000 1.254578981118e+00 3.839597163686e+00
6.990000 1.292974952755e+00 3.744555311610e+00
7.000000 1.330420505871e+00 3.648389788346e+00
7.010000 1.366904403755e+00 3.551264931082e+00
7.020000 1.402417053066e+00 3.453336335933e+00
7.030000 1.436950416425e+00 3.354750568871e+00
7.040000 1.470497922114e+00 3.255644968816e+00
7.050000 1.503054371802e+00 3.156147535794e+00
7.060000 1.534615847160e+00 3.056376896686e+00
7.070000 1.565179616127e+00 2.956442340902e+00
7.080000 1.594744039536e+00 2.856443918270e+00
7.090000 1.623308478718e+00 2.756472591547e+00
7.100000 1.650873204634e+00 2.656610436172e+00
7.110000 1.677439308996e+00 2.556930880203e+00
7.120000 1.703008617798e+00 2.457498977778e+00
7.130000 1.727583607575e+00 2.358371709874e+00
7.140000 1.751167324674e+00 2.259598306644e+00
7.150000 1.773763307741e+00 2.161220586095e+00
7.160000 1.795375513601e+00 2.063273304411e+00
7.170000 1.816008246646e+00 1.965784513726e+00
7.180000 1.835666091783e+00 1.868775923657e+00
7.190000 1.854353851019e+00 1.772263263411e+00
7.200000 1.872076483654e+00 1.676256641719e+00
7.210000 1.888839050071e+00 1.580760902298e+00
7.220000 1.904646659094e+00 1.485775972971e+00
7.230000 1.919504418823e+00 1.391297206900e+00
7.240000 1.933417390892e+00 1.297315714778e+00
7.250000 1.946390548040e+00 1.203818687118e+00
7.260000 1.958428734911e+00 1.110789706046e+00
7.270000 1.969536631972e+00 1.018209046272e+00
7.280000 1.979718722435e+00 9.260539651360e-01
7.290000 1.988979262086e+00 8.342989817971e-01
7.300000 1.997322251904e+00 7.429161458321e-01
7.310000 2.004751413362e+00 6.518752956409e-01
7.320000 2.011270166319e+00 5.611443071881e-01
7.330000 2.016881609390e+00 4.706893337176e-01
7.340000 2.021588502728e+00 3.804750371698e-01
7.350000 2.025393253099e+00 2.904648121072e-01
7.360000 2.028297901220e+00 2.006210030169e-01
7.370000 2.030304111251e+00 1.109051159130e-01
7.380000 2.031413162410e+00 2.127802520000e-02
7.390000 2.031625942662e+00 -6.829982320716e-02
7.400000 2.030942944430e+00 -1.578682114886e-01
7.410000 2.029364262315e+00 -2.474669512159e-01
7.420000 2.026889592803e+00 -3.371356852967e-01
7.430000 2.023518235950e+00 -4.269136895217e-01
7.440000 2.019249099054e+00 -5.168396726753e-01
7.450000 2.014080702328e+00 -6.069515741782e-01
7.460000 2.008011186586e+00 -6.972863582530e-01
7.470000 2.001038323003e+00 -7.878798036267e-01
7.480000 1.993159524967e+00 -8.787662878174e-01
7.490000 1.984371862089e+00 -9.699785650961e-01
7.500000 1.974672076438e+00 -1.061547537266e+00
7.510000 1.964056601065e+00 -1.153502016462e+00
7.520000 1.952521580901e+00 -1.245868479256e+00
7.530000 1.940062896108e+00 -1.338670811430e+00
7.540000 1.926676187994e+00 -1.431930042898e+00
7.550000 1.912356887565e+00 -1.525664072362e+00
7.560000 1.897100246841e+00 -1.619887381452e+00
7.570000 1.880901373027e+00 -1.714610738232e+00
7.580000 1.863755265644e+00 -1.809840890169e+00
7.590000 1.845656856743e+00 -1.905580246843e+00
7.600000 1.826601054274e+00 -2.001826552936e+00
7.610000 1.806582788745e+00 -2.098572552294e+00
7.620000 1.785597063222e+00 -2.195805644138e+00
7.630000 1.763639006781e+00 -2.293507532856e+00
7.640000 1.740703931452e+00 -2.391653873130e+00
7.650000 1.716787392721e+00 -2.490213912567e+00
7.660000 1.691885253595e+00 -2.589150134409e+00
7.670000 1.665993752251e+00 -2.688417903352e+00
7.680000 1.639109573217e+00 -2.787965117965e+00
7.690000 1.611229922038e+00 -2.887731873711e+00
7.700000 1.582352603301e+00 -2.987650141066e+00
7.710000 1.552476101890e+00 -3.087643463764e+00
7.720000 1.521599667252e+00 -3.187626682702e+00
7.730000 1.489723400425e+00 -3.287505691542e+00
7.740000 1.456848343510e+00 -3.387177230541e+00
7.750000 1.422976571204e+00 -3.486528725542e+00
7.760000 1.388111283949e+00 -3.585438179471e+00
7.770000 1.352256902154e+00 -3.683774123952e+00
7.780000 1.315419160915e+00 -3.781395638861e+00
7.790000 1.277605204526e+00 -3.878152447711e+00
7.800000 1.238823680049e+00 -3.973885096664e+00
7.810000 1.199084829082e+00 -4.068425224748e+00
7.820000 1.158400576835e+00 -4.161595932390e+00
7.830000 1.116784617511e+00 -4.253212254739e+00
7.840000 1.074252494964e+00 -4.343081745335e+00
7.850000 1.030821677510e+00 -4.431005174583e+00
7.860000 9.865116257645e-01 -4.516777346063e+00
7.870000 9.413438523039e-01 -4.600188032085e+00
7.880000 8.953419719831e-01 -4.681023027981e+00
7.890000 8.485317417032e-01 -4.759065322527e+00
7.900000 8.009410884780e-01 -4.834096379523e+00
7.910000 7.526001246828e-01 -4.905897523102e+00
7.920000 7.035411494517e-01 -4.974251416703e+00
7.930000 6.537986352847e-01 -5.038943622994e+00
7.940000 6.034091990547e-01 -5.099764229411e+00
7.950000 5.524115567606e-01 -5.156509521414e+00
7.960000 5.008464615465e-01 -5.208983683248e+00
7.970000 4.487566247140e-01 -5.257000503914e+00
7.980000 3.961866196749e-01 -5.300385064364e+00
7.990000 3.431827690312e-01 -5.338975380716e+00
8.000000 2.897930152241e-01 -5.372623977547e+00
8.010000 2.360667754486e-01 -5.401199365256e+00
8.020000 1.820547817961e-01 -5.424587395981e+00
8.030000 1.278089078362e-01 -5.442692473798e+00
8.040000 7.338198309827e-02 -5.455438596766e+00
8.050000 1.882759713061e-02 -5.462770210919e+00
8.060000 -3.580010497858e-02 -5.464652859401e+00
8.070000 -9.044663357260e-02 -5.461073613573e+00
8.080000 -1.450573697083e-01 -5.452041276959e+00
8.090000 -1.995777824779e-01 -5.437586357245e+00
8.100000 -2.539536460504e-01 -5.417760806063e+00
8.110000 -3.081312541110e-01 -5.392637530821e+00
8.120000 -3.620576294192e-01 -5.362309687284e+00
8.130000 -4.156807262920e-01 -5.326889765782e+00
8.140000 -4.689496239499e-01 -5.286508487716e+00
8.150000 -5.218147088270e-01 -5.241313532342e+00
8.160000 -5.742278441504e-01 -5.191468116547e+00
8.170000 -6.261425253159e-01 -5.137149452409e+00
8.180000 -6.775140198400e-01 -5.078547108734e+00
8.190000 -7.282994909273e-01 -5.015861303468e+00
8.200000 -7.784581039620e-01 -4.949301153910e+00
8.210000 -8.279511155011e-01 -4.879082911024e+00
8.220000 -8.767419446114e-01 -4.805428202953e+00
8.230000 -9.247962266409e-01 -4.728562311135e+00
8.240000 -9.720818497522e-01 -4.648712500258e+00
8.250000 -1.018568974755e+00 -4.566106420897e+00
8.260000 -1.064230038964e+00 -4.480970600914e+00
8.270000 -1.109039744973e+00 -4.393529038963e+00
8.280000 -1.152975035363e+00 -4.304001910530e+00
8.290000 -1.196015054468e+00 -4.212604394161e+00
8.300000 -1.238141098409e+00 -4.119545622801e+00
8.310000 -1.279336554637e+00 -4.025027762663e+00
8.320000 -1.319586832264e+00 -3.929245219705e+00
8.330000 -1.358879284461e+00 -3.832383971770e+00
8.340000 -1.397203124179e+00 -3.734621022634e+00
8.350000 -1.434549334405e+00 -3.636123972707e+00
8.360000 -1.470910574132e+00 -3.537050699933e+00
8.370000 -1.506281081132e+00 -3.437549143485e+00
8.380000 -1.540656572566e+00 -3.337757182157e+00
8.390000 -1.574034144388e+00 -3.237802598958e+00
8.400000 -1.606412170378e+00 -3.137803123131e+00
8.410000 -1.637790201609e+00 -3.037866540843e+00
8.420000 -1.668168867017e+00 -2.938090865886e+00
8.430000 -1.697549775676e+00 -2.838564562012e+00
8.440000 -1.725935421296e+00 -2.739366808885e+00
8.450000 -1.753329089385e+00 -2.640567804106e+00
8.460000 -1.779734767426e+00 -2.542229094281e+00
8.470000 -1.805157058369e+00 -2.444403928664e+00
8.480000 -1.829601097656e+00 -2.347137629487e+00
8.490000 -1.853072473951e+00 -2.250467973692e+00
8.500000 -1.875577153687e+00 -2.154425581373e+00
8.510000 -1.897121409501e+00 -2.059034306788e+00
8.520000 -1.917711752569e+00 -1.964311628386e+00
8.530000 -1.937354868853e+00 -1.870269034782e+00
8.540000 -1.956057559201e+00 -1.776912404144e+00
8.550000 -1.973826683242e+00 -1.684242374860e+00
8.560000 -1.990669106991e+00 -1.592254705825e+00
8.570000 -2.006591654049e+00 -1.500940625013e+00
8.580000 -2.021601060299e+00 -1.410287165379e+00
8.590000 -2.035703931953e+00 -1.320277487430e+00
8.600000 -2.048906706827e+00 -1.230891188055e+00
8.610000 -2.061215618708e+00 -1.142104595472e+00
8.620000 -2.072636664663e+00 -1.053891050329e+00
8.630000 -2.083175575166e+00 -9.662211731996e-01
8.640000 -2.092837786898e+00 -8.790631188399e-01
8.650000 -2.101628418086e+00 -7.923828177337e-01
8.660000 -2.109552246264e+00 -7.061442055358e-01
8.670000 -2.116613688319e+00 -6.203094411335e-01
8.680000 -2.122816782730e+00 -5.348391141154e-01
8.690000 -2.128165173871e+00 -4.496924424995e-01
8.700000 -2.132662098296e+00 -3.648274616234e-01
8.710000 -2.136310372913e+00 -2.802012051407e-01
8.720000 -2.139112384964e+00 -1.957698790981e-01
8.730000 -2.141070083755e+00 -1.114890300941e-01
8.740000 -2.142184974056e+00 -2.731370853531e-02
8.750000 -2.142458111141e+00 5.680137197475e-02
8.760000 -2.141890097422e+00 1.409016780765e-01
8.770000 -2.140481080641e+00 2.250327018764e-01
8.780000 -2.138230753622e+00 3.092398069017e-01
8.790000 -2.135138355553e+00 3.935680737403e-01
8.800000 -2.131202674816e+00 4.780621443189e-01
8.810000 -2.126422053372e+00 5.627660637799e-01
8.820000 -2.120794392735e+00 6.477231189280e-01
8.830000 -2.114317161545e+00 7.329756722247e-01
8.840000 -2.106987404823e+00 8.185649903293e-01
8.850000 -2.098801754920e+00 9.045310662034e-01
8.860000 -2.089756444258e+00 9.909124338205e-01
8.870000 -2.079847319920e+00 1.077745974556e+00
8.880000 -2.069069860174e+00 1.165066714369e+00
8.890000 -2.057419193030e+00 1.252907610946e+00
8.900000 -2.044890116921e+00 1.341299330012e+00
8.910000 -2.031477123621e+00 1.430270010115e+00
8.920000 -2.017174423520e+00 1.519845015258e+00
8.930000 -2.001975973367e+00 1.610046674848e+00
8.940000 -1.985875506619e+00 1.700894010561e+00
8.950000 -1.968866566513e+00 1.792402449873e+00
8.960000 -1.950942542014e+00 1.884583526131e+00
8.970000 -1.932096706753e+00 1.977444565274e+00
8.980000 -1.912322261100e+00 2.070988359490e+00
8.990000 -1.891612377505e+00 2.165212828364e+00
9.000000 -1.869960249222e+00 2.260110668342e+00
9.010000 -1.847359142538e+00 2.355668991643e+00
9.020000 -1.823802452622e+00 2.451868956110e+00
9.030000 -1.799283763061e+00 2.548685387857e+00
9.040000 -1.773796909182e+00 2.646086399018e+00
9.050000 -1.747336045192e+00 2.744033003321e+00
9.060000 -1.719895715159e+00 2.842478732746e+00
9.070000 -1.691470927831e+00 2.941369259010e+00
9.080000 -1.662057235241e+00 3.040642024207e+00
9.090000 -1.631650814999e+00 3.140225885476e+00
9.100000 -1.600248556144e+00 3.240040779175e+00
9.110000 -1.567848148353e+00 3.339997410620e+00
9.120000 -1.534448174246e+00 3.439996976032e+00
9.130000 -1.500048204486e+00 3.539930923895e+00
9.140000 -1.464648895247e+00 3.639680763425e+00
9.150000 -1.428252087613e+00 3.739117928330e+00
9.160000 -1.390860908330e+00 3.838103704392e+00
9.170000 -1.352479871286e+00 3.936489229666e+00
9.180000 -1.313114978989e+00 4.034115576210e+00
9.190000 -1.272773823227e+00 4.130813922236e+00
9.200000 -1.231465684004e+00 4.226405823334e+00
9.210000 -1.189201625771e+00 4.320703590964e+00
9.220000 -1.145994589861e+00 4.413510785739e+00
9.230000 -1.101859482004e+00 4.504622832042e+00
9.240000 -1.056813253684e+00 4.593827759307e+00
9.250000 -1.010874976091e+00 4.680907073721e+00
9.260000 -9.640659053534e-01 4.765636762302e+00
9.270000 -9.164095377304e-01 4.847788429162e+00
9.280000 -8.679316534388e-01 4.927130561371e+00
9.290000 -8.186603478251e-01 5.003429919199e+00
9.300000 -7.686260486331e-01 5.076453042678e+00
9.310000 -7.178615182063e-01 5.145967863431e+00
9.320000 -6.664018395720e-01 5.211745407693e+00
9.330000 -6.142843854950e-01 5.273561573408e+00
9.340000 -5.615487697610e-01 5.331198961376e+00
9.350000 -5.082367801472e-01 5.384448737717e+00
9.360000 -4.543922927700e-01 5.433112502555e+00
9.370000 -4.000611677445e-01 5.477004137852e+00
9.380000 -3.452911263660e-01 5.515951605933e+00
9.390000 -2.901316103066e-01 5.549798669412e+00
9.400000 -2.346336236125e-01 5.578406503151e+00
9.410000 -1.788495585810e-01 5.601655169512e+00
9.420000 -1.228330068859e-01 5.619444929578e+00
9.430000 -6.663855759010e-02 5.631697365261e+00
9.440000 -1.032158393749e-02 5.638356290087e+00
9.450000 4.606197896338e-02 5.639388430154e+00
9.460000 1.024558632649e-01 5.634783860918e+00
9.470000 1.588037018741e-01 5.624556190187e+00
9.480000 2.150492637760e-01 5.608742482713e+00
9.490000 2.711366886031e-01 5.587402926954e+00
9.500000 3.270107178726e-01 5.560620249801e+00
9.510000 3.826169203706e-01 5.528498890066e+00
9.520000 4.379019092713e-01 5.491163946270e+00
9.530000 4.928135487340e-01 5.448759918481e+00
9.540000 5.473011479188e-01 5.401449267617e+00
9.550000 6.013156405950e-01 5.349410818560e+00
9.560000 6.548097487806e-01 5.292838035615e+00
9.570000 7.077381291367e-01 5.231937200218e+00
9.580000 7.600575011389e-01 5.166925521374e+00
9.590000 8.117267563527e-01 5.098029209087e+00
9.600000 8.627070484435e-01 5.025481540109e+00
9.610000 9.129618638446e-01 4.949520943729e+00
9.620000 9.624570732819e-01 4.870389133193e+00
9.630000 1.011160964614e+00 4.788329305723e+00
9.640000 1.059044257671e+00 4.703584431197e+00
9.650000 1.106080101983e+00 4.616395646371e+00
9.660000 1.152244058447e+00 4.527000768283e+00
9.670000 1.197514066130e+00 4.435632937190e+00
9.680000 1.241870395501e+00 4.342519396235e+00
9.690000 1.285295589464e+00 4.247880412011e+00
9.700000 1.327774393584e+00 4.151928337379e+00
9.710000 1.369293676958e+00 4.054866815447e+00
9.720000 1.409842345112e+00 3.956890121342e+00
9.730000 1.449411246326e+00 3.858182636590e+00
9.740000 1.487993072692e+00 3.758918449336e+00
9.750000 1.525582257185e+00 3.659261072451e+00
9.760000 1.562174867909e+00 3.559363270643e+00
9.770000 1.597768500616e+00 3.459366987098e+00
9.780000 1.632362170487e+00 3.359403359801e+00
9.790000 1.665956204085e+00 3.259592817602e+00
9.800000 1.698552132261e+00 3.160045246150e+00
9.810000 1.730152584722e+00 3.060860214075e+00
9.820000 1.760761186863e+00 2.962127250210e+00
9.830000 1.790382459365e+00 2.863926163110e+00
9.840000 1.819021720996e+00 2.766327394722e+00
9.850000 1.846684994943e+00 2.669392400690e+00
9.860000 1.873378918950e+00 2.573174050438e+00
9.870000 1.899110659455e+00 2.477717040852e+00
9.880000 1.923887829863e+00 2.383058318057e+00
9.890000 1.947718413044e+00 2.289227502463e+00
9.900000 1.970610688068e+00 2.196247312852e+00
9.910000 1.992573161197e+00 2.104133985926e+00
9.920000 2.013614501056e+00 2.012897688275e+00
9.930000 2.033743477939e+00 1.922542918239e+00
9.940000 2.052968907121e+00 1.833068895656e+00
9.950000 2.071299596078e+00 1.744469937870e+00
9.960000 2.088744295457e+00 1.656735820808e+00
9.970000 2.105311653665e+00 1.569852124262e+00
9.980000 2.121010174907e+00 1.483800560815e+00
9.990000 2.135848180516e+00 1.398559288126e+00
10.000000 2.149833773397e+00 1.314103204527e+00
10.010000 2.162974805442e+00 1.230404228063e+00
10.020000 2.175278847723e+00 1.147431559291e+00
10.030000 2.186753163316e+00 1.065151928294e+00
10.040000 2.197404682599e+00 9.835298264836e-01
10.050000 2.207239980863e+00 9.025277238422e-01
10.060000 2.216265258102e+00 8.221062723723e-01
10.070000 2.224486320826e+00 7.422244965399e-01
10.080000 2.231908565791e+00 6.628399715761e-01
10.090000 2.238536965507e+00 5.839089905235e-01
10.100000 2.244376055412e+00 5.053867209440e-01
10.110000 2.249429922621e+00 4.272273522239e-01
10.120000 2.253702196144e+00 3.493842344231e-01
10.130000 2.257196038488e+00 2.718100096223e-01
10.140000 2.259914138584e+00 1.944567367272e-01
10.150000 2.261858705951e+00 1.172760106863e-01
10.160000 2.263031466058e+00 4.021907708067e-02
10.170000 2.263433656829e+00 -3.676305696136e-02
10.180000 2.263066026259e+00 -1.137195145725e-01
10.190000 2.261928831114e+00 -1.906994427311e-01
10.200000 2.260021836686e+00 -2.677519066768e-01
10.210000 2.257344317620e+00 -3.449257842157e-01
10.220000 2.253895059777e+00 -4.222696589763e-01
10.230000 2.249672363188e+00 -4.998317116769e-01
10.240000 2.244674046071e+00 -5.776596084695e-01
10.250000 2.238897449986e+00 -6.558003854237e-01
10.260000 2.232339446132e+00 -7.343003282173e-01
10.270000 2.224996442850e+00 -8.132048461005e-01
10.280000 2.216864394389e+00 -8.925583392052e-01
10.290000 2.207938810997e+00 -9.724040582753e-01
10.300000 2.198214770414e+00 -1.052783955901e+00
10.310000 2.187686930855e+00 -1.133738528352e+00
10.320000 2.176349545571e+00 -1.215306647122e+00
10.330000 2.164196479100e+00 -1.297525379314e+00
10.340000 2.151221225307e+00 -1.380429796041e+00
10.350000 2.137416927347e+00 -1.464052768027e+00
10.360000 2.122776399666e+00 -1.548424747681e+00
10.370000 2.107292152190e+00 -1.633573536951e+00
10.380000 2.090956416820e+00 -1.719524040347e+00
10.390000 2.073761176417e+00 -1.806298002647e+00
10.400000 2.055698196390e+00 -1.893913730870e+00
10.410000 2.036759059081e+00 -1.982385800276e+00
10.420000 2.016935201079e+00 -2.071724744311e+00
10.430000 1.996217953636e+00 -2.161936728584e+00
10.440000 1.974598586350e+00 -2.253023209231e+00
10.450000 1.952068354257e+00 -2.344980576231e+00
10.460000 1.928618548495e+00 -2.437799782568e+00
10.470000 1.904240550669e+00 -2.531465960458e+00
10.480000 1.878925891065e+00 -2.625958026229e+00
10.490000 1.852666310803e+00 -2.721248275853e+00
10.500000 1.825453828044e+00 -2.817301973617e+00
10.510000 1.797280808308e+00 -2.914076936884e+00
10.520000 1.768140038939e+00 -3.011523120469e+00
10.530000 1.738024807734e+00 -3.109582204724e+00
10.540000 1.706928985687e+00 -3.208187192036e+00
10.550000 1.674847113767e+00 -3.307262017106e+00
10.560000 1.641774493596e+00 -3.406721177010e+00
10.570000 1.607707281826e+00 -3.506469387736e+00
10.580000 1.572642587948e+00 -3.606401274540e+00
10.590000 1.536578575203e+00 -3.706401104106e+00
10.600000 1.499514564162e+00 -3.806342567092e+00
10.610000 1.461451138491e+00 -3.906088620162e+00
10.620000 1.422390252289e+00 -4.005491397059e+00
10.630000 1.382335338319e+00 -4.104392198564e+00
10.640000 1.341291416333e+00 -4.202621571370e+00
10.650000 1.299265200619e+00 -4.299999485865e+00
10.660000 1.256265205761e+00 -4.396335622599e+00
10.670000 1.212301849535e+00 -4.491429776681e+00
10.680000 1.167387551768e+00 -4.585072388650e+00
10.690000 1.121536827881e+00 -4.677045209231e+00
10.700000 1.074766375789e+00 -4.767122104021e+00
10.710000 1.027095154749e+00 -4.855070002407e+00
10.720000 9.785444547247e-01 -4.940649992929e+00
10.730000 9.291379547954e-01 -5.023618564878e+00
10.740000 8.789017691466e-01 -5.103728993196e+00
10.750000 8.278644792147e-01 -5.180732860716e+00
10.760000 7.760571506075e-01 -5.254381708550e+00
10.770000 7.235133335220e-01 -5.324428802035e+00
10.780000 6.702690455017e-01 -5.390630996160e+00
10.790000 6.163627355401e-01 -5.452750680985e+00
10.800000 5.618352287302e-01 -5.510557784228e+00
10.810000 5.067296508879e-01 -5.563831805171e+00
10.820000 4.510913328362e-01 -5.612363851389e+00
10.830000 3.949676943223e-01 -5.655958647627e+00
10.840000 3.384081078461e-01 -5.694436484685e+00
10.850000 2.814637429992e-01 -5.727635075332e+00
10.860000 2.241873922459e-01 -5.755411284350e+00
10.870000 1.666332794024e-01 -5.777642700680e+00
10.880000 1.088568523956e-01 -5.794229021478e+00
10.890000 5.091456218083e-02 -5.805093220560e+00
10.900000 -7.136370024779e-03 -5.810182477306e+00
10.910000 -6.523819479784e-02 -5.809468846361e+00
10.920000 -1.233328832615e-01 -5.802949653483e+00
10.930000 -1.813623797963e-01 -5.790647608327e+00
10.940000 -2.392688558796e-01 -5.772610630764e+00
10.950000 -2.969949621872e-01 -5.748911393273e+00
10.960000 -3.544840761199e-01 -5.719646587833e+00
10.970000 -4.116805419983e-01 -5.684935931355e+00
10.980000 -4.685299013118e-01 -5.644920928911e+00
10.990000 -5.249791106009e-01 -5.599763418602e+00
11.000000 -5.809767447869e-01 -5.549643925755e+00
11.010000 -6.364731840445e-01 -5.494759857177e+00
11.020000 -6.914207826163e-01 -5.435323568275e+00
11.030000 -7.457740182990e-01 -5.371560337043e+00
11.040000 -7.994896216694e-01 -5.303706279163e+00
11.050000 -8.525266844611e-01 -5.232006237815e+00
11.060000 -9.048467468392e-01 -5.156711680376e+00
11.070000 -9.564138636430e-01 -5.078078632031e+00
11.080000 -1.007194649963e+00 -4.996365673602e+00
11.090000 -1.057158306699e+00 -4.911832027722e+00
11.100000 -1.106276626977e+00 -4.824735753975e+00
11.110000 -1.154523984516e+00 -4.735332069970e+00
11.120000 -1.201877305216e+00 -4.643871811538e+00
11.130000 -1.248316023331e+00 -4.550600041609e+00
11.140000 -1.293822023747e+00 -4.455754813754e+00
11.150000 -1.338379571885e+00 -4.359566093121e+00
11.160000 -1.381975232816e+00 -4.262254834492e+00
11.170000 -1.424597781161e+00 -4.164032214537e+00
11.180000 -1.466238103306e+00 -4.065099013094e+00
11.190000 -1.506889093437e+00 -3.965645136390e+00
11.200000 -1.546545544801e+00 -3.865849273622e+00
11.210000 -1.585204037538e+00 -3.765878677203e+00
11.220000 -1.622862824310e+00 -3.665889056130e+00
11.230000 -1.659521714871e+00 -3.566024571519e+00
11.240000 -1.695181960586e+00 -3.466417923097e+00
11.250000 -1.729846139817e+00 -3.367190515505e+00
11.260000 -1.763518044972e+00 -3.268452693528e+00
11.270000 -1.796202571907e+00 -3.170304035743e+00
11.280000 -1.827905612265e+00 -3.072833696667e+00
11.290000 -1.858633949231e+00 -2.976120788077e+00
11.300000 -1.888395157112e+00 -2.880234790937e+00
11.310000 -1.917197505022e+00 -2.785235990079e+00
11.320000 -1.945049864922e+00 -2.691175924566e+00
11.330000 -1.971961624168e+00 -2.598097847453e+00
11.340000 -1.997942602643e+00 -2.506037189396e+00
11.350000 -2.023002974537e+00 -2.415022021281e+00
11.360000 -2.047153194749e+00 -2.325073511767e+00
11.370000 -2.070403929867e+00 -2.236206376237e+00
11.380000 -2.092765993629e+00 -2.148429314294e+00
11.390000 -2.114250286772e+00 -2.061745433435e+00
11.400000 -2.134867741107e+00 -1.976152657075e+00
11.410000 -2.154629267677e+00 -1.891644115506e+00
11.420000 -2.173545708833e+00 -1.808208518777e+00
11.430000 -2.191627794020e+00 -1.725830510817e+00
11.440000 -2.208886099128e+00 -1.644491004448e+00
11.450000 -2.225331009173e+00 -1.564167497145e+00
11.460000 -2.240972684144e+00 -1.484834367668e+00
11.470000 -2.255821027821e+00 -1.406463153843e+00
11.480000 -2.269885659359e+00 -1.329022811925e+00
11.490000 -2.283175887479e+00 -1.252479958112e+00
11.500000 -2.295700687060e+00 -1.176799092872e+00
11.510000 -2.307468677989e+00 -1.101942808808e+00
11.520000 -2.318488106077e+00 -1.027871982875e+00
11.530000 -2.328766825905e+00 -9.545459537736e-01
11.540000 -2.338312285443e+00 -8.819226854023e-01
11.550000 -2.347131512297e+00 -8.099589172390e-01
11.560000 -2.355231101470e+00 -7.386103025622e-01
11.570000 -2.362617204495e+00 -6.678315353981e-01
11.580000 -2.369295519849e+00 -5.975764670880e-01
11.590000 -2.375271284520e+00 -5.277982133572e-01
11.600000 -2.380549266654e+00 -4.584492527541e-01
11.610000 -2.385133759181e+00 -3.894815173143e-01
11.620000 -2.389028574354e+00 -3.208464762855e-01
11.630000 -2.392237039117e+00 -2.524952137368e-01
11.640000 -2.394761991255e+00 -1.843785008549e-01
11.650000 -2.396605776263e+00 -1.164468637161e-01
11.660000 -2.397770244900e+00 -4.865064730817e-02
11.670000 -2.398256751373e+00 1.905992343689e-02
11.680000 -2.398066152139e+00 8.673468485133e-02
11.690000 -2.397198805290e+00 1.544234772398e-01
11.700000 -2.395654570518e+00 2.221760883549e-01
11.710000 -2.393432809634e+00 2.900421969113e-01
11.720000 -2.390532387665e+00 3.580713154128e-01
11.730000 -2.386951674511e+00 4.263127315644e-01
11.740000 -2.382688547196e+00 4.948154475421e-01
11.750000 -2.377740392720e+00 5.636281163850e-01
11.760000 -2.372104111556e+00 6.327989747694e-01
11.770000 -2.365776121809e+00 7.023757714156e-01
11.780000 -2.358752364094e+00 7.724056903658e-01
11.790000 -2.351028307191e+00 8.429352683636e-01
11.800000 -2.342598954507e+00 9.140103055483e-01
11.810000 -2.333458851452e+00 9.856757686688e-01
11.820000 -2.323602093765e+00 1.057975686007e+00
11.830000 -2.313022336905e+00 1.130953033189e+00
11.840000 -2.301712806573e+00 1.204649609055e+00
11.850000 -2.289666310482e+00 1.279105900749e+00
11.860000 -2.276875251475e+00 1.354360937191e+00
11.870000 -2.263331642103e+00 1.430452130083e+00
11.880000 -2.249027120802e+00 1.507415101637e+00
11.890000 -2.233952969786e+00 1.585283498200e+00
11.900000 -2.218100134804e+00 1.664088788980e+00
11.910000 -2.201459246914e+00 1.743860049157e+00
11.920000 -2.184020646423e+00 1.824623726645e+00
11.930000 -2.165774409156e+00 1.906403391907e+00
11.940000 -2.146710375237e+00 1.989219470274e+00
11.950000 -2.126818180534e+00 2.073088956332e+00
11.960000 -2.106087290971e+00 2.158025110098e+00
11.970000 -2.084507039870e+00 2.244037134836e+00
11.980000 -2.062066668522e+00 2.331129836590e+00
11.990000 -2.038755370156e+00 2.419303265702e+00
12.000000 -2.014562337499e+00 2.508552340893e+00
12.010000 -1.989476814090e+00 2.598866456740e+00
12.020000 -1.963488149522e+00 2.690229075776e+00
12.030000 -1.936585858765e+00 2.782617306813e+00
12.040000 -1.908759685696e+00 2.876001471530e+00
12.050000 -1.879999670981e+00 2.970344661864e+00
12.060000 -1.850296224363e+00 3.065602291304e+00
12.070000 -1.819640201449e+00 3.161721643729e+00
12.080000 -1.788022985012e+00 3.258641424139e+00
12.090000 -1.755436570771e+00 3.356291316226e+00
12.100000 -1.721873657609e+00 3.454591552515e+00
12.110000 -1.687327742083e+00 3.553452503501e+00
12.120000 -1.651793217048e+00 3.652774292969e+00
12.130000 -1.615265474119e+00 3.752446447452e+00
12.140000 -1.577741009644e+00 3.852347588492e+00
12.150000 -1.539217533759e+00 3.952345177070e+00
12.160000 -1.499694081989e+00 4.052295320205e+00
12.170000 -1.459171128786e+00 4.152042650220e+00
12.180000 -1.417650702284e+00 4.251420287610e+00
12.190000 -1.375136499408e+00 4.350249898665e+00
12.200000 -1.331634000422e+00 4.448341859018e+00
12.210000 -1.287150581831e+00 4.545495534144e+00
12.220000 -1.241695626490e+00 4.641499687286e+00
12.230000 -1.195280629617e+00 4.736133024559e+00
12.240000 -1.147919299371e+00 4.829164885807e+00
12.250000 -1.099627650513e+00 4.920356088305e+00
12.260000 -1.050424089630e+00 5.009459928505e+00
12.270000 -1.000329490345e+00 5.096223344736e+00
12.280000 -9.493672568979e-01 5.180388241088e+00
12.290000 -8.975633744871e-01 5.261692969690e+00
12.300000 -8.449464447902e-01 5.339873965196e+00
12.310000 -7.915477051382e-01 5.414667521679e+00
12.320000 -7.374010299214e-01 5.485811698300e+00
12.330000 -6.825429129384e-01 5.553048336181e+00
12.340000 -6.270124295766e-01 5.616125165041e+00
12.350000 -5.708511779262e-01 5.674797974363e+00
12.360000 -5.141031981826e-01 5.728832820433e+00
12.370000 -4.568148699782e-01 5.778008237531e+00
12.380000 -3.990347876029e-01 5.822117419145e+00
12.390000 -3.408136134115e-01 5.860970333301e+00
12.400000 -2.822039100785e-01 5.894395735253e+00
12.410000 -2.232599527259e-01 5.922243040799e+00
12.420000 -1.640375223179e-01 5.944384024539e+00
12.430000 -1.045936820726e-01 5.960714309479e+00
12.440000 -4.498653897776e-02 5.971154617483e+00
12.450000 1.472500719706e-02 5.975651754146e+00
12.460000 7.448152473853e-02 5.974179306639e+00
12.470000 1.342233178049e-01 5.966738038690e+00
12.480000 1.938906981918e-01 5.953355973183e+00
12.490000 2.534242579236e-01 5.934088159382e+00
12.500000 3.127651395175e-01 5.909016128548e+00
12.510000 3.718553008029e-01 5.878247048344e+00
12.520000 4.306377712864e-01 5.841912592716e+00
12.530000 4.890568972135e-01 5.800167549730e+00
12.540000 5.470585727108e-01 5.753188194888e+00
12.550000 6.045904546597e-01 5.701170461637e+00
12.560000 6.616021592761e-01 5.644327943970e+00
12.570000 7.180454387158e-01 5.582889768179e+00
12.580000 7.738743363976e-01 5.517098371878e+00
12.590000 8.290453201164e-01 5.447207228433e+00
12.600000 8.835173924007e-01 5.373478553972e+00
12.610000 9.372521779404e-01 5.296181032265e+00
12.620000 9.902139882631e-01 5.215587590150e+00
12.630000 1.042369864165e+00 5.131973252885e+00
12.640000 1.093689596693e+00 5.045613105122e+00
12.650000 1.144145727745e+00 4.956780379104e+00
12.660000 1.193713531536e+00 4.865744687512e+00
12.670000 1.242370978411e+00 4.772770414163e+00
12.680000 1.290098682552e+00 4.678115271630e+00
12.690000 1.336879835269e+00 4.582029030978e+00
12.700000 1.382700125578e+00 4.484752425201e+00
12.710000 1.427547649830e+00 4.386516224738e+00
12.720000 1.471412812078e+00 4.287540480619e+00
12.730000 1.514288216884e+00 4.188033928417e+00
12.740000 1.556168556168e+00 4.088193544261e+00
12.750000 1.597050491611e+00 3.988204242654e+00
12.760000 1.636932534037e+00 3.888238704733e+00
12.770000 1.675814921085e+00 3.788457324923e+00
12.780000 1.713699494334e+00 3.689008263547e+00
12.790000 1.750589576969e+00 3.590027592869e+00
12.800000 1.786489852898e+00 3.491639524260e+00
12.810000 1.821406248141e+00 3.393956704534e+00
12.820000 1.855345815186e+00 3.297080570079e+00
12.830000 1.888316620887e+00 3.201101748083e+00
12.840000 1.920327638368e+00 3.106100494939e+00
12.850000 1.951388643317e+00 3.012147162749e+00
12.860000 1.981510114945e+00 2.919302685712e+00
12.870000 2.010703141802e+00 2.827619079053e+00
12.880000 2.038979332592e+00 2.737139944007e+00
12.890000 2.066350732032e+00 2.647900973232e+00
12.900000 2.092829741765e+00 2.559930451774e+00
12.910000 2.118429046282e+00 2.473249749499e+00
12.920000 2.143161543777e+00 2.387873801558e+00
12.930000 2.167040281793e+00 2.303811574101e+00
12.940000 2.190078397534e+00 2.221066513041e+00
12.950000 2.212289062664e+00 2.139636974139e+00
12.960000 2.233685432406e+00 2.059516633187e+00
12.970000 2.254280598738e+00 1.980694875424e+00
12.980000 2.274087547492e+00 1.903157163687e+00
12.990000 2.293119119129e+00 1.826885385078e+00
13.000000 2.311387972979e+00 1.751858176205e+00
13.010000 2.328906554742e+00 1.678051227242e+00
13.020000 2.345687067014e+00 1.605437565224e+00
13.030000 2.361741442666e+00 1.533987817162e+00
13.040000 2.377081320838e+00 1.463670453638e+00
13.050000 2.391718025374e+00 1.394452013642e+00
13.060000 2.405662545511e+00 1.326297311489e+00
13.070000 2.418925518625e+00 1.259169626664e+00
13.080000 2.431517214892e+00 1.193030877500e+00
13.090000 2.443447523667e+00 1.127841779600e+00
13.100000 2.454725941463e+00 1.063561989906e+00
13.110000 2.465361561362e+00 1.000150237327e+00
13.120000 2.475363063735e+00 9.375644408069e-01
13.130000 2.484738708144e+00 8.757618157153e-01
13.140000 2.493496326301e+00 8.146989693945e-01
13.150000 2.501643315995e+00 7.543319866885e-01
13.160000 2.509186635862e+00 6.946165062389e-01
13.170000 2.516132800924e+00 6.355077883068e-01
13.180000 2.522487878807e+00 5.769607748452e-01
13.190000 2.528257486555e+00 5.189301425165e-01
13.200000 2.533446787981e+00 4.613703493180e-01
13.210000 2.538060491474e+00 4.042356754492e-01
13.220000 2.542102848228e+00 3.474802590251e-01
13.230000 2.545577650819e+00 2.910581272131e-01
13.240000 2.548488232091e+00 2.349232233482e-01
13.250000 2.550837464324e+00 1.790294305548e-01
13.260000 2.552627758630e+00 1.233305923863e-01
13.270000 2.553861064554e+00 6.778053097354e-02
13.280000 2.554538869863e+00 1.233306315824e-02
13.290000 2.554662200495e+00 -4.305798492630e-02
13.300000 2.554231620646e+00 -9.843876437437e-02
13.310000 2.553247233002e+00 -1.538553906835e-01
13.320000 2.551708679095e+00 -2.093539311479e-01
13.330000 2.549615139784e+00 -2.649803920335e-01
13.340000 2.546965335863e+00 -3.207807051001e-01
13.350000 2.543757528812e+00 -3.768007130316e-01
13.360000 2.539989521682e+00 -4.330861533334e-01
13.370000 2.535658660149e+00 -4.896826402447e-01
13.380000 2.530761833746e+00 -5.466356442081e-01
13.390000 2.525295477304e+00 -6.039904684227e-01
13.400000 2.519255572620e+00 -6.617922219947e-01
13.410000 2.512637650400e+00 -7.200857891814e-01
13.420000 2.505436792508e+00 -7.789157942063e-01
13.430000 2.497647634566e+00 -8.383265611007e-01
13.440000 2.489264368955e+00 -8.983620680063e-01
13.450000 2.480280748275e+00 -9.590658953471e-01
13.460000 2.470690089321e+00 -1.020481167254e+00
13.470000 2.460485277649e+00 -1.082650485597e+00
13.480000 2.449658772793e+00 -1.145615855960e+00
13.490000 2.438202614233e+00 -1.209418604846e+00
13.500000 2.426108428185e+00 -1.274099287406e+00
13.510000 2.413367435311e+00 -1.339697584921e+00
13.520000 2.399970459462e+00 -1.406252191273e+00
13.530000 2.385907937549e+00 -1.473800687599e+00
13.540000 2.371169930673e+00 -1.542379404317e+00
13.550000 2.355746136630e+00 -1.612023269689e+00
13.560000 2.339625903933e+00 -1.682765644083e+00
13.570000 2.322798247492e+00 -1.754638139113e+00
13.580000 2.305251866101e+00 -1.827670420798e+00
13.590000 2.286975161893e+00 -1.901889995976e+00
13.600000 2.267956261933e+00 -1.977321981167e+00
13.610000 2.248183042121e+00 -2.053988853192e+00
13.620000 2.227643153590e+00 -2.131910180885e+00
13.630000 2.206324051781e+00 -2.211102337353e+00
13.640000 2.184213028407e+00 -2.291578192332e+00
13.650000 2.161297246484e+00 -2.373346784358e+00
13.660000 2.137563778640e+00 -2.456412972625e+00
13.670000 2.112999648914e+00 -2.540777068629e+00
13.680000 2.087591878228e+00 -2.626434447944e+00
13.690000 2.061327533748e+00 -2.713375142765e+00
13.700000 2.034193782321e+00 -2.801583416204e+00
13.710000 2.006177948159e+00 -2.891037319709e+00
13.720000 1.977267574961e+00 -2.981708235414e+00
13.730000 1.947450492607e+00 -3.073560405741e+00
13.740000 1.916714888550e+00 -3.166550453104e+00
13.750000 1.885049384019e+00 -3.260626893214e+00
13.760000 1.852443115087e+00 -3.355729646097e+00
13.770000 1.818885818626e+00 -3.451789549710e+00
13.780000 1.784367923129e+00 -3.548727881752e+00
13.790000 1.748880644311e+00 -3.646455896119e+00
13.800000 1.712416085350e+00 -3.744874381231e+00
13.810000 1.674967341538e+00 -3.843873248350e+00
13.820000 1.636528609054e+00 -3.943331158812e+00
13.830000 1.597095297466e+00 -4.043115199940e+00
13.840000 1.556664145467e+00 -4.143080620141e+00
13.850000 1.515233339265e+00 -4.243070634379e+00
13.860000 1.472802632921e+00 -4.342916311809e+00
13.870000 1.429373469803e+00 -4.442436557705e+00
13.880000 1.384949104226e+00 -4.541438202108e+00
13.890000 1.339534722205e+00 -4.639716207530e+00
13.900000 1.293137560130e+00 -4.737054007803e+00
13.910000 1.245767020052e+00 -4.833223989485e+00
13.920000 1.197434780157e+00 -4.927988126296e+00
13.930000 1.148154898894e+00 -5.021098775608e+00
13.940000 1.097943911138e+00 -5.112299644243e+00
13.950000 1.046820914696e+00 -5.201326928543e+00
13.960000 9.948076454101e-01 -5.287910630954e+00
13.970000 9.419285391006e-01 -5.371776052256e+00
13.980000 8.882107785780e-01 -5.452645454977e+00
13.990000 8.336843240283e-01 -5.530239889659e+00
14.000000 7.783819251317e-01 -5.604281171463e+00
14.010000 7.223391134170e-01 -5.674493990235e+00
14.020000 6.655941735147e-01 -5.740608132769e+00
14.030000 6.081880921870e-01 -5.802360791658e+00
14.040000 5.501644842704e-01 -5.859498931048e+00
14.050000 4.915694949599e-01 -5.911781675922e+00
14.060000 4.324516782007e-01 -5.958982688414e+00
14.070000 3.728618513166e-01 -6.000892492301e+00
14.080000 3.128529263936e-01 -6.037320705272e+00
14.090000 2.524797193409e-01 -6.068098138159e+00
14.100000 1.917987379593e-01 -6.093078720861e+00
14.110000 1.308679507506e-01 -6.112141216541e+00
14.120000 6.974653858524e-02 -6.125190688598e+00
14.130000 8.494631699259e-03 -6.132159689039e+00
14.140000 -5.282696519113e-02 -6.133009141992e+00
14.150000 -1.141570566111e-01 -6.127728902190e+00
14.160000 -1.754343456330e-01 -6.116337974974e+00
14.170000 -2.365977253827e-01 -6.098884391692e+00
14.180000 -2.975865692996e-01 -6.075444741841e+00
14.190000 -3.583410167180e-01 -6.046123370857e+00
14.200000 -4.188022504266e-01 -6.011051259654e+00
14.210000 -4.789127630231e-01 -5.970384608759e+00
14.220000 -5.386166091107e-01 -5.924303155847e+00
14.230000 -5.978596406692e-01 -5.873008260478e+00
14.240000 -6.565897232740e-01 -5.816720793817e+00
14.250000 -7.147569312121e-01 -5.755678873837e+00
14.260000 -7.723137199505e-01 -5.690135488064e+00
14.270000 -8.292150748312e-01 -5.620356046256e+00
14.280000 -8.854186352937e-01 -5.546615904569e+00
14.290000 -9.408847943394e-01 -5.469197900905e+00
14.300000 -9.955767733484e-01 -5.388389938371e+00
14.310000 -1.049460672732e+00 -5.304482650231e+00
14.320000 -1.102505499234e+00 -5.217767175650e+00
14.330000 -1.154683170991e+00 -5.128533071018e+00
14.340000 -1.205968501701e+00 -5.037066376977e+00
14.350000 -1.256339165471e+00 -4.943647856474e+00
14.360000 -1.305775644036e+00 -4.848551414556e+00
14.370000 -1.354261158181e+00 -4.752042706189e+00
14.380000 -1.401781585243e+00 -4.654377934307e+00
14.390000 -1.448325364586e+00 -4.555802836622e+00
14.400000 -1.493883392952e+00 -4.456551856527e+00
14.410000 -1.538448911518e+00 -4.356847490716e+00
14.420000 -1.582017386425e+00 -4.256899803918e+00
14.430000 -1.624586384464e+00 -4.156906099461e+00
14.440000 -1.666155445459e+00 -4.057050733098e+00
14.450000 -1.706725952790e+00 -3.957505056739e+00
14.460000 -1.746301003357e+00 -3.858427478299e+00
14.470000 -1.784885278140e+00 -3.759963623779e+00
14.480000 -1.822484914378e+00 -3.662246587917e+00
14.490000 -1.859107380257e+00 -3.565397260186e+00
14.500000 -1.894761352859e+00 -3.469524713527e+00
14.510000 -1.929456599994e+00 -3.374726644019e+00
14.520000 -1.963203866434e+00 -3.281089850533e+00
14.530000 -1.996014764940e+00 -3.188690744376e+00
14.540000 -2.027901672383e+00 -3.097595879913e+00
14.550000 -2.058877631182e+00 -3.007862498107e+00
14.560000 -2.088956256164e+00 -2.919539075930e+00
14.570000 -2.118151646923e+00 -2.832665875474e+00
14.580000 -2.146478305678e+00 -2.747275487532e+00
14.590000 -2.173951060553e+00 -2.663393365186e+00
14.600000 -2.200584994205e+00 -2.581038343768e+00
14.610000 -2.226395377642e+00 -2.500223144193e+00
14.620000 -2.251397609084e+00 -2.420954857346e+00
14.630000 -2.275607157658e+00 -2.343235407736e+00
14.640000 -2.299039511735e+00 -2.267061995122e+00
14.650000 -2.321710131686e+00 -2.192427513282e+00
14.660000 -2.343634406819e+00 -2.119320945418e+00
14.670000 -2.364827616273e+00 -2.047727736071e+00
14.680000 -2.385304893634e+00 -1.977630139617e+00
14.690000 -2.405081195030e+00 -1.909007545705e+00
14.700000 -2.424171270487e+00 -1.841836782138e+00
14.710000 -2.442589638309e+00 -1.776092395843e+00
14.720000 -2.460350562267e+00 -1.711746912721e+00
14.730000 -2.477468031394e+00 -1.648771077216e+00
14.740000 -2.493955742166e+00 -1.587134072525e+00
14.750000 -2.509827082892e+00 -1.526803722403e+00
14.760000 -2.525095120116e+00 -1.467746675539e+00
14.770000 -2.539772586871e+00 -1.409928573493e+00
14.780000 -2.553871872606e+00 -1.353314203171e+00
14.790000 -2.567405014638e+00 -1.297867634806e+00
14.800000 -2.580383690986e+00 -1.243552346388e+00
14.810000 -2.592819214450e+00 -1.190331335465e+00
14.820000 -2.604722527804e+00 -1.138167219185e+00
14.830000 -2.616104199996e+00 -1.087022323437e+00
14.840000 -2.626974423231e+00 -1.036858761891e+00
14.850000 -2.637343010850e+00 -9.876385057100e-01
14.860000 -2.647219395907e+00 -9.393234446436e-01
14.870000 -2.656612630353e+00 -8.918754402054e-01
14.880000 -2.665531384755e+00 -8.452563715640e-01
14.890000 -2.673983948471e+00 -7.994281747537e-01
14.900000 -2.681978230218e+00 -7.543528757676e-01
14.910000 -2.689521758976e+00 -7.099926180604e-01
14.920000 -2.696621685157e+00 -6.663096849469e-01
14.930000 -2.703284782006e+00 -6.232665173551e-01
14.940000 -2.709517447180e+00 -5.808257273549e-01
14.950000 -2.715325704453e+00 -5.389501078546e-01
14.960000 -2.720715205532e+00 -4.976026388296e-01
14.970000 -2.725691231920e+00 -4.567464904192e-01
14.980000 -2.730258696824e+00 -4.163450232045e-01
14.990000 -2.734422147056e+00 -3.763617859547e-01
15.000000 -2.738185764916e+00 -3.367605111115e-01
15.010000 -2.741553370027e+00 -2.975051082574e-01
15.020000 -2.744528421109e+00 -2.585596558008e-01
15.030000 -2.747114017667e+00 -2.198883910910e-01
15.040000 -2.749312901578e+00 -1.814556991632e-01
15.050000 -2.751127458570e+00 -1.432261003016e-01
15.060000 -2.752559719573e+00 -1.051642365957e-01
15.070000 -2.753611361939e+00 -6.723485765634e-02
15.080000 -2.754283710516e+00 -2.940280564820e-02
15.090000 -2.754577738572e+00 8.367000209304e-03
15.100000 -2.754494068570e+00 4.610957952947e-02
15.110000 -2.754032972775e+00 8.385990689298e-02
15.120000 -2.753194373706e+00 1.216529280930e-01
15.130000 -2.751977844425e+00 1.595235763552e-01
15.140000 -2.750382608661e+00 1.975067883986e-01
15.150000 -2.748407540777e+00 2.356375202016e-01
15.160000 -2.746051165575e+00 2.739507623361e-01
15.170000 -2.743311657952e+00 3.124815547308e-01
15.180000 -2.740186842405e+00 3.512650007169e-01
15.190000 -2.736674192397e+00 3.903362802094e-01
15.200000 -2.732770829595e+00 4.297306618642e-01
15.210000 -2.728473522977e+00 4.694835140474e-01
15.220000 -2.723778687836e+00 5.096303144426e-01
15.230000 -2.718682384692e+00 5.502066581090e-01
15.240000 -2.713180318111e+00 5.912482637947e-01
15.250000 -2.707267835473e+00 6.327909782912e-01
15.260000 -2.700939925690e+00 6.748707786048e-01
15.270000 -2.694191217904e+00 7.175237716989e-01
15.280000 -2.687015980187e+00 7.607861915467e-01
15.290000 -2.679408118271e+00 8.046943932123e-01
15.300000 -2.671361174339e+00 8.492848436557e-01
15.310000 -2.662868325903e+00 8.945941089360e-01
15.320000 -2.653922384813e+00 9.406588374608e-01
15.330000 -2.644515796439e+00 9.875157389033e-01
15.340000 -2.634640639050e+00 1.035201558381e+00
15.350000 -2.624288623466e+00 1.083753045461e+00
15.360000 -2.613451093011e+00 1.133206917520e+00
15.370000 -2.602119023836e+00 1.183599816965e+00
15.380000 -2.590283025666e+00 1.234968261777e+00
15.390000 -2.577933343049e+00 1.287348588806e+00
15.400000 -2.565059857161e+00 1.340776889219e+00
15.410000 -2.551652088268e+00 1.395288935447e+00
15.420000 -2.537699198914e+00 1.450920098971e+00
15.430000 -2.523189997924e+00 1.507705258210e+00
15.440000 -2.508112945342e+00 1.565678695779e+00
15.450000 -2.492456158384e+00 1.624873984325e+00
15.460000 -2.476207418541e+00 1.685323860127e+00
15.470000 -2.459354179940e+00 1.747060083613e+00
15.480000 -2.441883579104e+00 1.810113285937e+00
15.490000 -2.423782446244e+00 1.874512800724e+00
15.500000 -2.405037318237e+00 1.940286480093e+00
15.510000 -2.385634453436e+00 2.007460494060e+00
15.520000 -2.365559848495e+00 2.076059112446e+00
15.530000 -2.344799257371e+00 2.146104468417e+00
15.540000 -2.323338212687e+00 2.217616302849e+00
15.550000 -2.301162049658e+00 2.290611688750e+00
15.560000 -2.278255932771e+00 2.365104735054e+00
15.570000 -2.254604885420e+00 2.441106269229e+00
15.580000 -2.230193822728e+00 2.518623498235e+00
15.590000 -2.205007587746e+00 2.597659647583e+00
15.600000 -2.179030991270e+00 2.678213578410e+00
15.610000 -2.152248855486e+00 2.760279382752e+00
15.620000 -2.124646061658e+00 2.843845957482e+00
15.630000 -2.096207602083e+00 2.928896557721e+00
15.640000 -2.066918636506e+00 3.015408330913e+00
15.650000 -2.036764553197e+00 3.103351833225e+00
15.660000 -2.005731034865e+00 3.192690530417e+00
15.670000 -1.973804129561e+00 3.283380285923e+00
15.680000 -1.940970326701e+00 3.375368839508e+00
15.690000 -1.907216638306e+00 3.468595280552e+00
15.700000 -1.872530685501e+00 3.562989520810e+00
15.710000 -1.836900790293e+00 3.658471772261e+00
15.720000 -1.800316072570e+00 3.754952036570e+00
15.730000 -1.762766552204e+00 3.852329613558e+00
15.740000 -1.724243256069e+00 3.950492637038e+00
15.750000 -1.684738329698e+00 4.049317647271e+00
15.760000 -1.644245153226e+00 4.148669210269e+00
15.770000 -1.602758461123e+00 4.248399595005e+00
15.780000 -1.560274465173e+00 4.348348520451e+00
15.790000 -1.516790979968e+00 4.448342985024e+00
15.800000 -1.472307550118e+00 4.548197191590e+00
15.810000 -1.426825578202e+00 4.647712581551e+00
15.820000 -1.380348452387e+00 4.746677991627e+00
15.830000 -1.332881672471e+00 4.844869946784e+00
15.840000 -1.284432973003e+00 4.942053102246e+00
15.850000 -1.235012441980e+00 5.037980846628e+00
15.860000 -1.184632633514e+00 5.132396076862e+00
15.870000 -1.133308672745e+00 5.225032153823e+00
15.880000 -1.081058351207e+00 5.315614045227e+00
15.890000 -1.027902210755e+00 5.403859659606e+00
15.900000 -9.738636141588e-01 5.489481371824e+00
15.910000 -9.189688004405e-01 5.572187736868e+00
15.920000 -8.632469230719e-01 5.651685384433e+00
15.930000 -8.067300692275e-01 5.727681082300e+00
15.940000 -7.494532584045e-01 5.799883951705e+00
15.950000 -6.914544188875e-01 5.868007813047e+00
15.960000 -6.327743407570e-01 5.931773635382e+00
15.970000 -5.734566044032e-01 5.990912058523e+00
15.980000 -5.135474838180e-01 6.045165952299e+00
15.990000 -4.530958242950e-01 6.094292973864e+00
16.000000 -3.921528945563e-01 6.138068080993e+00
16.010000 -3.307722137464e-01 6.176285957412e+00
16.020000 -2.690093541723e-01 6.208763305272e+00
16.030000 -2.069217211196e-01 6.235340960307e+00
16.040000 -1.445683115165e-01 6.255885786810e+00
16.050000 -8.200945364840e-02 6.270292312606e+00
16.060000 -1.930653052235e-02 6.278484068416e+00
16.070000 4.347831016181e-02 6.280414601531e+00
16.080000 1.062824561771e-01 6.276068140216e+00
16.090000 1.690431375793e-01 6.265459892673e+00
16.100000 2.316977365060e-01 6.248635972400e+00
16.110000 2.941840962300e-01 6.225672950083e+00
16.120000 3.564408257308e-01 6.196677040586e+00
16.130000 4.184075961367e-01 6.161782941670e+00
16.140000 4.800254255534e-01 6.121152348637e+00
16.150000 5.412369490398e-01 6.074972175864e+00
16.160000 6.019866707984e-01 6.023452521866e+00
16.170000 6.622211960171e-01 5.966824419046e+00
16.180000 7.218894402075e-01 5.905337412480e+00
16.190000 7.809428143323e-01 5.839257013870e+00
16.200000 8.393353844710e-01 5.768862077270e+00
16.210000 8.970240052437e-01 5.694442142331e+00
16.220000 9.539684266670e-01 5.616294788774e+00
16.230000 1.010131374555e+00 5.534723042732e+00
16.240000 1.065478604982e+00 5.450032871704e+00
16.250000 1.119978933699e+00 5.362530800296e+00
16.260000 1.173604241702e+00 5.272521673920e+00
16.270000 1.226329458441e+00 5.180306592407e+00
16.280000 1.278132524365e+00 5.086181030186e+00
16.290000 1.328994334667e+00 4.990433154545e+00
16.300000 1.378898666213e+00 4.893342348568e+00
16.310000 1.427832089698e+00 4.795177940858e+00
16.320000 1.475783869107e+00 4.696198140100e+00
16.330000 1.522745850508e+00 4.596649169003e+00
16.340000 1.568712342198e+00 4.496764589206e+00
16.350000 1.613679988090e+00 4.396764806356e+00
16.360000 1.657647636154e+00 4.296856742686e+00
16.370000 1.700616203580e+00 4.197233663163e+00
16.380000 1.742588540212e+00 4.098075140388e+00
16.390000 1.783569291616e+00 3.999547143054e+00
16.400000 1.823564763047e+00 3.901802232725e+00
16.410000 1.862582785374e+00 3.804979853974e+00
16.420000 1.900632583914e+00 3.709206703485e+00
16.430000 1.937724650948e+00 3.614597164426e+00
16.440000 1.973870622593e+00 3.521253793335e+00
16.450000 2.009083160526e+00 3.429267847724e+00
16.460000 2.043375839003e+00 3.338719843695e+00
16.470000 2.076763037440e+00 3.249680133936e+00
16.480000 2.109259838780e+00 3.162209497560e+00
16.490000 2.140881933755e+00 3.076359734319e+00
16.500000 2.171645531098e+00 2.992174256738e+00
16.510000 2.201567273666e+00 2.909688674682e+00
16.520000 2.230664160413e+00 2.828931367790e+00
16.530000 2.258953474090e+00 2.749924041987e+00
16.540000 2.286452714510e+00 2.672682267088e+00
16.550000 2.313179537181e+00 2.597215993152e+00
16.560000 2.339151697113e+00 2.523530043836e+00
16.570000 2.364386997551e+00 2.451624585550e+00
16.580000 2.388903243407e+00 2.381495571639e+00
16.590000 2.412718199123e+00 2.313135161236e+00
16.600000 2.435849550735e+00 2.246532112732e+00
16.610000 2.458314871863e+00 2.181672152104e+00
16.620000 2.480131593384e+00 2.118538316576e+00
16.630000 2.501316976549e+00 2.057111274239e+00
16.640000 2.521888089292e+00 1.997369620434e+00
16.650000 2.541861785496e+00 1.939290151791e+00
16.660000 2.561254687014e+00 1.882848118911e+00
16.670000 2.580083168203e+00 1.828017458720e+00
16.680000 2.598363342790e+00 1.774771007573e+00
16.690000 2.616111052866e+00 1.723080696180e+00
16.700000 2.633341859828e+00 1.672917727463e+00
16.710000 2.650071037103e+00 1.624252738395e+00
16.720000 2.666313564486e+00 1.577055946889e+00
16.730000 2.682084123955e+00 1.531297284762e+00
16.740000 2.697397096803e+00 1.486946517750e+00
16.750000 2.712266561981e+00 1.443973353543e+00
16.760000 2.726706295516e+00 1.402347538726e+00
16.770000 2.740729770903e+00 1.362038945506e+00
16.780000 2.754350160358e+00 1.323017649024e+00
16.790000 2.767580336848e+00 1.285253996032e+00
16.800000 2.780432876809e+00 1.248718665654e+00
16.810000 2.792920063465e+00 1.213382722902e+00
16.820000 2.805053890694e+00 1.179217665591e+00
16.830000 2.816846067350e+00 1.146195465230e+00
16.840000 2.828308022003e+00 1.114288602442e+00
16.850000 2.839450908027e+00 1.083470097429e+00
16.860000 2.850285609001e+00 1.053713535929e+00
16.870000 2.860822744361e+00 1.024993091132e+00
16.880000 2.871072675272e+00 9.972835419288e-01
16.890000 2.881045510691e+00 9.705602878711e-01
16.900000 2.890751113570e+00 9.447993611912e-01
16.910000 2.900199107182e+00 9.199774361780e-01
16.920000 2.909398881544e+00 8.960718362051e-01
16.930000 2.918359599906e+00 8.730605386695e-01
16.940000 2.927090205292e+00 8.509221780804e-01
16.950000 2.935599427073e+00 8.296360475159e-01
16.960000 2.943895787548e+00 8.091820986492e-01
16.970000 2.951987608535e+00 7.895409405232e-01
16.980000 2.959883017940e+00 7.706938372404e-01
16.990000 2.967589956312e+00 7.526227047185e-01
17.000000 2.975116183360e+00 7.353101066472e-01
17.010000 2.982469284426e+00 7.187392497706e-01
17.020000 2.989656676924e+00 7.028939786077e-01
17.030000 2.996685616710e+00 6.877587697112e-01
17.040000 3.003563204407e+00 6.733187255582e-01
17.050000 3.010296391663e+00 6.595595681543e-01
17.060000 3.016891987344e+00 6.464676324264e-01
17.070000 3.023356663668e+00 6.340298594712e-01
17.080000 3.029696962263e+00 6.222337897211e-01
17.090000 3.035919300160e+00 6.110675560800e-01
17.100000 3.042029975721e+00 6.005198770804e-01
17.110000 3.048035174492e+00 5.905800501032e-01
17.120000 3.053940974993e+00 5.812379447013e-01
17.130000 3.059753354440e+00 5.724839960607e-01
17.140000 3.065478194401e+00 5.643091986317e-01
17.150000 3.071121286387e+00 5.567050999565e-01
17.160000 3.076688337386e+00 5.496637947190e-01
17.170000 3.082184975334e+00 5.431779190389e-01
17.180000 3.087616754524e+00 5.372406450278e-01
17.190000 3.092989160974e+00 5.318456756271e-01
17.200000 3.098307617731e+00 5.269872397397e-01
17.210000 3.103577490128e+00 5.226600876704e-01
17.220000 3.108804091005e+00 5.188594868866e-01
17.230000 3.113992685874e+00 5.155812181074e-01
17.240000 3.119148498055e+00 5.128215717308e-01
17.250000 3.124276713772e+00 5.105773446062e-01
17.260000 3.129382487218e+00 5.088458371572e-01
17.270000 3.134470945590e+00 5.076248508596e-01
17.280000 3.139547194098e+00 5.069126860796e-01
17.290000 3.144616320959e+00 5.067081402731e-01
17.300000 3.149683402362e+00 5.070105065493e-01
17.310000 3.154753507427e+00 5.078195725995e-01
17.320000 3.159831703153e+00 5.091356199908e-01
17.330000 3.164923059353e+00 5.109594238245e-01
17.340000 3.170032653591e+00 5.132922527579e-01
17.350000 3.175165576119e+00 5.161358693864e-01
17.360000 3.180326934813e+00 5.194925309845e-01
17.370000 3.185521860123e+00 5.233649906000e-01
17.380000 3.190755510029e+00 5.277564984981e-01
17.390000 3.196033075014e+00 5.326708039486e-01
17.400000 3.201359783053e+00 5.381121573509e-01
17.410000 3.206740904627e+00 5.440853126869e-01
17.420000 3.212181757753e+00 5.505955302956e-01
17.430000 3.217687713056e+00 5.576485799571e-01
17.440000 3.223264198856e+00 5.652507442754e-01
17.450000 3.228916706299e+00 5.734088223478e-01
17.460000 3.234650794522e+00 5.821301337042e-01
17.470000 3.240472095859e+00 5.914225225030e-01
17.480000 3.246386321084e+00 6.012943619623e-01
17.490000 3.252399264704e+00 6.117545590081e-01
17.500000 3.258516810294e+00 6.228125591154e-01
17.510000 3.264744935885e+00 6.344783513185e-01
17.520000 3.271089719398e+00 6.467624733593e-01
17.530000 3.277557344132e+00 6.596760169460e-01
17.540000 3.284154104301e+00 6.732306330835e-01
17.550000 3.290886410632e+00 6.874385374400e-01
17.560000 3.297760796007e+00 7.023125157053e-01
17.570000 3.304783921164e+00 7.178659288929e-01
17.580000 3.311962580453e+00 7.341127185351e-01
17.590000 3.319303707638e+00 7.510674117114e-01
17.600000 3.326814381755e+00 7.687451258476e-01
17.610000 3.334501833014e+00 7.871615732132e-01
17.620000 3.342373448746e+00 8.063330650407e-01
17.630000 3.350436779396e+00 8.262765151802e-01
17.640000 3.358699544548e+00 8.470094431949e-01
17.650000 3.367169638980e+00 8.685499767935e-01
17.660000 3.375855138748e+00 8.909168534856e-01
17.670000 3.384764307283e+00 9.141294213348e-01
17.680000 3.393905601496e+00 9.382076386715e-01
17.690000 3.403287677883e+00 9.631720726156e-01
17.700000 3.412919398609e+00 9.890438962444e-01
17.710000 3.422809837571e+00 1.015844884224e+00
17.720000 3.432968286414e+00 1.043597406708e+00
17.730000 3.443404260481e+00 1.072324421294e+00
17.740000 3.454127504694e+00 1.102049462788e+00
17.750000 3.465147999321e+00 1.132796630547e+00
17.760000 3.476475965627e+00 1.164590573093e+00
17.770000 3.488121871358e+00 1.197456469725e+00
17.780000 3.500096436055e+00 1.231420008780e+00
17.790000 3.512410636143e+00 1.266507362205e+00
17.800000 3.525075709765e+00 1.302745156046e+00
17.810000 3.538103161325e+00 1.340160436448e+00
17.820000 3.551504765690e+00 1.378780630721e+00
17.830000 3.565292571997e+00 1.418633502983e+00
17.840000 3.579478907027e+00 1.459747103877e+00
17.850000 3.594076378066e+00 1.502149713801e+00
17.860000 3.609097875204e+00 1.545869779070e+00
17.870000 3.624556572994e+00 1.590935840373e+00
17.880000 3.640465931398e+00 1.637376452856e+00
17.890000 3.656839695927e+00 1.685220097131e+00
17.900000 3.673691896898e+00 1.734495080447e+00
17.910000 3.691036847702e+00 1.785229427241e+00
17.920000 3.708889141975e+00 1.837450758248e+00
17.930000 3.727263649557e+00 1.891186157285e+00
17.940000 3.746175511130e+00 1.946462024828e+00
17.950000 3.765640131378e+00 2.003303917451e+00
17.960000 3.785673170553e+00 2.061736372176e+00
17.970000 3.806290534275e+00 2.121782714755e+00
17.980000 3.827508361422e+00 2.183464850936e+00
17.990000 3.849343009932e+00 2.246803039711e+00
18.000000 3.871811040329e+00 2.311815647616e+00
18.010000 3.894929196805e+00 2.378518883146e+00
18.020000 3.918714385636e+00 2.446926510431e+00
18.030000 3.943183650741e+00 2.517049541355e+00
18.040000 3.968354146154e+00 2.588895905446e+00
18.050000 3.994243105209e+00 2.662470096954e+00
18.060000 4.020867806178e+00 2.737772798720e+00
18.070000 4.048245534165e+00 2.814800482631e+00
18.080000 4.076393538992e+00 2.893544986703e+00
18.090000 4.105328988859e+00 2.973993069128e+00
18.100000 4.135068919550e+00 3.056125939951e+00
18.110000 4.165630178950e+00 3.139918771471e+00
18.120000 4.197029366664e+00 3.225340188887e+00
18.130000 4.229282768553e+00 3.312351743260e+00
18.140000 4.262406285986e+00 3.400907369465e+00
18.150000 4.296415359680e+00 3.490952832420e+00
18.160000 4.331324888005e+00 3.582425165696e+00
18.170000 4.367149139662e+00 3.675252107321e+00
18.180000 4.403901660735e+00 3.769351538541e+00
18.190000 4.441595176120e+00 3.864630932176e+00
18.200000 4.480241485442e+00 3.960986818195e+00
18.210000 4.519851353624e+00 4.058304275161e+00
18.220000 4.560434396376e+00 4.156456457202e+00
18.230000 4.601998960948e+00 4.255304167201e+00
18.240000 4.644552002620e+00 4.354695487870e+00
18.250000 4.688098957498e+00 4.454465483317e+00
18.260000 4.732643612331e+00 4.554435984506e+00
18.270000 4.778187972176e+00 4.654415472702e+00
18.280000 4.824732126903e+00 4.754199075427e+00
18.290000 4.872274117658e+00 4.853568689725e+00
18.300000 4.920809804555e+00 4.952293247383e+00
18.310000 4.970332737029e+00 5.050129136375e+00
18.320000 5.020834028393e+00 5.146820791868e+00
18.330000 5.072302236311e+00 5.242101468859e+00
18.340000 5.124723251000e+00 5.335694206645e+00
18.350000 5.178080193066e+00 5.427312992946e+00
18.360000 5.232353322996e+00 5.516664132604e+00
18.370000 5.287519964322e+00 5.603447822262e+00
18.380000 5.343554442544e+00 5.687359928422e+00
18.390000 5.400428041829e+00 5.768093961799e+00
18.400000 5.458108981447e+00 5.845343235966e+00
18.410000 5.516562413806e+00 5.918803193113e+00
18.420000 5.575750445737e+00 5.988173874383e+00
18.430000 5.635632184481e+00 6.053162506918e+00
18.440000 5.696163809550e+00 6.113486174580e+00
18.450000 5.757298671296e+00 6.168874534572e+00
18.460000 5.818987416642e+00 6.219072538054e+00
18.470000 5.881178142022e+00 6.263843109507e+00
18.480000 5.943816573118e+00 6.302969737325e+00
18.490000 6.006846270491e+00 6.336258927007e+00
18.500000 6.070208859761e+00 6.363542468585e+00
18.510000 6.133844284447e+00 6.384679471559e+00
18.520000 6.197691079162e+00 6.399558123800e+00
18.530000 6.261686660400e+00 6.408097135411e+00
18.540000 6.325767631754e+00 6.410246834485e+00
18.550000 6.389870100099e+00 6.405989888787e+00
18.560000 6.453929998987e+00 6.395341635455e+00
18.570000 6.517883415342e+00 6.378350009556e+00
18.580000 6.581666915437e+00 6.355095071480e+00
18.590000 6.645217866152e+00 6.325688142328e+00
18.600000 6.708474747575e+00 6.290270565350e+00
18.610000 6.771377453229e+00 6.249012119762e+00
18.620000 6.833867574426e+00 6.202109120661e+00
18.630000 6.895888665633e+00 6.149782244982e+00
18.640000 6.957386488083e+00 6.092274128331e+00
18.650000 7.018309229366e+00 6.029846780952e+00
18.660000 7.078607697176e+00 5.962778872974e+00
18.670000 7.138235485905e+00 5.891362939522e+00
18.680000 7.197149115301e+00 5.815902555182e+00
18.690000 7.255308140852e+00 5.736709525036e+00
18.700000 7.312675236103e+00 5.654101135969e+00
18.710000 7.369216247463e+00 5.568397507621e+00
18.720000 7.424900222539e+00 5.479919077268e+00
18.730000 7.479699413311e+00 5.388984247381e+00
18.740000 7.533589255785e+00 5.295907218876e+00
18.750000 7.586548327974e+00 5.200996027281e+00
18.760000 7.638558288247e+00 5.104550793384e+00
18.770000 7.689603796181e+00 5.006862194690e+00
18.780000 7.739672418128e+00 4.908210159088e+00
18.790000 7.788754519718e+00 4.808862777839e+00
18.800000 7.836843147497e+00 4.709075431249e+00
18.810000 7.883933901809e+00 4.609090117276e+00
18.820000 7.930024802982e+00 4.509134970839e+00
18.830000 7.975116152690e+00 4.409423959719e+00
18.840000 8.019210392288e+00 4.310156741598e+00
18.850000 8.062311959704e+00 4.211518666053e+00
18.860000 8.104427146364e+00 4.113680904912e+00
18.870000 8.145563955413e+00 4.016800694509e+00
18.880000 8.185731962358e+00 3.921021673732e+00
18.890000 8.224942179096e+00 3.826474302439e+00
18.900000 8.263206922120e+00 3.733276345677e+00
18.910000 8.300539685577e+00 3.641533410183e+00
18.920000 8.336955019679e+00 3.551339520731e+00
18.930000 8.372468414886e+00 3.462777725107e+00
18.940000 8.407096192137e+00 3.375920717675e+00
18.950000 8.440855399314e+00 3.290831472678e+00
18.960000 8.473763714041e+00 3.207563879593e+00
18.970000 8.505839352837e+00 3.126163373945e+00
18.980000 8.537100986576e+00 3.046667558014e+00
18.990000 8.567567662156e+00 2.969106806840e+00
19.000000 8.597258730225e+00 2.893504855778e+00
19.010000 8.626193778782e+00 2.819879366682e+00
19.020000 8.654392572449e+00 2.748242470448e+00
19.030000 8.681874997154e+00 2.678601284317e+00
19.040000 8.708661009997e+00 2.610958402837e+00
19.050000 8.734770594025e+00 2.545312361884e+00
19.060000 8.760223717644e+00 2.481658075506e+00
19.070000 8.785040298399e+00 2.419987245719e+00
19.080000 8.809240170856e+00 2.360288745628e+00
19.090000 8.832843058312e+00 2.302548976492e+00
19.100000 8.855868548077e+00 2.246752199532e+00
19.110000 8.878336070073e+00 2.192880843383e+00
19.120000 8.900264878507e+00 2.140915788258e+00
19.130000 8.921674036389e+00 2.090836627888e+00
19.140000 8.942582402668e+00 2.042621910422e+00
19.150000 8.963008621772e+00 1.996249359435e+00
19.160000 8.982971115367e+00 1.951696076248e+00
19.170000 9.002488076129e+00 1.908938724721e+00
19.180000 9.021577463376e+00 1.867953699669e+00
19.190000 9.040257000373e+00 1.828717280055e+00
19.200000 9.058544173174e+00 1.791205768003e+00
19.210000 9.076456230854e+00 1.755395614721e+00
19.220000 9.094010187001e+00 1.721263534304e+00
19.230000 9.111222822344e+00 1.688786606373e+00
19.240000 9.128110688408e+00 1.657942368457e+00
19.250000 9.144690112092e+00 1.628708898951e+00
19.260000 9.160977201082e+00 1.601064891457e+00
19.270000 9.176987849996e+00 1.574989721231e+00
19.280000 9.192737747208e+00 1.550463504455e+00
19.290000 9.208242382253e+00 1.527467150948e+00
19.300000 9.223517053763e+00 1.505982410934e+00
19.310000 9.238576877872e+00 1.485991916399e+00
19.320000 9.253436797036e+00 1.467479217551e+00
19.330000 9.268111589211e+00 1.450428814845e+00
19.340000 9.282615877360e+00 1.434826186995e+00
19.350000 9.296964139230e+00 1.420657815355e+00
19.360000 9.311170717383e+00 1.407911205024e+00
19.370000 9.325249829434e+00 1.396574902985e+00
19.380000 9.339215578463e+00 1.386638513558e+00
19.390000 9.353081963599e+00 1.378092711431e+00
19.400000 9.366862890713e+00 1.370929252470e+00
19.410000 9.380572183238e+00 1.365140982524e+00
19.420000 9.394223593063e+00 1.360721844376e+00
19.430000 9.407830811507e+00 1.357666882994e+00
19.440000 9.421407480337e+00 1.355972249189e+00
19.450000 9.434967202829e+00 1.355635201783e+00
19.460000 9.448523554847e+00 1.356654108359e+00
19.470000 9.462090095930e+00 1.359028444622e+00
19.480000 9.475680380376e+00 1.362758792435e+00
19.490000 9.489307968301e+00 1.367846836497e+00
19.500000 9.502986436666e+00 1.374295359669e+00
19.510000 9.516729390262e+00 1.382108236908e+00
19.520000 9.530550472632e+00 1.391290427745e+00
19.530000 9.544463376909e+00 1.401847967223e+00
19.540000 9.558481856581e+00 1.413787955203e+00
19.550000 9.572619736133e+00 1.427118543898e+00
19.560000 9.586890921572e+00 1.441848923498e+00
19.570000 9.601309410807e+00 1.457989305695e+00
19.580000 9.615889303864e+00 1.475550904928e+00
19.590000 9.630644812913e+00 1.494545917103e+00
19.600000 9.645590272084e+00 1.514987495545e+00
19.610000 9.660740147040e+00 1.536889723899e+00
19.620000 9.676109044279e+00 1.560267585652e+00
19.630000 9.691711720135e+00 1.585136929957e+00
19.640000 9.707563089435e+00 1.611514433352e+00
19.650000 9.723678233769e+00 1.639417556984e+00
19.660000 9.740072409338e+00 1.668864498868e+00
19.670000 9.756761054327e+00 1.699874140711e+00
19.680000 9.773759795734e+00 1.732465988757e+00
19.690000 9.791084455622e+00 1.766660108101e+00
19.700000 9.808751056703e+00 1.802477049838e+00
19.710000 9.826775827201e+00 1.839937770420e+00
19.720000 9.845175204905e+00 1.879063542495e+00
19.730000 9.863965840330e+00 1.919875856505e+00
19.740000 9.883164598895e+00 1.962396312242e+00
19.750000 9.902788562018e+00 2.006646499529e+00
19.760000 9.922855027013e+00 2.052647867161e+00
19.770000 9.943381505685e+00 2.100421579174e+00
19.780000 9.964385721476e+00 2.149988357499e+00
19.790000 9.985885605051e+00 2.201368310006e+00
19.800000 1.000789928815e+01 2.254580742922e+00
19.810000 1.003044509558e+01 2.309643956593e+00
19.820000 1.005354153515e+01 2.366575023536e+00
19.830000 1.007720728538e+01 2.425389547732e+00
19.840000 1.010146118086e+01 2.486101404133e+00
19.850000 1.012632219490e+01 2.548722457382e+00
19.860000 1.015180941947e+01 2.613262258788e+00
19.870000 1.017794204206e+01 2.679727720684e+00
19.880000 1.020473931927e+01 2.748122767399e+00
19.890000 1.023222054694e+01 2.818447962189e+00
19.900000 1.026040502657e+01 2.890700109681e+00
19.910000 1.028931202766e+01 2.964871833534e+00
19.920000 1.031896074600e+01 3.040951129346e+00
19.930000 1.034937025729e+01 3.118920893094e+00
19.940000 1.038055946622e+01 3.198758425772e+00
19.950000 1.041254705048e+01 3.280434915323e+00
19.960000 1.044535139963e+01 3.363914897455e+00
19.970000 1.047899054861e+01 3.449155697476e+00
19.980000 1.051348210558e+01 3.536106855931e+00
19.990000 1.054884317414e+01 3.624709541544e+00
20.000000 1.058509026956e+01 3.714895955734e+00
