0.000000 1.500000000000e+00 0.000000000000e+00
0.010000 1.499002505013e+00 -9.974949866041e-02
0.020000 1.497007586096e+00 -1.994918916964e-01
0.030000 1.494015388334e+00 -2.992197762847e-01
0.040000 1.490026136779e+00 -3.989251554419e-01
0.050000 1.485040145364e+00 -4.985991415581e-01
0.060000 1.479057828756e+00 -5.982316607165e-01
0.070000 1.472079717175e+00 -6.978111581503e-01
0.080000 1.464106474122e+00 -7.973243052562e-01
0.090000 1.455138917036e+00 -8.967557086783e-01
0.100000 1.445178040815e+00 -9.960876220843e-01
0.110000 1.434225044201e+00 -1.095299661379e+00
0.120000 1.422281358959e+00 -1.194368524244e+00
0.130000 1.409348681808e+00 -1.293267715045e+00
0.140000 1.395429009045e+00 -1.391967276324e+00
0.150000 1.380524673762e+00 -1.490433528271e+00
0.160000 1.364638385585e+00 -1.588628817750e+00
0.170000 1.347773272798e+00 -1.686511278690e+00
0.180000 1.329932926740e+00 -1.784034605801e+00
0.190000 1.311121448301e+00 -1.881147843838e+00
0.200000 1.291343496353e+00 -1.977795194785e+00
0.210000 1.270604337898e+00 -2.073915845569e+00
0.220000 1.248909899707e+00 -2.169443819061e+00
0.230000 1.226266821194e+00 -2.264307851318e+00
0.240000 1.202682508213e+00 -2.358431298127e+00
0.250000 1.178165187472e+00 -2.451732074031e+00
0.260000 1.152723961201e+00 -2.544122627111e+00
0.270000 1.126368861674e+00 -2.635509952760e+00
0.280000 1.099110905176e+00 -2.725795649720e+00
0.290000 1.070962144961e+00 -2.814876021511e+00
0.300000 1.041935722699e+00 -2.902642226240e+00
0.310000 1.012045917924e+00 -2.988980477535e+00
0.320000 9.813081949334e-01 -3.073772299026e+00
0.330000 9.497392465894e-01 -3.156894834397e+00
0.340000 9.173570344441e-01 -3.238221214526e+00
0.350000 8.841808246175e-01 -3.317620982661e+00
0.360000 8.502312188386e-01 -3.394960577896e+00
0.370000 8.155301800740e-01 -3.470103876456e+00
0.380000 7.801010521794e-01 -3.542912789462e+00
0.390000 7.439685730298e-01 -3.613247914959e+00
0.400000 7.071588806197e-01 -3.680969241006e+00
0.410000 6.696995116632e-01 -3.745936895657e+00
0.420000 6.316193922769e-01 -3.808011938631e+00
0.430000 5.929488203922e-01 -3.867057188469e+00
0.440000 5.537194396122e-01 -3.922938077994e+00
0.450000 5.139642043127e-01 -3.975523529956e+00
0.460000 4.737173358736e-01 -4.024686843909e+00
0.470000 4.330142700271e-01 -4.070306584650e+00
0.480000 3.918915954079e-01 -4.112267461919e+00
0.490000 3.503869835011e-01 -4.150461190682e+00
0.500000 3.085391102907e-01 -4.184787321033e+00
0.510000 2.663875700233e-01 -4.215154026743e+00
0.520000 2.239727816069e-01 -4.241478841644e+00
0.530000 1.813358882723e-01 -4.263689333460e+00
0.540000 1.385186512191e-01 -4.281723705314e+00
0.550000 9.556333805918e-02 -4.295531315995e+00
0.560000 5.251260694777e-02 -4.305073111142e+00
0.570000 9.409387360642e-03 -4.310321958712e+00
0.580000 -3.370324147500e-02 -4.311262883564e+00
0.590000 -7.678217344943e-02 -4.307893197444e+00
0.600000 -1.197843986731e-01 -4.300222522366e+00
0.610000 -1.626671257431e-01 -4.288272707001e+00
0.620000 -2.053879021170e-01 -4.272077637388e+00
0.630000 -2.479047315665e-01 -4.251682944947e+00
0.640000 -2.901761877299e-01 -4.227145616341e+00
0.650000 -3.321615228418e-01 -4.198533511193e+00
0.660000 -3.738207707918e-01 -4.165924794999e+00
0.670000 -4.151148437489e-01 -4.129407295708e+00
0.680000 -4.560056216828e-01 -4.089077793397e+00
0.690000 -4.964560342146e-01 -4.045041253175e+00
0.700000 -5.364301343345e-01 -3.997410011993e+00
0.710000 -5.758931636371e-01 -3.946302930260e+00
0.720000 -6.148116088300e-01 -3.891844519289e+00
0.730000 -6.531532493837e-01 -3.834164055374e+00
0.740000 -6.908871962938e-01 -3.773394691010e+00
0.750000 -7.279839220257e-01 -3.709672573187e+00
0.760000 -7.644152818065e-01 -3.643135978082e+00
0.770000 -8.001545265125e-01 -3.573924470601e+00
0.780000 -8.351763074766e-01 -3.502178096402e+00
0.790000 -8.694566736067e-01 -3.428036613017e+00
0.800000 -9.029730612639e-01 -3.351638765722e+00
0.810000 -9.357042773917e-01 -3.273121612775e+00
0.820000 -9.676304764280e-01 -3.192619903632e+00
0.830000 -9.987331315560e-01 -3.110265512801e+00
0.840000 -1.028995000866e+00 -3.026186931022e+00
0.850000 -1.058400089013e+00 -2.940508814639e+00
0.860000 -1.086933604945e+00 -2.853351593201e+00
0.870000 -1.114581916291e+00 -2.764831134656e+00
0.880000 -1.141332500959e+00 -2.675058466827e+00
0.890000 -1.167173896493e+00 -2.584139553391e+00
0.900000 -1.192095647714e+00 -2.492175122070e+00
0.910000 -1.216088253139e+00 -2.399260542444e+00
0.920000 -1.239143110643e+00 -2.305485750479e+00
0.930000 -1.261252462810e+00 -2.210935216701e+00
0.940000 -1.282409342358e+00 -2.115687954797e+00
0.950000 -1.302607518032e+00 -2.019817567386e+00
0.960000 -1.321841441289e+00 -1.923392325690e+00
0.970000 -1.340106194088e+00 -1.826475279892e+00
0.980000 -1.357397438058e+00 -1.729124397052e+00
0.990000 -1.373711365294e+00 -1.631392723576e+00
1.000000 -1.389044650988e+00 -1.533328569402e+00
1.010000 -1.403394408101e+00 -1.434975711224e+00
1.020000 -1.416758144223e+00 -1.336373612268e+00
1.030000 -1.429133720787e+00 -1.237557656346e+00
1.040000 -1.440519314728e+00 -1.138559394097e+00
1.050000 -1.450913382723e+00 -1.039406799552e+00
1.060000 -1.460314628077e+00 -9.401245353447e-01
1.070000 -1.468721970327e+00 -8.407342250871e-01
1.080000 -1.476134517644e+00 -7.412547316266e-01
1.090000 -1.482551542044e+00 -6.417024400614e-01
1.100000 -1.487972457490e+00 -5.420915445638e-01
1.110000 -1.492396800872e+00 -4.424343382051e-01
1.120000 -1.495824215923e+00 -3.427415051069e-01
1.130000 -1.498254440067e+00 -2.430224143621e-01
1.140000 -1.499687294219e+00 -1.432854152652e-01
1.150000 -1.500122675554e+00 -4.353813347493e-02
1.160000 -1.499560553232e+00 5.621223220744e-02
1.170000 -1.498000967105e+00 1.559586127130e-01
1.180000 -1.495444029390e+00 2.556937714775e-01
1.190000 -1.491889929317e+00 3.554100073464e-01
1.200000 -1.487338940738e+00 4.550988578589e-01
1.210000 -1.481791432706e+00 5.547508031856e-01
1.220000 -1.475247882996e+00 6.543549710415e-01
1.230000 -1.467708894566e+00 7.538988429629e-01
1.240000 -1.459175214942e+00 8.533679624185e-01
1.250000 -1.449647758489e+00 9.527456453255e-01
1.260000 -1.439127631552e+00 1.052012693663e+00
1.270000 -1.427616160422e+00 1.151147113005e+00
1.280000 -1.415114922073e+00 1.250123834944e+00
1.290000 -1.401625777617e+00 1.348914445552e+00
1.300000 -1.387150908405e+00 1.447486921181e+00
1.310000 -1.371692854674e+00 1.545805373117e+00
1.320000 -1.355254556646e+00 1.643829802771e+00
1.330000 -1.337839397953e+00 1.741515869327e+00
1.340000 -1.319451251234e+00 1.838814671936e+00
1.350000 -1.300094525746e+00 1.935672548766e+00
1.360000 -1.279774216792e+00 2.032030895430e+00
1.370000 -1.258495956737e+00 2.127826005469e+00
1.380000 -1.236266067379e+00 2.222988935771e+00
1.390000 -1.213091613380e+00 2.317445399936e+00
1.400000 -1.188980456453e+00 2.411115692734e+00
1.410000 -1.163941309964e+00 2.503914648873e+00
1.420000 -1.137983793570e+00 2.595751639353e+00
1.430000 -1.111118487484e+00 2.686530608665e+00
1.440000 -1.083356985924e+00 2.776150156030e+00
1.450000 -1.054711949286e+00 2.864503663736e+00
1.460000 -1.025197154532e+00 2.951479475437e+00
1.470000 -9.948275432619e-01 3.036961126993e+00
1.480000 -9.636192669415e-01 3.120827632043e+00
1.490000 -9.315897287006e-01 3.202953824080e+00
1.500000 -8.987576211385e-01 3.283210756218e+00
1.510000 -8.651429595461e-01 3.361466159239e+00
1.520000 -8.307671099685e-01 3.437584957754e+00
1.530000 -7.956528115331e-01 3.511429843540e+00
1.540000 -7.598241924910e-01 3.582861904216e+00
1.550000 -7.233067794460e-01 3.651741304502e+00
1.560000 -6.861274992829e-01 3.717928016308e+00
1.570000 -6.483146733537e-01 3.781282592918e+00
1.580000 -6.098980035388e-01 3.841666981485e+00
1.590000 -5.709085498681e-01 3.898945367078e+00
1.600000 -5.313786994624e-01 3.952985040570e+00
1.610000 -4.913421266447e-01 4.003657281771e+00
1.620000 -4.508337441606e-01 4.050838248410e+00
1.630000 -4.098896455511e-01 4.094409860946e+00
1.640000 -3.685470388244e-01 4.134260672665e+00
1.650000 -3.268441716825e-01 4.170286714195e+00
1.660000 -2.848202486680e-01 4.202392301448e+00
1.670000 -2.425153407072e-01 4.230490796077e+00
1.680000 -1.999702876286e-01 4.254505307860e+00
1.690000 -1.572265943394e-01 4.274369328921e+00
1.700000 -1.143263214346e-01 4.290027290488e+00
1.710000 -7.131197109605e-02 4.301435033851e+00
1.720000 -2.822636921269e-02 4.308560188336e+00
1.730000 1.488745529190e-02 4.311382450460e+00
1.740000 5.798639289113e-02 4.309893759923e+00
1.750000 1.010273765878e-01 4.304098369666e+00
1.760000 1.439675046767e-01 4.294012808890e+00
1.770000 1.867641620729e-01 4.279665739624e+00
1.780000 2.293751391639e-01 4.261097709101e+00
1.790000 2.717587471819e-01 4.238360801794e+00
1.800000 3.138739291472e-01 4.211518196530e+00
1.810000 3.556803655015e-01 4.180643635436e+00
1.820000 3.971385736288e-01 4.145820812730e+00
1.830000 4.382100005527e-01 4.107142692385e+00
1.840000 4.788571081980e-01 4.064710764527e+00
1.850000 5.190434507083e-01 4.018634251032e+00
1.860000 5.587337434198e-01 3.969029271149e+00
1.870000 5.978939232013e-01 3.916017978150e+00
1.880000 6.364911999805e-01 3.859727677926e+00
1.890000 6.744940993825e-01 3.800289940197e+00
1.900000 7.118724965078e-01 3.737839712532e+00
1.910000 7.485976409757e-01 3.672514446791e+00
1.920000 7.846421734440e-01 3.604453246829e+00
1.930000 8.199801338988e-01 3.533796045474e+00
1.940000 8.545869620770e-01 3.460682817823e+00
1.950000 8.884394904466e-01 3.385252836959e+00
1.960000 9.215159302179e-01 3.307643977130e+00
1.970000 9.537958509026e-01 3.227992068470e+00
1.980000 9.852601539655e-01 3.146430306297e+00
1.990000 1.015891041137e+00 3.063088717121e+00
2.000000 1.045671977962e+00 2.978093682566e+00
2.010000 1.074587653178e+00 2.891567521598e+00
2.020000 1.102623934485e+00 2.803628130700e+00
2.030000 1.129767821295e+00 2.714388680979e+00
2.040000 1.156007395001e+00 2.623957370611e+00
2.050000 1.181331767307e+00 2.532437230543e+00
2.060000 1.205731027117e+00 2.439925980988e+00
2.070000 1.229196186476e+00 2.346515935938e+00
2.080000 1.251719126003e+00 2.252293952671e+00
2.090000 1.273292540234e+00 2.157341423106e+00
2.100000 1.293909883271e+00 2.061734303757e+00
2.110000 1.313565315081e+00 1.965543181008e+00
2.120000 1.332253648766e+00 1.868833368461e+00
2.130000 1.349970299098e+00 1.771665033208e+00
2.140000 1.366711232577e+00 1.674093347938e+00
2.150000 1.382472919237e+00 1.576168665988e+00
2.160000 1.397252286403e+00 1.477936716570e+00
2.170000 1.411046674579e+00 1.379438817619e+00
2.180000 1.423853795618e+00 1.280712103879e+00
2.190000 1.435671693299e+00 1.181789768071e+00
2.200000 1.446498706430e+00 1.082701313166e+00
2.210000 1.456333434571e+00 9.834728140188e-01
2.220000 1.465174706438e+00 8.841271867828e-01
2.230000 1.473021551086e+00 7.846844647486e-01
2.240000 1.479873171880e+00 6.851620794090e-01
2.250000 1.485728923337e+00 5.855751457273e-01
2.260000 1.490588290845e+00 4.859367507432e-01
2.270000 1.494450873293e+00 3.862582447829e-01
2.280000 1.497316368639e+00 2.865495346701e-01
2.290000 1.499184562424e+00 1.868193784358e-01
2.300000 1.500055319235e+00 8.707568111562e-02
2.310000 1.499928577148e+00 -1.267420870495e-02
2.320000 1.498804345129e+00 -1.124232018857e-01
2.330000 1.496682703414e+00 -2.121641715196e-01
2.340000 1.493563806856e+00 -3.118896557513e-01
2.350000 1.489447891247e+00 -4.115915608633e-01
2.360000 1.484335282599e+00 -5.112608648923e-01
2.370000 1.478226409378e+00 -6.108873220731e-01
2.380000 1.471121817693e+00 -7.104591684677e-01
2.390000 1.463022189401e+00 -8.099628292116e-01
2.400000 1.453928363122e+00 -9.093826279026e-01
2.410000 1.443841358134e+00 -1.008700498770e+00
2.420000 1.432762401110e+00 -1.107895702385e+00
2.430000 1.420692955652e+00 -1.206944545820e+00
2.440000 1.407634754569e+00 -1.305820108327e+00
2.450000 1.393589834831e+00 -1.404491973753e+00
2.460000 1.378560575120e+00 -1.502925971142e+00
2.470000 1.362549735869e+00 -1.601083925098e+00
2.480000 1.345560501692e+00 -1.698923417755e+00
2.490000 1.327596526048e+00 -1.796397564343e+00
2.500000 1.308661978002e+00 -1.893454804592e+00
2.510000 1.288761590878e+00 -1.990038712373e+00
2.520000 1.267900712616e+00 -2.086087826221e+00
2.530000 1.246085357581e+00 -2.181535503499e+00
2.540000 1.223322259569e+00 -2.276309801189e+00
2.550000 1.199618925705e+00 -2.370333386387e+00
2.560000 1.174983690909e+00 -2.463523479694e+00
2.570000 1.149425772561e+00 -2.555791834763e+00
2.580000 1.122955324988e+00 -2.647044757272e+00
2.590000 1.095583493323e+00 -2.737183166553e+00
2.600000 1.067322466293e+00 -2.826102703008e+00
2.610000 1.038185527450e+00 -2.913693884268e+00
2.620000 1.008187104322e+00 -2.999842312802e+00
2.630000 9.773428149483e-01 -3.084428937357e+00
2.640000 9.456695112464e-01 -3.167330370190e+00
2.650000 9.131853186309e-01 -3.248419261545e+00
2.660000 8.799096713086e-01 -3.327564732236e+00
2.670000 8.458633426635e-01 -3.404632864508e+00
2.680000 8.110684701575e-01 -3.479487250597e+00
2.690000 7.755485741823e-01 -3.551989597526e+00
2.700000 7.393285703240e-01 -3.622000385824e+00
2.710000 7.024347745358e-01 -3.689379578821e+00
2.720000 6.648949007534e-01 -3.753987378239e+00
2.730000 6.267380505461e-01 -3.815685020735e+00
2.740000 5.879946944554e-01 -3.874335609073e+00
2.750000 5.486966447492e-01 -3.929804970618e+00
2.760000 5.088770194000e-01 -3.981962534916e+00
2.770000 4.685701971867e-01 -4.030682221328e+00
2.780000 4.278117639174e-01 -4.075843326932e+00
2.790000 3.866384498738e-01 -4.117331404362e+00
2.800000 3.450880586854e-01 -4.155039118836e+00
2.810000 3.031993879513e-01 -4.188867073417e+00
2.820000 2.610121420361e-01 -4.218724591518e+00
2.830000 2.185668375769e-01 -4.244530445915e+00
2.840000 1.759047023379e-01 -4.266213523904e+00
2.850000 1.330675681482e-01 -4.283713418966e+00
2.860000 9.009775874697e-02 -4.296980940127e+00
2.870000 4.703797343385e-02 -4.305978531312e+00
2.880000 3.931167491179e-03 -4.310680594267e+00
2.890000 -3.917956960886e-02 -4.311073710003e+00
2.900000 -8.225113716220e-02 -4.307156755335e+00
2.910000 -1.252405462886e-01 -4.298940912640e+00
2.920000 -1.681050420158e-01 -4.286449572716e+00
2.930000 -2.108022233382e-01 -4.269718132245e+00
2.940000 -2.532901602288e-01 -4.248793689054e+00
2.950000 -2.955275066278e-01 -4.223734639902e+00
2.960000 -3.374736084977e-01 -4.194610186989e+00
2.970000 -3.790886061045e-01 -4.161499760686e+00
2.980000 -4.203335297752e-01 -4.124492367066e+00
2.990000 -4.611703884731e-01 -4.083685869794e+00
3.000000 -5.015622506389e-01 -4.039186216576e+00
3.010000 -5.414733168477e-01 -3.991106620885e+00
3.020000 -5.808689839467e-01 -3.939566709901e+00
3.030000 -6.197159004433e-01 -3.884691649661e+00
3.040000 -6.579820130254e-01 -3.826611258202e+00
3.050000 -6.956366041968e-01 -3.765459117139e+00
3.060000 -7.326503211122e-01 -3.701371691545e+00
3.070000 -7.689951957856e-01 -3.634487467341e+00
3.080000 -8.046446569314e-01 -3.564946114575e+00
3.090000 -8.395735337719e-01 -3.492887684053e+00
3.100000 -8.737580522105e-01 -3.418451843862e+00
3.110000 -9.071758238233e-01 -3.341777161275e+00
3.120000 -9.398058281687e-01 -3.263000434541e+00
3.130000 -9.716283889491e-01 -3.182256078045e+00
3.140000 -1.002625144583e+00 -3.099675563366e+00
3.150000 -1.032779013761e+00 -3.015386917826e+00
3.160000 -1.062074156574e+00 -2.929514281268e+00
3.170000 -1.090495931784e+00 -2.842177521031e+00
3.180000 -1.118030850828e+00 -2.753491904371e+00
3.190000 -1.144666529098e+00 -2.663567826980e+00
3.200000 -1.170391635055e+00 -2.572510595726e+00
3.210000 -1.195195837688e+00 -2.480420263306e+00
3.220000 -1.219069752809e+00 -2.387391512157e+00
3.230000 -1.242004888656e+00 -2.293513584702e+00
3.240000 -1.263993591225e+00 -2.198870256845e+00
3.250000 -1.285028989740e+00 -2.103539851471e+00
3.260000 -1.305104942627e+00 -2.007595288709e+00
3.270000 -1.324215984323e+00 -1.911104169677e+00
3.280000 -1.342357273229e+00 -1.814128890515e+00
3.290000 -1.359524541064e+00 -1.716726783579e+00
3.300000 -1.375714043893e+00 -1.618950282827e+00
3.310000 -1.390922514998e+00 -1.520847110571e+00
3.320000 -1.405147119828e+00 -1.422460482934e+00
3.330000 -1.418385413143e+00 -1.323829331561e+00
3.340000 -1.430635298537e+00 -1.224988539338e+00
3.350000 -1.441894990417e+00 -1.125969188039e+00
3.360000 -1.452162978578e+00 -1.026798816083e+00
3.370000 -1.461437995425e+00 -9.275016847273e-01
3.380000 -1.469718985938e+00 -8.280990512655e-01
3.390000 -1.477005080417e+00 -7.286094479407e-01
3.400000 -1.483295570072e+00 -6.290489654982e-01
3.410000 -1.488589885477e+00 -5.294315404311e-01
3.420000 -1.492887577928e+00 -4.297692451353e-01
3.430000 -1.496188303731e+00 -3.300725803149e-01
3.440000 -1.498491811422e+00 -2.303507690928e-01
3.450000 -1.499797931946e+00 -1.306120523790e-01
3.460000 -1.500106571797e+00 -3.086398512790e-02
3.470000 -1.499417709129e+00 6.888626682512e-02
3.480000 -1.497731392833e+00 1.686316296124e-01
3.490000 -1.495047744592e+00 2.683648241101e-01
3.500000 -1.491366963903e+00 3.680780688773e-01
3.510000 -1.486689336068e+00 4.677627835071e-01
3.520000 -1.481015243141e+00 5.674092926688e-01
3.530000 -1.474345177829e+00 6.670065311718e-01
3.540000 -1.466679760325e+00 7.665417504470e-01
3.550000 -1.458019758056e+00 8.660002269296e-01
3.560000 -1.448366108326e+00 9.653649729279e-01
3.570000 -1.437719943819e+00 1.064616450686e+00
3.580000 -1.426082620915e+00 1.163732290480e+00
3.590000 -1.413455750777e+00 1.262687013745e+00
3.600000 -1.399841233153e+00 1.361451762389e+00
3.610000 -1.385241292797e+00 1.459994035631e+00
3.620000 -1.369658518438e+00 1.558277435896e+00
3.630000 -1.353095904183e+00 1.656261425483e+00
3.640000 -1.335556893224e+00 1.753901095932e+00
3.650000 -1.317045423702e+00 1.851146952235e+00
3.660000 -1.297565976559e+00 1.947944714202e+00
3.670000 -1.277123625184e+00 2.044235137538e+00
3.680000 -1.255724086611e+00 2.139953857331e+00
3.690000 -1.233373774042e+00 2.235031256855e+00
3.700000 -1.210079850395e+00 2.329392364704e+00
3.710000 -1.185850282561e+00 2.422956783435e+00
3.720000 -1.160693896032e+00 2.515638652926e+00
3.730000 -1.134620429514e+00 2.607346651741e+00
3.740000 -1.107640589117e+00 2.697984039750e+00
3.750000 -1.079766101665e+00 2.787448745183e+00
3.760000 -1.051009766673e+00 2.875633499167e+00
3.770000 -1.021385506468e+00 2.962426020562e+00
3.780000 -9.909084139312e-01 3.047709253638e+00
3.790000 -9.595947973237e-01 3.131361660747e+00
3.800000 -9.274622216070e-01 3.213257571670e+00
3.810000 -8.945295456993e-01 3.293267590770e+00
3.820000 -8.608169550748e-01 3.371259062453e+00
3.830000 -8.263459891282e-01 3.447096594657e+00
3.840000 -7.911395627348e-01 3.520642639345e+00
3.850000 -7.552219814544e-01 3.591758128035e+00
3.860000 -7.186189498595e-01 3.660303159490e+00
3.870000 -6.813575725025e-01 3.726137735697e+00
3.880000 -6.434663470900e-01 3.789122541258e+00
3.890000 -6.049751494871e-01 3.849119760285e+00
3.900000 -5.659152102478e-01 3.905993923934e+00
3.910000 -5.263190824406e-01 3.959612780715e+00
3.920000 -4.862206006316e-01 4.009848180906e+00
3.930000 -4.456548309758e-01 4.056576965574e+00
3.940000 -4.046580124747e-01 4.099681850113e+00
3.950000 -3.632674895578e-01 4.139052291692e+00
3.960000 -3.215216362605e-01 4.174585329732e+00
3.970000 -2.794597723762e-01 4.206186388424e+00
3.980000 -2.371220720724e-01 4.233770030381e+00
3.990000 -1.945494655634e-01 4.257260650903e+00
4.000000 -1.517835345348e-01 4.276593102858e+00
4.010000 -1.088664021050e-01 4.291713242981e+00
4.020000 -6.584061819118e-02 4.302578391381e+00
4.030000 -2.274904121857e-02 4.309157697261e+00
4.040000 2.036528283313e-02 4.311432405170e+00
4.050000 6.345924300970e-02 4.309396017657e+00
4.060000 1.064897865272e-01 4.303054351751e+00
4.070000 1.494140414111e-01 4.292425488392e+00
4.080000 1.921894375671e-01 4.277539615597e+00
4.090000 2.347738252455e-01 4.258438767841e+00
4.100000 2.771255899025e-01 4.235176465704e+00
4.110000 3.192037625163e-01 4.207817261379e+00
4.120000 3.609681244860e-01 4.176436196963e+00
4.130000 4.023793063229e-01 4.141118183695e+00
4.140000 4.433988794356e-01 4.101957311273e+00
4.150000 4.839894404077e-01 4.059056097207e+00
4.160000 5.241146872750e-01 4.012524686728e+00
4.170000 5.637394874162e-01 3.962480014122e+00
4.180000 6.028299367810e-01 3.909044936484e+00
4.190000 6.413534102890e-01 3.852347350793e+00
4.200000 6.792786033382e-01 3.792519304920e+00
4.210000 7.165755644653e-01 3.729696112711e+00
4.220000 7.532157192919e-01 3.664015482658e+00
4.230000 7.891718859808e-01 3.595616668896e+00
4.240000 8.244182825050e-01 3.524639652422e+00
4.250000 8.589305260997e-01 3.451224359469e+00
4.260000 8.926856253296e-01 3.375509922991e+00
4.270000 9.256619652515e-01 3.297633992188e+00
4.280000 9.578392861916e-01 3.217732094010e+00
4.290000 9.891986566873e-01 3.135937049566e+00
4.300000 1.019722441162e+00 3.052378447439e+00
4.310000 1.049394262912e+00 2.967182175010e+00
4.320000 1.078198962993e+00 2.880470008087e+00
4.330000 1.106122555576e+00 2.792359258377e+00
4.340000 1.133152180354e+00 2.702962477730e+00
4.350000 1.159276052528e+00 2.612387217471e+00
4.360000 1.184483410935e+00 2.520735840700e+00
4.370000 1.208764464786e+00 2.428105385052e+00
4.380000 1.232110339517e+00 2.334587473089e+00
4.390000 1.254513022190e+00 2.240268267310e+00
4.400000 1.275965306856e+00 2.145228466590e+00
4.410000 1.296460740264e+00 2.049543340800e+00
4.420000 1.315993568267e+00 1.953282800337e+00
4.430000 1.334558683240e+00 1.856511497325e+00
4.440000 1.352151572794e+00 1.759288955329e+00
4.450000 1.368768270039e+00 1.661669724544e+00
4.460000 1.384405305635e+00 1.563703559552e+00
4.470000 1.399059661804e+00 1.465435616929e+00
4.480000 1.412728728506e+00 1.366906670156e+00
4.490000 1.425410261900e+00 1.268153339484e+00
4.500000 1.437102345247e+00 1.169208334616e+00
4.510000 1.447803352329e+00 1.070100708266e+00
4.520000 1.457511913518e+00 9.708561188582e-01
4.530000 1.466226884526e+00 8.714971008367e-01
4.540000 1.473947317938e+00 7.720433412263e-01
4.550000 1.480672437551e+00 6.725119612861e-01
4.560000 1.486401615574e+00 5.729178022477e-01
4.570000 1.491134352717e+00 4.732737142889e-01
4.580000 1.494870261197e+00 3.735908480297e-01
4.590000 1.497609050677e+00 2.738789479593e-01
4.600000 1.499350517150e+00 1.741466473050e-01
4.610000 1.500094534789e+00 7.440176394275e-02
4.620000 1.499841050759e+00 -2.534840298458e-02
4.630000 1.498590082999e+00 -1.250967760225e-01
4.640000 1.496341720977e+00 -2.248362021835e-01
4.650000 1.493096129419e+00 -3.245591557863e-01
4.660000 1.488853555003e+00 -4.242574415939e-01
4.670000 1.483614336018e+00 -5.239218985182e-01
4.680000 1.477378914976e+00 -6.235421041924e-01
4.690000 1.470147854168e+00 -7.231060807805e-01
4.700000 1.461921854144e+00 -8.226000024641e-01
4.710000 1.452701775092e+00 -9.220079051474e-01
4.720000 1.442488661102e+00 -1.021311399030e+00
4.730000 1.431283767254e+00 -1.120489384830e+00
4.740000 1.419088589508e+00 -1.219517774584e+00
4.750000 1.405904897327e+00 -1.318369218102e+00
4.760000 1.391734768963e+00 -1.417012836351e+00
4.770000 1.376580629331e+00 -1.515413963195e+00
4.780000 1.360445290360e+00 -1.613533897134e+00
4.790000 1.343331993711e+00 -1.711329664878e+00
4.800000 1.325244455723e+00 -1.808753798809e+00
4.810000 1.306186914418e+00 -1.905754130552e+00
4.820000 1.286164178386e+00 -2.002273603130e+00
4.830000 1.265181677343e+00 -2.098250104324e+00
4.840000 1.243245514102e+00 -2.193616324060e+00
4.850000 1.220362517714e+00 -2.288299638799e+00
4.860000 1.196540297454e+00 -2.382222026027e+00
4.870000 1.171787297334e+00 -2.475300012065e+00
4.880000 1.146112850769e+00 -2.567444656445e+00
4.890000 1.119527235008e+00 -2.658561576117e+00
4.900000 1.092041724881e+00 -2.748551012736e+00
4.910000 1.063668645420e+00 -2.837307946102e+00
4.920000 1.034421422852e+00 -2.924722256717e+00
4.930000 1.004314633451e+00 -3.010678940111e+00
4.940000 9.733640496986e-01 -3.095058375266e+00
4.950000 9.415866832080e-01 -3.177736649058e+00
4.960000 9.090008238272e-01 -3.258585938081e+00
4.970000 8.756260743409e-01 -3.337474948637e+00
4.980000 8.414833801910e-01 -3.414269414984e+00
4.990000 8.065950536397e-01 -3.488832655132e+00
5.000000 7.709847918132e-01 -3.561026182648e+00
5.010000 7.346776880932e-01 -3.630710371999e+00
5.020000 6.977002363533e-01 -3.697745173991e+00
5.030000 6.600803275845e-01 -3.761990876884e+00
5.040000 6.218472385075e-01 -3.823308907700e+00
5.050000 5.830316118345e-01 -3.881562667298e+00
5.060000 5.436654279169e-01 -3.936618391760e+00
5.070000 5.037819675991e-01 -3.988346031776e+00
5.080000 4.634157661905e-01 -4.036620140860e+00
5.090000 4.226025585650e-01 -4.081320762556e+00
5.100000 3.813792155025e-01 -4.122334306244e+00
5.110000 3.397836714952e-01 -4.159554400732e+00
5.120000 2.978548443483e-01 -4.192882714695e+00
5.130000 2.556325470185e-01 -4.222229732977e+00
5.140000 2.131573922381e-01 -4.247515478043e+00
5.150000 1.704706905748e-01 -4.268670166329e+00
5.160000 1.276143426757e-01 -4.285634789905e+00
5.170000 8.463072652759e-02 -4.298361614813e+00
5.180000 4.156258064271e-02 -4.306814588487e+00
5.190000 -1.547115857636e-03 -4.310969650035e+00
5.200000 -4.465526524275e-02 -4.310814938511e+00
5.210000 -8.771877420226e-02 -4.306350895951e+00
5.220000 -1.306946768375e-01 -4.297590263527e+00
5.230000 -1.735402565464e-01 -4.284557970891e+00
5.240000 -2.162131657509e-01 -4.267290920442e+00
5.250000 -2.586715424500e-01 -4.245837669911e+00
5.260000 -3.008741226317e-01 -4.220258018175e+00
5.270000 -3.427803476386e-01 -4.190622500685e+00
5.280000 -3.843504656599e-01 -4.157011802136e+00
5.290000 -4.255456266111e-01 -4.119516095120e+00
5.300000 -4.663279697550e-01 -4.078234314388e+00
5.310000 -5.066607035252e-01 -4.033273377018e+00
5.320000 -5.465081771175e-01 -3.984747359234e+00
5.330000 -5.858359435261e-01 -3.932776640851e+00
5.340000 -6.246108138090e-01 -3.877487028298e+00
5.350000 -6.628009024790e-01 -3.819008866999e+00
5.360000 -7.003756640137e-01 -3.757476153468e+00
5.370000 -7.373059205829e-01 -3.693025656922e+00
5.380000 -7.735638811781e-01 -3.625796059514e+00
5.390000 -8.091231524126e-01 -3.555927123449e+00
5.400000 -8.439587413361e-01 -3.483558892352e+00
5.410000 -8.780470506687e-01 -3.408830933265e+00
5.420000 -9.113658669154e-01 -3.331881624667e+00
5.430000 -9.438943418641e-01 -3.252847494867e+00
5.440000 -9.756129680056e-01 -3.171862614154e+00
5.450000 -1.006503548436e+00 -3.089058043082e+00
5.460000 -1.036549161820e+00 -3.004561338400e+00
5.470000 -1.065734122993e+00 -2.918496117235e+00
5.480000 -1.094043939787e+00 -2.830981679428e+00
5.490000 -1.121465266659e+00 -2.742132687164e+00
5.500000 -1.147985855664e+00 -2.652058900499e+00
5.510000 -1.173594505332e+00 -2.560864966828e+00
5.520000 -1.198281007951e+00 -2.468650261952e+00
5.530000 -1.222036095752e+00 -2.375508780040e+00
5.540000 -1.244851386447e+00 -2.281529069552e+00
5.550000 -1.266719328567e+00 -2.186794211990e+00
5.560000 -1.287633146970e+00 -2.091381840255e+00
5.570000 -1.307586788903e+00 -1.995364193341e+00
5.580000 -1.326574870944e+00 -1.898808204108e+00
5.590000 -1.344592627114e+00 -1.801775616933e+00
5.600000 -1.361635858435e+00 -1.704323132144e+00
5.610000 -1.377700884178e+00 -1.606502574272e+00
5.620000 -1.392784494991e+00 -1.508361081321e+00
5.630000 -1.406883908115e+00 -1.409941312422e+00
5.640000 -1.419996724830e+00 -1.311281671453e+00
5.650000 -1.432120890273e+00 -1.212416544370e+00
5.660000 -1.443254655756e+00 -1.113376548247e+00
5.670000 -1.453396543658e+00 -1.014188790191e+00
5.680000 -1.462545315003e+00 -9.148771344954e-01
5.690000 -1.470699939769e+00 -8.154624766377e-01
5.700000 -1.477859569998e+00 -7.159630228367e-01
5.710000 -1.484023515739e+00 -6.163945741230e-01
5.720000 -1.489191223879e+00 -5.167708139955e-01
5.730000 -1.493362259868e+00 -4.171035988963e-01
5.740000 -1.496536292376e+00 -3.174032508605e-01
5.750000 -1.498713080894e+00 -2.176788518098e-01
5.760000 -1.499892466285e+00 -1.179385390531e-01
5.770000 -1.500074364301e+00 -1.818980163286e-02
5.780000 -1.499258762073e+00 8.156022278399e-02
5.790000 -1.497445717566e+00 1.813044507323e-01
5.800000 -1.494635362009e+00 2.810355557327e-01
5.810000 -1.490827905296e+00 3.807456712682e-01
5.820000 -1.486023644354e+00 4.804260942074e-01
5.830000 -1.480222974464e+00 5.800669889566e-01
5.840000 -1.473426403538e+00 6.796570926804e-01
5.850000 -1.465634569318e+00 7.791834219956e-01
5.860000 -1.456848259501e+00 8.786309816351e-01
5.870000 -1.447068434745e+00 9.779824756810e-01
5.880000 -1.436296254524e+00 1.077218022090e+00
5.890000 -1.424533105810e+00 1.176314871370e+00
5.900000 -1.411780634506e+00 1.275247130426e+00
5.910000 -1.398040779578e+00 1.373985492751e+00
5.920000 -1.383315809815e+00 1.472496976327e+00
5.930000 -1.367608363107e+00 1.570744670788e+00
5.940000 -1.350921488151e+00 1.668687495593e+00
5.950000 -1.333258688440e+00 1.766279971153e+00
5.960000 -1.314623968389e+00 1.863472005090e+00
5.970000 -1.295021881429e+00 1.960208695964e+00
5.980000 -1.274457579859e+00 2.056430157041e+00
5.990000 -1.252936866230e+00 2.152071362835e+00
6.000000 -1.230466246017e+00 2.247062021339e+00
6.010000 -1.207052981267e+00 2.341326474989e+00
6.020000 -1.182705144932e+00 2.434783633529e+00
6.030000 -1.157431675511e+00 2.527346942025e+00
6.040000 -1.131242431639e+00 2.618924387291e+00
6.050000 -1.104148246179e+00 2.709418545975e+00
6.060000 -1.076160979404e+00 2.798726677488e+00
6.070000 -1.047293570756e+00 2.886740864774e+00
6.080000 -1.017560088699e+00 2.973348205731e+00
6.090000 -9.869757781212e-01 3.058431057766e+00
6.100000 -9.555571047454e-01 3.141867337580e+00
6.110000 -9.233217959672e-01 3.223530877813e+00
6.120000 -8.902888775513e-01 3.303291841596e+00
6.130000 -8.564787055972e-01 3.381017195407e+00
6.140000 -8.219129931983e-01 3.456571239887e+00
6.150000 -7.866148312238e-01 3.529816197450e+00
6.160000 -7.506087026777e-01 3.600612854619e+00
6.170000 -7.139204901168e-01 3.668821256088e+00
6.180000 -6.765774756517e-01 3.734301446511e+00
6.190000 -6.386083331017e-01 3.796914255002e+00
6.200000 -6.000431119383e-01 3.856522116332e+00
6.210000 -5.609132127203e-01 3.912989921801e+00
6.220000 -5.212513538018e-01 3.966185891848e+00
6.230000 -4.810915291860e-01 4.015982461584e+00
6.240000 -4.404689574891e-01 4.062257169694e+00
6.250000 -3.994200220838e-01 4.104893540523e+00
6.260000 -3.579822025968e-01 4.143781948703e+00
6.270000 -3.161939980425e-01 4.178820455427e+00
6.280000 -2.740948419891e-01 4.209915605340e+00
6.290000 -2.317250102568e-01 4.236983173235e+00
6.300000 -1.891255217564e-01 4.259948850038e+00
6.310000 -1.463380331745e-01 4.278748858192e+00
6.320000 -1.034047283009e-01 4.293330487362e+00
6.330000 -6.036820287693e-02 4.303652542392e+00
6.340000 -1.727134591030e-02 4.309685696664e+00
6.350000 2.584278154359e-02 4.311412745389e+00
6.360000 6.893106909235e-02 4.308828754876e+00
6.370000 1.119504801466e-01 4.301941105428e+00
6.380000 1.548581744185e-01 4.290769427185e+00
6.390000 1.976116287179e-01 4.275345429942e+00
6.400000 2.401687550138e-01 4.255712629591e+00
6.410000 2.824880147685e-01 4.231925975471e+00
6.420000 3.245285286124e-01 4.204051384384e+00
6.430000 3.662501804960e-01 4.172165188366e+00
6.440000 4.076137155411e-01 4.136353504513e+00
6.450000 4.485808309023e-01 4.096711536114e+00
6.460000 4.891142590536e-01 4.053342815132e+00
6.470000 5.291778430196e-01 4.006358396600e+00
6.480000 5.687366031780e-01 3.955876015843e+00
6.490000 6.077567953731e-01 3.902019219510e+00
6.500000 6.462059601861e-01 3.844916481301e+00
6.510000 6.840529633155e-01 3.784700312940e+00
6.520000 7.212680271203e-01 3.721506380473e+00
6.530000 7.578227534733e-01 3.655472635307e+00
6.540000 7.936901381596e-01 3.586738468629e+00
6.550000 8.288445771294e-01 3.515443896978e+00
6.560000 8.632618649874e-01 3.441728785796e+00
6.570000 8.969191861549e-01 3.365732116753e+00
6.580000 9.297950991918e-01 3.287591303691e+00
6.590000 9.618695148013e-01 3.207441560952e+00
6.600000 9.931236680706e-01 3.125415326931e+00
6.610000 1.023540085518e+00 3.041641744717e+00
6.620000 1.053102547526e+00 2.956246200826e+00
6.630000 1.081796046748e+00 2.869349922214e+00
6.640000 1.109606743059e+00 2.781069631043e+00
6.650000 1.136521915619e+00 2.691517256024e+00
6.660000 1.162529912605e+00 2.600799698601e+00
6.670000 1.187620099123e+00 2.509018651819e+00
6.680000 1.211782803816e+00 2.416270469286e+00
6.690000 1.235009264630e+00 2.322646081418e+00
6.700000 1.257291574189e+00 2.228230955882e+00
6.710000 1.278622625180e+00 2.133105099068e+00
6.720000 1.298996056133e+00 2.037343095333e+00
6.730000 1.318406197940e+00 1.941014180727e+00
6.740000 1.336848021420e+00 1.844182347989e+00
6.750000 1.354317086217e+00 1.746906479672e+00
6.760000 1.370809491280e+00 1.649240506346e+00
6.770000 1.386321827151e+00 1.551233587032e+00
6.780000 1.400851130242e+00 1.452930309145e+00
6.790000 1.414394839296e+00 1.354370905424e+00
6.800000 1.426950754152e+00 1.255591485548e+00
6.810000 1.438516996955e+00 1.156624280299e+00
6.820000 1.449091975919e+00 1.057497896374e+00
6.830000 1.458674351720e+00 9.582375801358e-01
6.840000 1.467263006608e+00 8.588654887826e-01
6.850000 1.474857016284e+00 7.594009676224e-01
6.860000 1.481455624607e+00 6.598608322955e-01
6.870000 1.487058221157e+00 5.602596549673e-01
6.880000 1.491664321693e+00 4.606100536606e-01
6.890000 1.495273551533e+00 3.609229840268e-01
6.900000 1.497885631863e+00 2.612080329814e-01
6.910000 1.499500369000e+00 1.614737137260e-01
6.920000 1.500117646618e+00 6.172776176565e-02
6.930000 1.499737420934e+00 -3.802256840370e-02
6.940000 1.498359718872e+00 -1.377702062145e-01
6.950000 1.495984639194e+00 -2.375079678014e-01
6.960000 1.492612356605e+00 -3.372282588638e-01
6.970000 1.488243128827e+00 -4.369227778619e-01
6.980000 1.482877306629e+00 -5.365822198126e-01
6.990000 1.476515346819e+00 -6.361959809977e-01
7.000000 1.469157828169e+00 -7.357518649600e-01
7.010000 1.460805470267e+00 -8.352357902403e-01
7.020000 1.451459155263e+00 -9.346315004073e-01
7.030000 1.441119952492e+00 -1.033920277049e+00
7.040000 1.429789145927e+00 -1.133080656522e+00
7.050000 1.417468264413e+00 -1.232088151405e+00
7.060000 1.404159114635e+00 -1.330914977767e+00
7.070000 1.389863816740e+00 -1.429529789520e+00
7.080000 1.374584842527e+00 -1.527897421337e+00
7.090000 1.358325056109e+00 -1.625978641793e+00
7.100000 1.341087756923e+00 -1.723729918583e+00
7.110000 1.322876724944e+00 -1.821103197901e+00
7.120000 1.303696267941e+00 -1.918045700233e+00
7.130000 1.283551270591e+00 -2.014499735060e+00
7.140000 1.262447245220e+00 -2.110402537102e+00
7.150000 1.240390383950e+00 -2.205686126980e+00
7.160000 1.217387611958e+00 -2.300277199243e+00
7.170000 1.193446641548e+00 -2.394097040926e+00
7.180000 1.168576026710e+00 -2.487061483813e+00
7.190000 1.142785217773e+00 -2.579080893697e+00
7.200000 1.116084615774e+00 -2.670060199889e+00
7.210000 1.088485626092e+00 -2.759898968188e+00
7.220000 1.060000710888e+00 -2.848491520416e+00
7.230000 1.030643439854e+00 -2.935727103404e+00
7.240000 1.000428538754e+00 -3.021490110070e+00
7.250000 9.693719352048e-01 -3.105660354871e+00
7.260000 9.374908011502e-01 -3.188113405465e+00
7.270000 9.048035914312e-01 -3.268720971895e+00
7.280000 8.713300778912e-01 -3.347351353999e+00
7.290000 8.370913784210e-01 -3.423869947021e+00
7.300000 8.021099803748e-01 -3.498139804627e+00
7.310000 7.664097577980e-01 -3.570022257672e+00
7.320000 7.300159819369e-01 -3.639377586117e+00
7.330000 6.929553245314e-01 -3.706065740542e+00
7.340000 6.552558534446e-01 -3.769947108686e+00
7.350000 6.169470202303e-01 -3.830883321429e+00
7.360000 5.780596393139e-01 -3.888738091640e+00
7.370000 5.386258585306e-01 -3.943378078332e+00
7.380000 4.986791208537e-01 -3.994673767686e+00
7.390000 4.582541172367e-01 -4.042500361706e+00
7.400000 4.173867305910e-01 -4.086738664561e+00
7.410000 3.761139710294e-01 -4.127275956166e+00
7.420000 3.344739026076e-01 -4.164006842181e+00
7.430000 2.925055619132e-01 -4.196834069440e+00
7.440000 2.502488689544e-01 -4.225669295877e+00
7.450000 2.077445309118e-01 -4.250433804259e+00
7.460000 1.650339394162e-01 -4.271059149557e+00
7.470000 1.221590621113e-01 -4.287487730493e+00
7.480000 7.916232934426e-02 -4.299673276704e+00
7.490000 3.608651690273e-02 -4.307581244153e+00
7.500000 -7.025374224020e-03 -4.311189112675e+00
7.510000 -5.013024003434e-02 -4.310486581032e+00
7.520000 -9.318499659854e-02 -4.305475656420e+00
7.530000 -1.361467029687e-01 -4.296170637017e+00
7.540000 -1.789726828471e-01 -4.282597987840e+00
7.550000 -2.216206439659e-01 -4.264796111877e+00
7.560000 -2.640487941665e-01 -4.242815020066e+00
7.570000 -3.062159532190e-01 -4.216715905248e+00
7.580000 -3.480816594853e-01 -4.186570626628e+00
7.590000 -3.896062706107e-01 -4.152461112539e+00
7.600000 -4.307510575143e-01 -4.114478690360e+00
7.610000 -4.714782910475e-01 -4.072723353326e+00
7.620000 -5.117513207933e-01 -4.027302974580e+00
7.630000 -5.515346455861e-01 -3.978332479274e+00
7.640000 -5.907939754429e-01 -3.925932985683e+00
7.650000 -6.294962847058e-01 -3.870230926286e+00
7.660000 -6.676098563012e-01 -3.811357159545e+00
7.670000 -7.051043171280e-01 -3.749446082683e+00
7.680000 -7.419506646797e-01 -3.684634755169e+00
7.690000 -7.781212850990e-01 -3.617062041930e+00
7.700000 -8.135899629433e-01 -3.546867784431e+00
7.710000 -8.483318830120e-01 -3.474192006867e+00
7.720000 -8.823236246494e-01 -3.399174163738e+00
7.730000 -9.155431489898e-01 -3.321952434041e+00
7.740000 -9.479697796531e-01 -3.242663066332e+00
7.750000 -9.795841774321e-01 -3.161439777893e+00
7.760000 -1.010368309535e+00 -3.078413210278e+00
7.770000 -1.040305413961e+00 -2.993710442623e+00
7.780000 -1.069379959594e+00 -2.907454563247e+00
7.790000 -1.097577602587e+00 -2.819764299322e+00
7.800000 -1.124885139624e+00 -2.730753703696e+00
7.810000 -1.151290458598e+00 -2.640531897391e+00
7.820000 -1.176782487255e+00 -2.549202865767e+00
7.830000 -1.201351140315e+00 -2.456865305956e+00
7.840000 -1.224987265543e+00 -2.363612522833e+00
7.850000 -1.247682589249e+00 -2.269532370553e+00
7.860000 -1.269429661614e+00 -2.174707236516e+00
7.870000 -1.290221802259e+00 -2.079214064526e+00
7.880000 -1.310053046398e+00 -1.983124413865e+00
7.890000 -1.328918091908e+00 -1.886504551038e+00
7.900000 -1.346812247618e+00 -1.789415570996e+00
7.910000 -1.363731383066e+00 -1.691913544757e+00
7.920000 -1.379671879971e+00 -1.594049690484e+00
7.930000 -1.394630585623e+00 -1.495870565227e+00
7.940000 -1.408604768370e+00 -1.397418274745e+00
7.950000 -1.421592075360e+00 -1.298730698974e+00
7.960000 -1.433590492670e+00 -1.199841730969e+00
7.970000 -1.444598307943e+00 -1.100781527286e+00
7.980000 -1.454614075623e+00 -1.001576768030e+00
7.990000 -1.463636584872e+00 -9.022509249604e-01
8.000000 -1.471664830235e+00 -8.028245362513e-01
8.010000 -1.478697985102e+00 -7.033154866845e-01
8.020000 -1.484735378024e+00 -6.037392922209e-01
8.030000 -1.489776471905e+00 -5.041093880557e-01
8.040000 -1.493820846099e+00 -4.044374194020e-01
8.050000 -1.496868181442e+00 -3.047335343778e-01
8.060000 -1.498918248227e+00 -2.050066784747e-01
8.070000 -1.499970897129e+00 -1.052648901849e-01
8.080000 -1.500026053103e+00 -5.515597432335e-03
8.090000 -1.499083712248e+00 9.423408548658e-02
8.100000 -1.497143941641e+00 1.939770607107e-01
8.110000 -1.494206882145e+00 2.937059496095e-01
8.120000 -1.490272754187e+00 3.934127958019e-01
8.130000 -1.485341866501e+00 4.930887686553e-01
8.140000 -1.479414627825e+00 5.927238675537e-01
8.150000 -1.472491561552e+00 6.923066272807e-01
8.160000 -1.464573323303e+00 7.918238249350e-01
8.170000 -1.455660721414e+00 8.912601888847e-01
8.180000 -1.445754740310e+00 9.905981103759e-01
8.190000 -1.434856566725e+00 1.089817358535e+00
8.200000 -1.422967618729e+00 1.188894799641e+00
8.210000 -1.410089577511e+00 1.287804121712e+00
8.220000 -1.396224421856e+00 1.386515565592e+00
8.230000 -1.381374465216e+00 1.484995663942e+00
8.240000 -1.365542395319e+00 1.583206989700e+00
8.250000 -1.348731316161e+00 1.681107915785e+00
8.260000 -1.330944792281e+00 1.778652388026e+00
8.270000 -1.312186895146e+00 1.875789713505e+00
8.280000 -1.292462251479e+00 1.972464366680e+00
8.290000 -1.271776093320e+00 2.068615815899e+00
8.300000 -1.250134309590e+00 2.164178373034e+00
8.310000 -1.227543498898e+00 2.259081069195e+00
8.320000 -1.204011023302e+00 2.353247559569e+00
8.330000 -1.179545062697e+00 2.446596060570e+00
8.340000 -1.154154669471e+00 2.539039322552e+00
8.350000 -1.127849823058e+00 2.630484641347e+00
8.360000 -1.100641483939e+00 2.720833911881e+00
8.370000 -1.072541646669e+00 2.809983727011e+00
8.380000 -1.043563391423e+00 2.897825524588e+00
8.390000 -1.013720933568e+00 2.984245785493e+00
8.400000 -9.830296707167e-01 3.069126285106e+00
8.410000 -9.515062267144e-01 3.152344400234e+00
8.420000 -9.191684919837e-01 3.233773473071e+00
8.430000 -8.860356596522e-01 3.313283233144e+00
8.440000 -8.521282568765e-01 3.390740277579e+00
8.450000 -8.174681707844e-01 3.466008609209e+00
8.460000 -7.820786684717e-01 3.538950231270e+00
8.470000 -7.459844105067e-01 3.609425796500e+00
8.480000 -7.092114574316e-01 3.677295307510e+00
8.490000 -6.717872687887e-01 3.742418864291e+00
8.500000 -6.337406942513e-01 3.804657453738e+00
8.510000 -5.951019565010e-01 3.863873775024e+00
8.520000 -5.559026255641e-01 3.919933093695e+00
8.530000 -5.161755843998e-01 3.972704116425e+00
8.540000 -4.759549856246e-01 4.022059877526e+00
8.550000 -4.352761993490e-01 4.067878627553e+00
8.560000 -3.941757522113e-01 4.110044713774e+00
8.570000 -3.526912577933e-01 4.148449441804e+00
8.580000 -3.108613387185e-01 4.182991907479e+00
8.590000 -2.687255408387e-01 4.213579787975e+00
8.600000 -2.263242400252e-01 4.240130081350e+00
8.610000 -1.836985421842e-01 4.262569784101e+00
8.620000 -1.408901772152e-01 4.280836496905e+00
8.630000 -9.794138771916e-02 4.294878949601e+00
8.640000 -5.489481334439e-02 4.304657437477e+00
8.650000 -1.179337172251e-02 4.310144162189e+00
8.660000 3.131986299773e-02 4.311323472024e+00
8.670000 7.440178297517e-02 4.308191997744e+00
8.680000 1.174093697940e-01 4.300758681887e+00
8.690000 1.602998168045e-01 4.289044701046e+00
8.700000 2.030306496282e-01 4.273083282368e+00
8.710000 2.455598437996e-01 4.252919417139e+00
8.720000 2.878459385588e-01 4.228609475928e+00
8.730000 3.298481458710e-01 4.200220731217e+00
8.740000 3.715264538189e-01 4.167830794794e+00
8.750000 4.128417236021e-01 4.131526978319e+00
8.760000 4.537557794664e-01 4.091405586428e+00
8.770000 4.942314909916e-01 4.047571152517e+00
8.780000 5.342328472696e-01 4.000135627799e+00
8.790000 5.737250226155e-01 3.949217534595e+00
8.800000 6.126744335637e-01 3.894941094820e+00
8.810000 6.510487870090e-01 3.837435344529e+00
8.820000 6.888171194592e-01 3.776833245020e+00
8.830000 7.259498274642e-01 3.713270800499e+00
8.840000 7.624186893805e-01 3.646886191626e+00
8.850000 7.981968787153e-01 3.577818933481e+00
8.860000 8.332589693713e-01 3.506209065608e+00
8.870000 8.675809331795e-01 3.432196380817e+00
8.880000 9.011401301640e-01 3.355919698451e+00
8.890000 9.339152920319e-01 3.277516186788e+00
8.900000 9.658864994145e-01 3.197120738256e+00
8.910000 9.970351534160e-01 3.114865400151e+00
8.920000 1.027343942042e+00 3.030878862619e+00
8.930000 1.056796802090e+00 2.945286004805e+00
8.940000 1.085378877083e+00 2.858207499245e+00
8.950000 1.113076471822e+00 2.769759473896e+00
8.960000 1.139877004127e+00 2.680053230556e+00
8.970000 1.165768954306e+00 2.589195017872e+00
8.980000 1.190741812873e+00 2.497285856717e+00
8.990000 1.214786027026e+00 2.404421415331e+00
9.000000 1.237892946340e+00 2.310691931342e+00
9.010000 1.260054768116e+00 2.216182177615e+00
9.020000 1.281264482803e+00 2.120971468697e+00
9.030000 1.301515819849e+00 2.025133704622e+00
9.040000 1.320803194337e+00 1.928737448792e+00
9.050000 1.339121654704e+00 1.831846036717e+00
9.060000 1.356466831829e+00 1.734517712492e+00
9.070000 1.372834889729e+00 1.636805789981e+00
9.080000 1.388222478088e+00 1.538758835877e+00
9.090000 1.402626686807e+00 1.440420871934e+00
9.100000 1.416045002746e+00 1.341831593896e+00
9.110000 1.428475268794e+00 1.243026604811e+00
9.120000 1.439915645401e+00 1.144037660657e+00
9.130000 1.450364574664e+00 1.044892926375e+00
9.140000 1.459820747071e+00 9.456172406426e-01
9.150000 1.468283070950e+00 8.462323878938e-01
9.160000 1.475750644713e+00 7.467573762762e-01
9.170000 1.482222731917e+00 6.472087204319e-01
9.180000 1.487698739198e+00 5.476007281325e-01
9.190000 1.492178197098e+00 4.479457899568e-01
9.200000 1.495660743811e+00 3.482546713288e-01
9.210000 1.498146111875e+00 2.485368063534e-01
9.220000 1.499634117804e+00 1.488005929859e-01
9.230000 1.500124654696e+00 4.905368915037e-02
9.240000 1.499617687791e+00 -5.069669050747e-02
9.250000 1.498113253016e+00 -1.504434775085e-01
9.260000 1.495611458493e+00 -2.501794523119e-01
9.270000 1.492112489021e+00 -3.498969472063e-01
9.280000 1.487616613525e+00 -4.495875495666e-01
9.290000 1.482124195468e+00 -5.492418057468e-01
9.300000 1.475635706208e+00 -6.488489259305e-01
9.310000 1.468151741305e+00 -7.483964903205e-01
9.320000 1.459673039734e+00 -8.478701571342e-01
9.330000 1.450200506004e+00 -9.472533729706e-01
9.340000 1.439735235142e+00 -1.046527086232e+00
9.350000 1.428278540497e+00 -1.145669464414e+00
9.360000 1.415831984335e+00 -1.244655616237e+00
9.370000 1.402397411138e+00 -1.343457319734e+00
9.380000 1.387976983562e+00 -1.442042757608e+00
9.390000 1.372573220948e+00 -1.540376261359e+00
9.400000 1.356189040290e+00 -1.638418065841e+00
9.410000 1.338827799528e+00 -1.736124076169e+00
9.420000 1.320493343038e+00 -1.833445649049e+00
9.430000 1.301190049129e+00 -1.930329390834e+00
9.440000 1.280922879381e+00 -2.026716974813e+00
9.450000 1.259697429577e+00 -2.122544980396e+00
9.460000 1.237519982006e+00 -2.217744757082e+00
9.470000 1.214397558844e+00 -2.312242316195e+00
9.480000 1.190337976309e+00 -2.405958253539e+00
9.490000 1.165349899247e+00 -2.498807706185e+00
9.500000 1.139442895780e+00 -2.590700346660e+00
9.510000 1.112627491602e+00 -2.681540417807e+00
9.520000 1.084915223487e+00 -2.771226811498e+00
9.530000 1.056318691544e+00 -2.859653194301e+00
9.540000 1.026851609715e+00 -2.946708182940e+00
9.550000 9.965288539933e-01 -3.032275572169e+00
9.560000 9.653665078206e-01 -3.116234617270e+00
9.570000 9.333819040910e-01 -3.198460372963e+00
9.580000 9.005936631913e-01 -3.278824089968e+00
9.590000 8.670217264931e-01 -3.357193669821e+00
9.600000 8.326873847147e-01 -3.433434177841e+00
9.610000 7.976133005812e-01 -3.507408413346e+00
9.620000 7.618235252279e-01 -3.578977535329e+00
9.630000 7.253435078189e-01 -3.648001740900e+00
9.640000 6.882000978910e-01 -3.714340992794e+00
9.650000 6.504215399785e-01 -3.777855791251e+00
9.660000 6.120374601329e-01 -3.838407984561e+00
9.670000 5.730788440172e-01 -3.895861611566e+00
9.680000 5.335780063328e-01 -3.950083768442e+00
9.690000 4.935685514205e-01 -4.000945491225e+00
9.700000 4.530853249732e-01 -4.048322644731e+00
9.710000 4.121643568945e-01 -4.092096807868e+00
9.720000 3.708427954463e-01 -4.132156144826e+00
9.730000 3.291588329333e-01 -4.168396251295e+00
9.740000 2.871516232862e-01 -4.200720964713e+00
9.750000 2.448611920098e-01 -4.229043127639e+00
9.760000 2.023283390738e-01 -4.253285293603e+00
9.770000 1.595945354202e-01 -4.273380365356e+00
9.780000 1.167018138588e-01 -4.289272156139e+00
9.790000 7.369265520302e-02 -4.300915865582e+00
9.800000 3.060987057321e-02 -4.308278462982e+00
9.810000 -1.250351914735e-02 -4.311338972055e+00
9.820000 -5.560440567455e-02 -4.310088652720e+00
9.830000 -9.864971644506e-02 -4.304531077051e+00
9.840000 -1.415965374273e-01 -4.294682098223e+00
9.850000 -1.844022345565e-01 -4.280569712920e+00
9.860000 -2.270245727503e-01 -4.262233819382e+00
9.870000 -2.694218314990e-01 -4.239725874870e+00
9.880000 -3.115529160775e-01 -4.213108457853e+00
9.890000 -3.533774634939e-01 -4.182454741640e+00
9.900000 -3.948559423676e-01 -4.147847887370e+00
9.910000 -4.359497460212e-01 -4.109380365358e+00
9.920000 -4.766212781674e-01 -4.067153214619e+00
9.930000 -5.168340306772e-01 -4.021275250983e+00
9.940000 -5.565526530237e-01 -3.971862234650e+00
9.950000 -5.957430131052e-01 -3.919036008150e+00
9.960000 -6.343722492618e-01 -3.862923615659e+00
9.970000 -6.724088134053e-01 -3.803656414343e+00
9.980000 -7.098225052849e-01 -3.741369187968e+00
9.990000 -7.465844980091e-01 -3.676199272415e+00
10.000000 -7.826673550290e-01 -3.608285701994e+00
10.010000 -8.180450388751e-01 -3.537768384602e+00
10.020000 -8.526929120036e-01 -3.464787312856e+00
10.030000 -8.865877301767e-01 -3.389481817309e+00
10.040000 -9.197076288457e-01 -3.311989866900e+00
10.050000 -9.520321030530e-01 -3.232447420731e+00
10.060000 -9.835419813958e-01 -3.150987834282e+00
10.070000 -1.014219394618e+00 -3.067741322251e+00
10.080000 -1.044047739411e+00 -2.982834479247e+00
10.090000 -1.073011637999e+00 -2.896389858803e+00
10.100000 -1.101096894102e+00 -2.808525610365e+00
10.110000 -1.128290445835e+00 -2.719355173292e+00
10.120000 -1.154580316098e+00 -2.628987026284e+00
10.130000 -1.179955561000e+00 -2.537524490208e+00
10.140000 -1.204406216819e+00 -2.445065581850e+00
10.150000 -1.227923245977e+00 -2.351702915851e+00
10.160000 -1.250498482495e+00 -2.257523651805e+00
10.170000 -1.272124577329e+00 -2.162609483393e+00
10.180000 -1.292794943992e+00 -2.067036666277e+00
10.190000 -1.312503704807e+00 -1.970876081513e+00
10.200000 -1.331245638119e+00 -1.874193331211e+00
10.210000 -1.349016126752e+00 -1.777048863283e+00
10.220000 -1.365811107974e+00 -1.679498122204e+00
10.230000 -1.381627025203e+00 -1.581591722866e+00
10.240000 -1.396460781650e+00 -1.483375644760e+00
10.250000 -1.410309696090e+00 -1.384891443909e+00
10.260000 -1.423171460891e+00 -1.286176480173e+00
10.270000 -1.435044102469e+00 -1.187264157748e+00
10.280000 -1.445925944237e+00 -1.088184176872e+00
10.290000 -1.455815572187e+00 -9.889627949805e-01
10.300000 -1.464711803145e+00 -8.896230957330e-01
10.310000 -1.472613655790e+00 -7.901852645269e-01
10.320000 -1.479520324483e+00 -6.906668693020e-01
10.330000 -1.485431155939e+00 -5.910831456010e-01
10.340000 -1.490345628789e+00 -4.914472850100e-01
10.350000 -1.494263336051e+00 -3.917707262429e-01
10.360000 -1.497183970534e+00 -2.920634482547e-01
10.370000 -1.499107313183e+00 -1.923342648799e-01
10.380000 -1.500033224389e+00 -9.259112058011e-02
10.390000 -1.499961638258e+00 7.158613045269e-03
10.400000 -1.498892559855e+00 1.069078402721e-01
10.410000 -1.496826065415e+00 2.066494440448e-01
10.420000 -1.493762305527e+00 3.063759887870e-01
10.430000 -1.489701511292e+00 4.060794234664e-01
10.440000 -1.484644003441e+00 5.057507851744e-01
10.450000 -1.478590204406e+00 6.053799035158e-01
10.460000 -1.471540653344e+00 7.049551061613e-01
10.470000 -1.463496024084e+00 8.044629259920e-01
10.480000 -1.454457145980e+00 9.038878103542e-01
10.490000 -1.444425027650e+00 1.003211833056e+00
10.500000 -1.433400883551e+00 1.102414409859e+00
10.510000 -1.421386163368e+00 1.201472018369e+00
10.520000 -1.408382584134e+00 1.300357923369e+00
10.530000 -1.394392165046e+00 1.399041908842e+00
10.540000 -1.379417264865e+00 1.497490018064e+00
10.550000 -1.363460621831e+00 1.595664303394e+00
10.560000 -1.346525395956e+00 1.693522587542e+00
10.570000 -1.328615213572e+00 1.791018238337e+00
10.580000 -1.309734213980e+00 1.888099959184e+00
10.590000 -1.289887098004e+00 1.984711597640e+00
10.600000 -1.269079178257e+00 2.080791974698e+00
10.610000 -1.247316430881e+00 2.176274737581e+00
10.620000 -1.224605548491e+00 2.271088238975e+00
10.630000 -1.200953994033e+00 2.365155445799e+00
10.640000 -1.176370055226e+00 2.458393880691e+00
10.650000 -1.150862899232e+00 2.550715599475e+00
10.660000 -1.124442627153e+00 2.642027207865e+00
10.670000 -1.097120327947e+00 2.732229920653e+00
10.680000 -1.068908131281e+00 2.821219666515e+00
10.690000 -1.039819258867e+00 2.908887241401e+00
10.700000 -1.009868073735e+00 2.995118513235e+00
10.710000 -9.790701269318e-01 3.079794680320e+00
10.720000 -9.474422010774e-01 3.162792585445e+00
10.730000 -9.150023502057e-01 3.243985087166e+00
10.740000 -8.817699353140e-01 3.323241489167e+00
10.750000 -8.477656550350e-01 3.400428027905e+00
10.760000 -8.130115708549e-01 3.475408418010e+00
10.770000 -7.775311263147e-01 3.548044454023e+00
10.780000 -7.413491596525e-01 3.618196666213e+00
10.790000 -7.044919093808e-01 3.685725027176e+00
10.800000 -6.669870123308e-01 3.750489704998e+00
10.810000 -6.288634937539e-01 3.812351857689e+00
10.820000 -5.901517491277e-01 3.871174462624e+00
10.830000 -5.508835173904e-01 3.926823173727e+00
10.840000 -5.110918454081e-01 3.979167198234e+00
10.850000 -4.708110435679e-01 4.028080184013e+00
10.860000 -4.300766324907e-01 4.073441107720e+00
10.870000 -3.889252809560e-01 4.115135153471e+00
10.880000 -3.473947352429e-01 4.153054571309e+00
10.890000 -3.055237401979e-01 4.187099504499e+00
10.900000 -2.633519524509e-01 4.217178774699e+00
10.910000 -2.209198463091e-01 4.243210614185e+00
10.920000 -1.782686129610e-01 4.265123334814e+00
10.930000 -1.354400537211e-01 4.282855923986e+00
10.940000 -9.247646813345e-02 4.296358558764e+00
10.950000 -4.942053782953e-02 4.305593030392e+00
10.960000 -6.315207102697e-03 4.310533072684e+00
10.970000 3.679643878927e-02 4.311164589196e+00
10.980000 7.987129654547e-02 4.307485775620e+00
10.990000 1.228663679002e-01 4.299507135472e+00
11.000000 1.657388817885e-01 4.287251388830e+00
11.010000 2.084464145442e-01 4.270753275566e+00
11.020000 2.509470071055e-01 4.250059256138e+00
11.030000 2.931992782518e-01 4.225227114625e+00
11.040000 3.351625329528e-01 4.196325470100e+00
11.050000 3.767968649905e-01 4.163433203767e+00
11.060000 4.180632530947e-01 4.126638810421e+00
11.070000 4.589236499316e-01 4.086039683698e+00
11.080000 4.993410633848e-01 4.041741345316e+00
11.090000 5.392796296747e-01 3.993856628988e+00
11.100000 5.787046779741e-01 3.942504829945e+00
11.110000 6.175827862847e-01 3.887810831061e+00
11.120000 6.558818284485e-01 3.829904216379e+00
11.130000 6.935710122737e-01 3.768918382518e+00
11.140000 7.306209088521e-01 3.704989657842e+00
11.150000 7.670034732387e-01 3.638256438661e+00
11.160000 8.026920567474e-01 3.568858350866e+00
11.170000 8.376614111928e-01 3.496935444542e+00
11.180000 8.718876854742e-01 3.422627428135e+00
11.190000 9.053484149513e-01 3.346072947713e+00
11.200000 9.380225041103e-01 3.267408915902e+00
11.210000 9.698902030505e-01 3.186769894022e+00
11.220000 1.000933078351e+00 3.104287530002e+00
11.230000 1.031133978888e+00 3.020090053721e+00
11.240000 1.060476997193e+00 2.934301830565e+00
11.250000 1.088947426925e+00 2.847042973194e+00
11.260000 1.116531717034e+00 2.758429010820e+00
11.270000 1.143217423180e+00 2.668570614664e+00
11.280000 1.168993156958e+00 2.577573377761e+00
11.290000 1.193848533426e+00 2.485537646801e+00
11.300000 1.217774117460e+00 2.392558403398e+00
11.310000 1.240761369378e+00 2.298725191850e+00
11.320000 1.262802590282e+00 2.204122090326e+00
11.330000 1.283890867504e+00 2.108827722239e+00
11.340000 1.304020020550e+00 2.012915304565e+00
11.350000 1.323184547848e+00 1.916452729815e+00
11.360000 1.341379574633e+00 1.819502678480e+00
11.370000 1.358600802221e+00 1.722122758801e+00
11.380000 1.374844458930e+00 1.624365670897e+00
11.390000 1.390107252853e+00 1.526279392397e+00
11.400000 1.404386326683e+00 1.427907382936e+00
11.410000 1.417679214733e+00 1.329288805029e+00
11.420000 1.429983802324e+00 1.230458759065e+00
11.430000 1.441298287627e+00 1.131448530348e+00
11.440000 1.451621146091e+00 1.032285846343e+00
11.450000 1.460951097515e+00 9.329951424365e-01
11.460000 1.469287075863e+00 8.335978347846e-01
11.470000 1.476628201852e+00 7.341125989417e-01
11.480000 1.482973758384e+00 6.345556531806e-01
11.490000 1.488323168840e+00 5.349410455565e-01
11.500000 1.492675978279e+00 4.352809439195e-01
11.510000 1.496031837561e+00 3.355859282102e-01
11.520000 1.498390490406e+00 2.358652844892e-01
11.530000 1.499751763408e+00 1.361273002459e-01
11.540000 1.500115559015e+00 3.637956061502e-02
11.550000 1.499481851466e+00 -6.337075481149e-02
11.560000 1.497850685718e+00 -1.631165748441e-01
11.570000 1.495222179323e+00 -2.628506394695e-01
11.580000 1.491596527296e+00 -3.625652027748e-01
11.590000 1.486974009933e+00 -4.622517362686e-01
11.600000 1.481355003604e+00 -5.619006328769e-01
11.610000 1.474739994485e+00 -6.615009119411e-01
11.620000 1.467129595229e+00 -7.610399256090e-01
11.630000 1.458524564558e+00 -8.605030670980e-01
11.640000 1.448925829743e+00 -9.598734814098e-01
11.650000 1.438334511952e+00 -1.059131779195e+00
11.660000 1.426751954405e+00 -1.158255754604e+00
11.670000 1.414179753324e+00 -1.257220108103e+00
11.680000 1.400619791570e+00 -1.355996175415e+00
11.690000 1.386074274931e+00 -1.454551663905e+00
11.700000 1.370545770952e+00 -1.552850397931e+00
11.710000 1.354037250203e+00 -1.650852074863e+00
11.720000 1.336552129866e+00 -1.748512033701e+00
11.730000 1.318094319482e+00 -1.845781038400e+00
11.740000 1.298668268700e+00 -1.942605078228e+00
11.750000 1.278279016823e+00 -2.038925187680e+00
11.760000 1.256932243937e+00 -2.134677288656e+00
11.770000 1.234634323359e+00 -2.229792057783e+00
11.780000 1.211392375140e+00 -2.324194821905e+00
11.790000 1.187214320291e+00 -2.417805484894e+00
11.800000 1.162108935401e+00 -2.510538489009e+00
11.810000 1.136085907260e+00 -2.602302814072e+00
11.820000 1.109155887083e+00 -2.693002017721e+00
11.830000 1.081330543884e+00 -2.782534319930e+00
11.840000 1.052622616535e+00 -2.870792734839e+00
11.850000 1.023045964008e+00 -2.957665252742e+00
11.860000 9.926156132599e-01 -3.043035074788e+00
11.870000 9.613478042344e-01 -3.126780902551e+00
11.880000 9.292600313922e-01 -3.208777284218e+00
11.890000 8.963710812069e-01 -3.288895018526e+00
11.900000 8.627010650370e-01 -3.367001616991e+00
11.910000 8.282714467948e-01 -3.442961824218e+00
11.920000 7.931050648420e-01 -3.516638195279e+00
11.930000 7.572261475594e-01 -3.587891728263e+00
11.940000 7.206603220676e-01 -3.656582549181e+00
11.950000 6.834346156137e-01 -3.722570645391e+00
11.960000 6.455774491864e-01 -3.785716642727e+00
11.970000 6.071186229814e-01 -3.845882620504e+00
11.980000 5.680892934060e-01 -3.902932957538e+00
11.990000 5.285219413917e-01 -3.956735201430e+00
12.000000 4.884503318673e-01 -4.007160952435e+00
12.010000 4.479094643425e-01 -4.054086752485e+00
12.020000 4.069355146494e-01 -4.097394969309e+00
12.030000 3.655657679989e-01 -4.136974665046e+00
12.040000 3.238385436138e-01 -4.172722438511e+00
12.050000 2.817931113130e-01 -4.204543230086e+00
12.060000 2.394696005294e-01 -4.232351078360e+00
12.070000 1.969089023499e-01 -4.256069817947e+00
12.080000 1.541525652654e-01 -4.275633708446e+00
12.090000 1.112426854123e-01 -4.290987985313e+00
12.100000 6.822179216868e-02 -4.302089324363e+00
12.110000 2.513273004035e-02 -4.308906212832e+00
12.120000 -1.798146217223e-02 -4.311419221258e+00
12.130000 -6.107767389162e-02 -4.309621171939e+00
12.140000 -1.041128459049e-01 -4.303517201328e+00
12.150000 -1.470440930586e-01 -4.293124715373e+00
12.160000 -1.898288254438e-01 -4.278473238514e+00
12.170000 -2.324248670308e-01 -4.259604158707e+00
12.180000 -2.747905707554e-01 -4.236570372456e+00
12.190000 -3.168849291089e-01 -4.209435835354e+00
12.200000 -3.586676793589e-01 -4.178275024998e+00
12.210000 -4.000994026026e-01 -4.143172324365e+00
12.220000 -4.411416159500e-01 -4.104221334741e+00
12.230000 -4.817568572312e-01 -4.061524128120e+00
12.240000 -5.219087617269e-01 -4.015190449567e+00
12.250000 -5.615621305308e-01 -3.965336880395e+00
12.260000 -6.006829902624e-01 -3.912085973161e+00
12.270000 -6.392386439562e-01 -3.855565369376e+00
12.280000 -6.771977130621e-01 -3.795906910588e+00
12.290000 -7.145301705918e-01 -3.733245752978e+00
12.300000 -7.512073655423e-01 -3.667719495044e+00
12.310000 -7.872020388138e-01 -3.599467327153e+00
12.320000 -8.224883309227e-01 -3.528629210894e+00
12.330000 -8.570417818751e-01 -3.455345095239e+00
12.340000 -8.908393236301e-01 -3.379754175498e+00
12.350000 -9.238592656310e-01 -3.301994200084e+00
12.360000 -9.560812739215e-01 -3.222200829051e+00
12.370000 -9.874863443956e-01 -3.140507047410e+00
12.380000 -1.018056770748e+00 -3.057042635259e+00
12.390000 -1.047776107707e+00 -2.971933695886e+00
12.400000 -1.076629130129e+00 -2.885302242178e+00
12.410000 -1.104601788538e+00 -2.797265840920e+00
12.420000 -1.131681161677e+00 -2.707937313937e+00
12.430000 -1.157855406622e+00 -2.617424494428e+00
12.440000 -1.183113706986e+00 -2.525830036408e+00
12.450000 -1.207446219733e+00 -2.433251274740e+00
12.460000 -1.230844021063e+00 -2.339780132980e+00
12.470000 -1.253299051823e+00 -2.245503075992e+00
12.480000 -1.274804062865e+00 -2.150501104188e+00
12.490000 -1.295352560726e+00 -2.054849786121e+00
12.500000 -1.314938753988e+00 -1.958619326166e+00
12.510000 -1.333557500628e+00 -1.861874664057e+00
12.520000 -1.351204256659e+00 -1.764675603106e+00
12.530000 -1.367875026300e+00 -1.667076964054e+00
12.540000 -1.383566313916e+00 -1.569128761663e+00
12.550000 -1.398275077929e+00 -1.470876401285e+00
12.560000 -1.411998686858e+00 -1.372360892882e+00
12.570000 -1.424734877659e+00 -1.273619080125e+00
12.580000 -1.436481716483e+00 -1.174683882414e+00
12.590000 -1.447237561962e+00 -1.075584547887e+00
12.600000 -1.457001031119e+00 -9.763469156568e-01
12.610000 -1.465770967976e+00 -8.769936857319e-01
12.620000 -1.473546414929e+00 -7.775446952676e-01
12.630000 -1.480326586929e+00 -6.780171999648e-01
12.640000 -1.486110848525e+00 -5.784261596053e-01
12.650000 -1.490898693793e+00 -4.787845268669e-01
12.660000 -1.494689729180e+00 -3.791035386962e-01
12.670000 -1.497483659277e+00 -2.793930096426e-01
12.680000 -1.499280275543e+00 -1.796616266588e-01
12.690000 -1.500079447993e+00 -7.991724496263e-02
12.700000 -1.499881119839e+00 1.983281537583e-02
12.710000 -1.498685305115e+00 1.195814724064e-01
12.720000 -1.496492089264e+00 2.193215850811e-01
12.730000 -1.493301632703e+00 3.190456560835e-01
12.740000 -1.489114177354e+00 4.187455349443e-01
12.750000 -1.483930056137e+00 5.184121217063e-01
12.760000 -1.477749705422e+00 6.180350714408e-01
12.770000 -1.470573680423e+00 7.176024999771e-01
12.780000 -1.462402673510e+00 8.171006912839e-01
12.790000 -1.453237535439e+00 9.165138070356e-01
12.800000 -1.443079299449e+00 1.015823599007e+00
12.810000 -1.431929208199e+00 1.115009125074e+00
12.820000 -1.419788743501e+00 1.214046469729e+00
12.830000 -1.406659658799e+00 1.312908470197e+00
12.840000 -1.392544014305e+00 1.411564449399e+00
12.850000 -1.377444214734e+00 1.509979957183e+00
12.860000 -1.361363049519e+00 1.608116521474e+00
12.870000 -1.344303735407e+00 1.705931411136e+00
12.880000 -1.326269961281e+00 1.803377412608e+00
12.890000 -1.307265935056e+00 1.900402622528e+00
12.900000 -1.287296432468e+00 1.996950258786e+00
12.910000 -1.266366847542e+00 2.092958492648e+00
12.920000 -1.244483244494e+00 2.188360304729e+00
12.930000 -1.221652410816e+00 2.283083367815e+00
12.940000 -1.197881911220e+00 2.377049959607e+00
12.950000 -1.173180142134e+00 2.470176908601e+00
12.960000 -1.147556386371e+00 2.562375576356e+00
12.970000 -1.121020867577e+00 2.653551879416e+00
12.980000 -1.093584804035e+00 2.743606354132e+00
12.990000 -1.065260461361e+00 2.832434267469e+00
13.000000 -1.036061203593e+00 2.919925776779e+00
13.010000 -1.006001542181e+00 3.005966141195e+00
13.020000 -9.750971823106e-01 3.090435987015e+00
13.030000 -9.433650660206e-01 3.173211629002e+00
13.040000 -9.108234115305e-01 3.254165449006e+00
13.050000 -8.774917482032e-01 3.333166332738e+00
13.060000 -8.433909465552e-01 3.410080164797e+00
13.070000 -8.085432427420e-01 3.484770381323e+00
13.080000 -7.729722569544e-01 3.557098578759e+00
13.090000 -7.367030051913e-01 3.626925176312e+00
13.100000 -6.997619039039e-01 3.694110128734e+00
13.110000 -6.621767670535e-01 3.758513685038e+00
13.120000 -6.239767951761e-01 3.819997187749e+00
13.130000 -5.851925561131e-01 3.878423906292e+00
13.140000 -5.458559571418e-01 3.933659897137e+00
13.150000 -5.060002083176e-01 3.985574882418e+00
13.160000 -4.656597769385e-01 4.034043137914e+00
13.170000 -4.248703331327e-01 4.078944380580e+00
13.180000 -3.836686866801e-01 4.120164645254e+00
13.190000 -3.420927152824e-01 4.157597139773e+00
13.200000 -3.001812846071e-01 4.191143067528e+00
13.210000 -2.579741605422e-01 4.220712406489e+00
13.220000 -2.155119142026e-01 4.246224633964e+00
13.230000 -1.728358203345e-01 4.267609386805e+00
13.240000 -1.299877498601e-01 4.284807047443e+00
13.250000 -8.701005738982e-02 4.297769247027e+00
13.260000 -4.394546460918e-02 4.306459278064e+00
13.270000 -8.369405071751e-04 4.310852410201e+00
13.280000 4.227242053524e-02 4.310936104242e+00
13.290000 8.533952174583e-02 4.306710121059e+00
13.300000 1.283213869826e-01 4.298186523673e+00
13.310000 1.711752827072e-01 4.285389572467e+00
13.320000 2.138588378592e-01 4.268355515198e+00
13.330000 2.563301606100e-01 4.247132275083e+00
13.340000 2.985479510282e-01 4.221779041812e+00
13.350000 3.404716087460e-01 4.192365771789e+00
13.360000 3.820613347975e-01 4.158972605150e+00
13.370000 4.232782268803e-01 4.121689208276e+00
13.380000 4.640843673937e-01 4.080614051340e+00
13.390000 5.044429037057e-01 4.035853631199e+00
13.400000 5.443181202089e-01 3.987521650317e+00
13.410000 5.836755018360e-01 3.935738162716e+00
13.420000 6.224817888150e-01 3.880628697899e+00
13.430000 6.607050225505e-01 3.822323373546e+00
13.440000 6.983145826240e-01 3.760956007357e+00
13.450000 7.352812150031e-01 3.696663237903e+00
13.460000 7.715770516390e-01 3.629583663597e+00
13.470000 8.071756217203e-01 3.559857008129e+00
13.480000 8.420518549179e-01 3.487623319758e+00
13.490000 8.761820770271e-01 3.413022210921e+00
13.500000 9.095439984628e-01 3.336192143573e+00
13.510000 9.421166961100e-01 3.257269764712e+00
13.520000 9.738805890647e-01 3.176389295472e+00
13.530000 1.004817408827e+00 3.093681976267e+00
13.540000 1.034910164522e+00 3.009275569500e+00
13.550000 1.064143103728e+00 2.923293920534e+00
13.560000 1.092501669496e+00 2.835856576816e+00
13.570000 1.119972454140e+00 2.747078464379e+00
13.580000 1.146543150343e+00 2.657069620320e+00
13.590000 1.172202500136e+00 2.565934979347e+00
13.600000 1.196940242257e+00 2.473774212058e+00
13.610000 1.220747058380e+00 2.380681612275e+00
13.620000 1.243614518685e+00 2.286746030507e+00
13.630000 1.265535027189e+00 2.192050850415e+00
13.640000 1.286501767240e+00 2.096674005063e+00
13.650000 1.306508647536e+00 2.000688029694e+00
13.660000 1.325550249014e+00 1.904160147751e+00
13.670000 1.343621772884e+00 1.807152386964e+00
13.680000 1.360718990107e+00 1.709721722374e+00
13.690000 1.376838192541e+00 1.611920243354e+00
13.700000 1.391976145959e+00 1.513795341777e+00
13.710000 1.406130045146e+00 1.415389918725e+00
13.720000 1.419297471219e+00 1.316742607282e+00
13.730000 1.431476351310e+00 1.217888009164e+00
13.740000 1.442664920742e+00 1.118856943166e+00
13.750000 1.452861687778e+00 1.019676703560e+00
13.760000 1.462065401046e+00 9.203713268516e-01
13.770000 1.470275019700e+00 8.209618654189e-01
13.780000 1.477489686368e+00 7.214666667979e-01
13.790000 1.483708702944e+00 6.219016575274e-01
13.800000 1.488931509250e+00 5.222806306289e-01
13.810000 1.493157664609e+00 4.226155359434e-01
13.820000 1.496386832336e+00 3.229167726758e-01
13.830000 1.498618767172e+00 2.231934836099e-01
13.840000 1.499853305678e+00 1.234538505522e-01
13.850000 1.500090359584e+00 2.370539063961e-02
13.860000 1.499329912116e+00 -7.604474679198e-02
13.870000 1.497572017286e+00 -1.757894830439e-01
13.880000 1.494816802157e+00 -2.755215128344e-01
13.890000 1.491064472085e+00 -3.752330072588e-01
13.900000 1.486315318913e+00 -4.749153171803e-01
13.910000 1.480569732140e+00 -5.745586773342e-01
13.920000 1.473828213025e+00 -6.741519114786e-01
13.930000 1.466091391635e+00 -7.736821389960e-01
13.940000 1.457360046801e+00 -8.731344834327e-01
13.950000 1.447635128965e+00 -9.724917835726e-01
13.960000 1.436917785887e+00 -1.071734307759e+00
13.970000 1.425209391164e+00 -1.170839472318e+00
13.980000 1.412511575513e+00 -1.269781565086e+00
13.990000 1.398826260761e+00 -1.368531475220e+00
14.000000 1.384155696455e+00 -1.467056430632e+00
14.010000 1.368502499009e+00 -1.565319744596e+00
14.020000 1.351869693276e+00 -1.663280573258e+00
14.030000 1.334260756416e+00 -1.760893686006e+00
14.040000 1.315679663908e+00 -1.858109250816e+00
14.050000 1.296130937538e+00 -1.954872636958e+00
14.060000 1.275619695162e+00 -2.051124237585e+00
14.070000 1.254151702013e+00 -2.146799314940e+00
14.080000 1.231733423302e+00 -2.241827871084e+00
14.090000 1.208372077830e+00 -2.336134547197e+00
14.100000 1.184075692284e+00 -2.429638554592e+00
14.110000 1.158853155877e+00 -2.522253640697e+00
14.120000 1.132714274945e+00 -2.613888093273e+00
14.130000 1.105669827083e+00 -2.704444786119e+00
14.140000 1.077731614389e+00 -2.793821269429e+00
14.150000 1.048912515311e+00 -2.881909907852e+00
14.160000 1.019226534620e+00 -2.968598069041e+00
14.170000 9.886888509682e-01 -3.053768365207e+00
14.180000 9.573158614701e-01 -3.137298949808e+00
14.190000 9.251252227599e-01 -3.219063871017e+00
14.200000 8.921358879294e-01 -3.298933483050e+00
14.210000 8.583681387714e-01 -3.376774915804e+00
14.220000 8.238436127464e-01 -3.452452602495e+00
14.230000 7.885853241048e-01 -3.525828864161e+00
14.240000 7.526176786143e-01 -3.596764549054e+00
14.250000 7.159664813750e-01 -3.665119723931e+00
14.260000 6.786589372417e-01 -3.730754413324e+00
14.270000 6.407236434234e-01 -3.793529381833e+00
14.280000 6.021905738888e-01 -3.853306953460e+00
14.290000 5.630910552783e-01 -3.909951861045e+00
14.300000 5.234577340994e-01 -3.963332117894e+00
14.310000 4.833245350710e-01 -4.013319902845e+00
14.320000 4.427266105786e-01 -4.059792449237e+00
14.330000 4.017002813020e-01 -4.102632927654e+00
14.340000 3.602829681841e-01 -4.141731311798e+00
14.350000 3.185131160179e-01 -4.176985216617e+00
14.360000 2.764301090412e-01 -4.208300697665e+00
14.370000 2.340741790328e-01 -4.235593000842e+00
14.380000 1.914863065127e-01 -4.258787252011e+00
14.390000 1.487081157475e-01 -4.277819076523e+00
14.400000 1.057817643519e-01 -4.292635139557e+00
14.410000 6.274982836078e-02 -4.303193599113e+00
14.420000 1.965518371319e-02 -4.309464464759e+00
14.430000 -2.345911485259e-02 -4.311429856578e+00
14.440000 -6.654995645516e-02 -4.309084160258e+00
14.450000 -1.095742972142e-01 -4.302434075906e+00
14.460000 -1.524892828123e-01 -4.291498559803e+00
14.470000 -1.952523694125e-01 -4.276308660025e+00
14.480000 -2.378214418975e-01 -4.256907248504e+00
14.490000 -2.801549284348e-01 -4.233348653723e+00
14.500000 -3.222119104320e-01 -4.205698199717e+00
14.510000 -3.639522270160e-01 -4.174031658406e+00
14.520000 -4.053365732510e-01 -4.138434623498e+00
14.530000 -4.463265914026e-01 -4.099001815165e+00
14.540000 -4.868849546576e-01 -4.055836325492e+00
14.550000 -5.269754428101e-01 -4.009048815253e+00
14.560000 -5.665630095391e-01 -3.958756672897e+00
14.570000 -6.056138410065e-01 -3.905083146746e+00
14.580000 -6.440954056194e-01 -3.848156461288e+00
14.590000 -6.819764949008e-01 -3.788108928140e+00
14.600000 -7.192272555189e-01 -3.725076061807e+00
14.610000 -7.558192126155e-01 -3.659195709664e+00
14.620000 -7.917252846643e-01 -3.590607204876e+00
14.630000 -8.269197901649e-01 -3.519450550064e+00
14.640000 -8.613784465507e-01 -3.445865638583e+00
14.650000 -8.950783617438e-01 -3.369991519303e+00
14.660000 -9.279980188413e-01 -3.291965709751e+00
14.670000 -9.601172544559e-01 -3.211923561461e+00
14.680000 -9.914172312601e-01 -3.129997680417e+00
14.690000 -1.021880405305e+00 -3.046317404501e+00
14.700000 -1.051490488695e+00 -2.961008339002e+00
14.710000 -1.080232408199e+00 -2.874191950419e+00
14.720000 -1.108092260380e+00 -2.785985218055e+00
14.730000 -1.135057263803e+00 -2.696500342268e+00
14.740000 -1.161115708879e+00 -2.605844507686e+00
14.750000 -1.186256905872e+00 -2.514119699214e+00
14.760000 -1.210471131555e+00 -2.421422568310e+00
14.770000 -1.233749575021e+00 -2.327844346681e+00
14.780000 -1.256084283065e+00 -2.233470804375e+00
14.790000 -1.277468105556e+00 -2.138382249066e+00
14.800000 -1.297894641189e+00 -2.042653563291e+00
14.810000 -1.317358183952e+00 -1.946354276360e+00
14.820000 -1.335853670629e+00 -1.849548667703e+00
14.830000 -1.353376629615e+00 -1.752295898519e+00
14.840000 -1.369923131301e+00 -1.654650168671e+00
14.850000 -1.385489740261e+00 -1.556660895965e+00
14.860000 -1.400073469412e+00 -1.458372915074e+00
14.870000 -1.413671736348e+00 -1.359826693603e+00
14.880000 -1.426282321977e+00 -1.261058562937e+00
14.890000 -1.437903331595e+00 -1.162100961774e+00
14.900000 -1.448533158499e+00 -1.062982690385e+00
14.910000 -1.458170450238e+00 -9.637291739183e-01
14.920000 -1.466814077570e+00 -8.643627331936e-01
14.930000 -1.474463106186e+00 -7.649028616685e-01
14.940000 -1.481116771261e+00 -6.653665074155e-01
14.950000 -1.486774454852e+00 -5.657683591194e-01
14.960000 -1.491435666204e+00 -4.661211352540e-01
14.970000 -1.495100024962e+00 -3.664358757351e-01
14.980000 -1.497767247316e+00 -2.667222354664e-01
14.990000 -1.499437135109e+00 -1.669887792953e-01
15.000000 -1.500109567889e+00 -6.724327798457e-02
15.010000 -1.499784497938e+00 3.250699512967e-02
15.020000 -1.498461948267e+00 1.322549670726e-01
15.030000 -1.496142013587e+00 2.319934680059e-01
15.040000 -1.492824864246e+00 3.317149340799e-01
15.050000 -1.488510753140e+00 4.314111106039e-01
15.060000 -1.483200025582e+00 5.310727558013e-01
15.070000 -1.476893132128e+00 6.306893454586e-01
15.080000 -1.469590644339e+00 7.302487788390e-01
15.090000 -1.461293273476e+00 8.297370863094e-01
15.100000 -1.452001892084e+00 9.291381392279e-01
15.110000 -1.441717558456e+00 1.028433362751e+00
15.120000 -1.430441543933e+00 1.127601452353e+00
15.130000 -1.418175362983e+00 1.226618094992e+00
15.140000 -1.404920806023e+00 1.325455696021e+00
15.150000 -1.390679974891e+00 1.424083113119e+00
15.160000 -1.375455320905e+00 1.522465398688e+00
15.170000 -1.359249685381e+00 1.620563552387e+00
15.180000 -1.342066342525e+00 1.718334285623e+00
15.190000 -1.323909044524e+00 1.815729800097e+00
15.200000 -1.304782068697e+00 1.912697582623e+00
15.210000 -1.284690266510e+00 2.009180218715e+00
15.220000 -1.263639114234e+00 2.105115227577e+00
15.230000 -1.241634765021e+00 2.200434921324e+00
15.240000 -1.218684102107e+00 2.295066291427e+00
15.250000 -1.194794792852e+00 2.388930925494e+00
15.260000 -1.169975343276e+00 2.481944957586e+00
15.270000 -1.144235152723e+00 2.574019055346e+00
15.280000 -1.117584568251e+00 2.665058447194e+00
15.290000 -1.090034938322e+00 2.754962992819e+00
15.300000 -1.061598665322e+00 2.843627300056e+00
15.310000 -1.032289256411e+00 2.930940891067e+00
15.320000 -1.002121372207e+00 3.016788420475e+00
15.330000 -9.711108727289e-01 3.101049947759e+00
15.340000 -9.392748600713e-01 3.183601265766e+00
15.350000 -9.066317172043e-01 3.264314286694e+00
15.360000 -8.732011423416e-01 3.343057486270e+00
15.370000 -8.390041782800e-01 3.419696406161e+00
15.380000 -8.040632361415e-01 3.494094213850e+00
15.390000 -7.684021129577e-01 3.566112318376e+00
15.400000 -7.320460025637e-01 3.635611039402e+00
15.410000 -6.950214993028e-01 3.702450326090e+00
15.420000 -6.573565940899e-01 3.766490521290e+00
15.430000 -6.190806624349e-01 3.827593165507e+00
15.440000 -5.802244440937e-01 3.885621834113e+00
15.450000 -5.408200140905e-01 3.940443000322e+00
15.460000 -5.009007449354e-01 3.991926915514e+00
15.470000 -4.605012599582e-01 4.039948497720e+00
15.480000 -4.196573777746e-01 4.084388218361e+00
15.490000 -3.784060480064e-01 4.125132976817e+00
15.500000 -3.367852784862e-01 4.162076952017e+00
15.510000 -2.948340542856e-01 4.195122420063e+00
15.520000 -2.525922490161e-01 4.224180526953e+00
15.530000 -2.101005289591e-01 4.249172005700e+00
15.540000 -1.674002506828e-01 4.270027827622e+00
15.550000 -1.245333528997e-01 4.286689778313e+00
15.560000 -8.154224340293e-02 4.299110949679e+00
15.570000 -3.846968199696e-02 4.307256140597e+00
15.580000 4.641339603051e-03 4.311102160001e+00
15.590000 4.774771988012e-02 4.310638027707e+00
15.600000 9.080637057815e-02 4.305865069802e+00
15.610000 1.337743396493e-01 4.296796907115e+00
15.620000 1.766089330187e-01 4.283459336941e+00
15.630000 2.192678341175e-01 4.265890109881e+00
15.640000 2.617092201705e-01 4.244138605297e+00
15.650000 3.038918742746e-01 4.218265410416e+00
15.660000 3.457752923701e-01 4.188341809546e+00
15.670000 3.873197842814e-01 4.154449191130e+00
15.680000 4.284865680960e-01 4.116678381457e+00
15.690000 4.692378572428e-01 4.075128914679e+00
15.700000 5.095369397380e-01 4.029908249519e+00
15.710000 5.493482491719e-01 3.981130943393e+00
15.720000 5.886374271214e-01 3.928917794954e+00
15.730000 6.273713767814e-01 3.873394965998e+00
15.740000 6.655183077163e-01 3.814693093486e+00
15.750000 7.030477717363e-01 3.752946401999e+00
15.760000 7.399306900003e-01 3.688291826400e+00
15.770000 7.761393715375e-01 3.620868153725e+00
15.780000 8.116475234628e-01 3.550815192526e+00
15.790000 8.464302532323e-01 3.478272976953e+00
15.800000 8.804640633512e-01 3.403381011890e+00
15.810000 9.137268389957e-01 3.326277564451e+00
15.820000 9.461978290571e-01 3.247099006136e+00
15.830000 9.778576211464e-01 3.165979208934e+00
15.840000 1.008688111124e+00 3.083048997717e+00
15.850000 1.038672467727e+00 2.998435660323e+00
15.860000 1.067795092886e+00 2.912262515945e+00
15.870000 1.096041578302e+00 2.824648541595e+00
15.880000 1.123398658860e+00 2.735708055813e+00
15.890000 1.149854163442e+00 2.645550458127e+00
15.900000 1.175396963665e+00 2.554280022311e+00
15.910000 1.200016921075e+00 2.461995741056e+00
15.920000 1.223704833269e+00 2.368791219324e+00
15.930000 1.246452379403e+00 2.274754613457e+00
15.940000 1.268252065532e+00 2.179968612875e+00
15.950000 1.289097170143e+00 2.084510461150e+00
15.960000 1.308981690275e+00 1.988452013184e+00
15.970000 1.327900288527e+00 1.891859825233e+00
15.980000 1.345848241273e+00 1.794795274574e+00
15.990000 1.362821388331e+00 1.697314705753e+00
16.000000 1.378816084335e+00 1.599469600436e+00
16.010000 1.393829152016e+00 1.501306768080e+00
16.020000 1.407857837564e+00 1.402868554814e+00
16.030000 1.420899768245e+00 1.304193068114e+00
16.040000 1.432952912396e+00 1.205314415040e+00
16.050000 1.444015541916e+00 1.106262952042e+00
16.060000 1.454086197361e+00 1.007065544518e+00
16.070000 1.463163655706e+00 9.077458345075e-01
16.080000 1.471246900857e+00 8.083245151201e-01
16.090000 1.478335096962e+00 7.088196104578e-01
16.100000 1.484427564562e+00 6.092467599675e-01
16.110000 1.489523759625e+00 5.096195063252e-01
16.120000 1.493623255486e+00 4.099495860861e-01
16.130000 1.496725727711e+00 3.102472224699e-01
16.140000 1.498830941908e+00 2.105214197537e-01
16.150000 1.499938744497e+00 1.107802588449e-01
16.160000 1.500049056433e+00 1.103119367591e-02
16.170000 1.499161869915e+00 -8.871865187596e-02
16.180000 1.497277248046e+00 -1.884621868043e-01
16.190000 1.494395327489e+00 -2.881920557629e-01
16.200000 1.490516324068e+00 -3.879003420667e-01
16.210000 1.485640541357e+00 -4.875782711562e-01
16.220000 1.479768382208e+00 -5.872159148151e-01
16.230000 1.472900363244e+00 -6.868018964815e-01
16.240000 1.465037132263e+00 -7.863230980660e-01
16.250000 1.456179488575e+00 -8.857643687785e-01
16.260000 1.446328406210e+00 -9.851082365722e-01
16.270000 1.435485059980e+00 -1.084334622936e+00
16.280000 1.423650854361e+00 -1.183420561906e+00
16.290000 1.410827455118e+00 -1.282339924328e+00
16.300000 1.397016823632e+00 -1.381063148548e+00
16.310000 1.382221253843e+00 -1.479556978933e+00
16.320000 1.366443411705e+00 -1.577784213757e+00
16.330000 1.349686377063e+00 -1.675703464234e+00
16.340000 1.331953687796e+00 -1.773268926666e+00
16.350000 1.313249386098e+00 -1.870430169866e+00
16.360000 1.293578066695e+00 -1.967131940237e+00
16.370000 1.272944926825e+00 -2.063313987087e+00
16.380000 1.251355817715e+00 -2.158910910909e+00
16.390000 1.228817297340e+00 -2.253852037572e+00
16.400000 1.205336684125e+00 -2.348061321473e+00
16.410000 1.180922111317e+00 -2.441457280810e+00
16.420000 1.155582581634e+00 -2.533952968245e+00
16.430000 1.129328021832e+00 -2.625455980215e+00
16.440000 1.102169336751e+00 -2.715868508128e+00
16.450000 1.074118462405e+00 -2.805087434628e+00
16.460000 1.045188417626e+00 -2.893004477915e+00
16.470000 1.015393353757e+00 -2.979506386891e+00
16.480000 9.847486018604e-01 -3.064475189624e+00
16.490000 9.532707168888e-01 -3.147788497158e+00
16.500000 9.209775182459e-01 -3.229319864289e+00
16.510000 8.878881261630e-01 -3.308939208297e+00
16.520000 8.540229933031e-01 -3.386513285982e+00
16.530000 8.194039310171e-01 -3.461906228605e+00
16.540000 7.840541296821e-01 -3.534980133501e+00
16.550000 7.479981725796e-01 -3.605595710246e+00
16.560000 7.112620427968e-01 -3.673612978285e+00
16.570000 6.738731226771e-01 -3.738892011966e+00
16.580000 6.358601853983e-01 -3.801293727885e+00
16.590000 5.972533783137e-01 -3.860680708459e+00
16.600000 5.580841977674e-01 -3.916918054632e+00
16.610000 5.183854551702e-01 -3.969874259720e+00
16.620000 4.781912342151e-01 -4.019422095506e+00
16.630000 4.375368392051e-01 -4.065439501002e+00
16.640000 3.964587345687e-01 -4.107810463639e+00
16.650000 3.549944757464e-01 -4.146425882230e+00
16.660000 3.131826317387e-01 -4.181184400773e+00
16.670000 2.710626997175e-01 -4.211993202112e+00
16.680000 2.286750122115e-01 -4.238768750606e+00
16.690000 1.860606374777e-01 -4.261437473377e+00
16.700000 1.432612737751e-01 -4.279936370266e+00
16.710000 1.003191383401e-01 -4.294213543496e+00
16.720000 5.727685194961e-02 -4.304228639049e+00
16.730000 1.417732001946e-02 -4.309953193014e+00
16.740000 -2.893638875577e-02 -4.311370877524e+00
16.750000 -7.202116518023e-02 -4.308477642446e+00
16.760000 -1.150339826862e-01 -4.301281750601e+00
16.770000 -1.579320197457e-01 -4.289803705946e+00
16.780000 -2.006727805043e-01 -4.274076075858e+00
16.790000 -2.432142126074e-01 -4.254143210311e+00
16.800000 -2.855148212305e-01 -4.230060862317e+00
16.810000 -3.275337783855e-01 -4.201895715496e+00
16.820000 -3.692310266452e-01 -4.169724825973e+00
16.830000 -4.105673765147e-01 -4.133634986949e+00
16.840000 -4.515045967676e-01 -4.093722025288e+00
16.850000 -4.920054971694e-01 -4.050090040182e+00
16.860000 -5.320340031147e-01 -4.002850594522e+00
16.870000 -5.715552218133e-01 -3.952121869869e+00
16.880000 -6.105354997737e-01 -3.898027796033e+00
16.890000 -6.489424714347e-01 -3.840697166106e+00
16.900000 -6.867450989097e-01 -3.780262747494e+00
16.910000 -7.239137028993e-01 -3.716860398964e+00
16.920000 -7.604199849301e-01 -3.650628203083e+00
16.930000 -7.962370411564e-01 -3.581705622628e+00
16.940000 -8.313393680431e-01 -3.510232688669e+00
16.950000 -8.657028603138e-01 -3.436349227072e+00
16.960000 -8.993048016056e-01 -3.360194129172e+00
16.970000 -9.321238483192e-01 -3.281904671361e+00
16.980000 -9.641400071921e-01 -3.201615887292e+00
16.990000 -9.953346071470e-01 -3.119459995486e+00
17.000000 -1.025690265988e+00 -3.035565884109e+00
17.010000 -1.055190852527e+00 -2.950058653896e+00
17.020000 -1.083821444720e+00 -2.863059219335e+00
17.030000 -1.111568284396e+00 -2.774683967536e+00
17.040000 -1.138418729131e+00 -2.685044473574e+00
17.050000 -1.164361201837e+00 -2.594247270535e+00
17.060000 -1.189385138557e+00 -2.502393672063e+00
17.070000 -1.213480935006e+00 -2.409579644818e+00
17.080000 -1.236639892286e+00 -2.315895727990e+00
17.090000 -1.258854162254e+00 -2.221426996800e+00
17.100000 -1.280116692921e+00 -2.126253066791e+00
17.110000 -1.300421174278e+00 -2.030448135650e+00
17.120000 -1.319761984871e+00 -1.934081059293e+00
17.130000 -1.338134139461e+00 -1.837215458976e+00
17.140000 -1.355533238024e+00 -1.739909856321e+00
17.150000 -1.371955416356e+00 -1.642217833213e+00
17.160000 -1.387397298493e+00 -1.544188213715e+00
17.170000 -1.401855951146e+00 -1.445865265314e+00
17.180000 -1.415328840316e+00 -1.347288916983e+00
17.190000 -1.427813790234e+00 -1.248494991763e+00
17.200000 -1.439308944751e+00 -1.149515451748e+00
17.210000 -1.449812731287e+00 -1.050378653601e+00
17.220000 -1.459323827416e+00 -9.511096128776e-01
17.230000 -1.467841130173e+00 -8.517302756816e-01
17.240000 -1.475363728136e+00 -7.522597963259e-01
17.250000 -1.481890876335e+00 -6.527148198736e-01
17.260000 -1.487421974021e+00 -5.531097685814e-01
17.270000 -1.491956545335e+00 -4.534571314283e-01
17.280000 -1.495494222895e+00 -3.537677560393e-01
17.290000 -1.498034734320e+00 -2.540511424342e-01
17.300000 -1.499577891701e+00 -1.543157381340e-01
17.310000 -1.500123584043e+00 -5.456923423590e-02
17.320000 -1.499671772665e+00 4.518113786170e-02
17.330000 -1.498222489571e+00 1.449283093607e-01
17.340000 -1.495775838803e+00 2.446650768349e-01
17.350000 -1.492332000752e+00 3.443838051093e-01
17.360000 -1.487891239447e+00 4.440761304886e-01
17.370000 -1.482453912801e+00 5.437326646081e-01
17.380000 -1.476020485808e+00 6.433426992215e-01
17.390000 -1.468591546685e+00 7.428939123049e-01
17.400000 -1.460167825926e+00 8.423720759390e-01
17.410000 -1.450750218261e+00 9.417607665281e-01
17.420000 -1.440339807480e+00 1.041041078033e+00
17.430000 -1.428937894090e+00 1.140191339023e+00
17.440000 -1.416546025745e+00 1.239186834511e+00
17.450000 -1.403166030408e+00 1.337999533682e+00
17.460000 -1.388800052160e+00 1.436597824810e+00
17.470000 -1.373450589572e+00 1.534946258857e+00
17.480000 -1.357120536538e+00 1.633005303406e+00
17.490000 -1.339813225449e+00 1.730731108835e+00
17.500000 -1.321532472561e+00 1.828075288787e+00
17.510000 -1.302282625389e+00 1.924984717240e+00
17.520000 -1.282068611942e+00 2.021401344666e+00
17.530000 -1.260895991583e+00 2.117262035928e+00
17.540000 -1.238771007255e+00 2.212498432804e+00
17.550000 -1.215700638814e+00 2.307036844105e+00
17.560000 -1.191692657148e+00 2.400798166536e+00
17.570000 -1.166755678753e+00 2.493697839511e+00
17.580000 -1.140899220381e+00 2.585645837194e+00
17.590000 -1.114133753371e+00 2.676546701014e+00
17.600000 -1.086470757212e+00 2.766299615882e+00
17.610000 -1.057922771881e+00 2.854798533181e+00
17.620000 -1.028503448447e+00 2.941932343399e+00
17.630000 -9.982275974362e-01 3.027585101050e+00
17.640000 -9.671112343953e-01 3.111636304091e+00
17.650000 -9.351716220984e-01 3.193961229686e+00
17.660000 -9.024273088229e-01 3.274431327549e+00
17.670000 -8.688981621075e-01 3.352914671538e+00
17.680000 -8.346053974133e-01 3.429276469426e+00
17.690000 -7.995716011134e-01 3.503379629983e+00
17.700000 -7.638207472569e-01 3.575085385653e+00
17.710000 -7.273782075753e-01 3.644253968164e+00
17.720000 -6.902707542410e-01 3.710745333431e+00
17.730000 -6.525265549296e-01 3.774419931133e+00
17.740000 -6.141751597969e-01 3.835139513278e+00
17.750000 -5.752474800456e-01 3.892767975129e+00
17.760000 -5.357757578369e-01 3.947172220867e+00
17.770000 -4.957935273821e-01 3.998223045475e+00
17.780000 -4.553355671465e-01 4.045796023565e+00
17.790000 -4.144378431949e-01 4.089772395160e+00
17.800000 -3.731374438154e-01 4.130039937944e+00
17.810000 -3.314725056640e-01 4.166493815148e+00
17.820000 -2.894821317832e-01 4.199037388078e+00
17.830000 -2.472063019597e-01 4.227582982351e+00
17.840000 -2.046857759876e-01 4.252052597209e+00
17.850000 -1.619619905101e-01 4.272378547748e+00
17.860000 -1.190769502033e-01 4.288504030677e+00
17.870000 -7.607311415195e-02 4.300383605138e+00
17.880000 -3.299327833921e-02 4.307983581274e+00
17.890000 1.011954476635e-02 4.311282310556e+00
17.900000 5.322224849986e-02 4.310270373351e+00
17.910000 9.627175510761e-02 4.304950660775e+00
17.920000 1.392251386031e-01 4.295338349553e+00
17.930000 1.820397463060e-01 4.281460770286e+00
17.940000 2.246733180177e-01 4.263357171171e+00
17.950000 2.670841018269e-01 4.241078380915e+00
17.960000 3.092309655871e-01 4.214686376021e+00
17.970000 3.510735031783e-01 4.184253759119e+00
17.980000 3.925721347402e-01 4.149863156192e+00
17.990000 4.336882001565e-01 4.111606541633e+00
18.000000 4.743840451657e-01 4.069584500919e+00
18.010000 5.146230995786e-01 4.023905441289e+00
18.020000 5.543699471911e-01 3.974684761252e+00
18.030000 5.935903870902e-01 3.922043989903e+00
18.040000 6.322514861600e-01 3.866109906983e+00
18.050000 6.703216227039e-01 3.807013654391e+00
18.060000 7.077705211981e-01 3.744889849415e+00
18.070000 7.445692782915e-01 3.679875709345e+00
18.080000 7.806903802557e-01 3.612110196419e+00
18.090000 8.161077121677e-01 3.541733191196e+00
18.100000 8.507965591829e-01 3.468884701522e+00
18.110000 8.847336003157e-01 3.393704113285e+00
18.120000 9.178968951970e-01 3.316329488130e+00
18.130000 9.502658643201e-01 3.236896912310e+00
18.140000 9.818212633184e-01 3.155539899828e+00
18.150000 1.012545151839e+00 3.072388852100e+00
18.160000 1.042420857594e+00 2.987570575435e+00
18.170000 1.071432936162e+00 2.901207856823e+00
18.180000 1.099567127139e+00 2.813419097740e+00
18.190000 1.126810307190e+00 2.724318005028e+00
18.200000 1.153150440563e+00 2.634013337312e+00
18.210000 1.178576527612e+00 2.542608704930e+00
18.220000 1.203078551822e+00 2.450202420943e+00
18.230000 1.226647425826e+00 2.356887400479e+00
18.240000 1.249274936880e+00 2.262751105419e+00
18.250000 1.270953692193e+00 2.167875531288e+00
18.260000 1.291677064524e+00 2.072337233093e+00
18.270000 1.311439138393e+00 1.976207386855e+00
18.280000 1.330234657229e+00 1.879551883573e+00
18.290000 1.348058971753e+00 1.782431452441e+00
18.300000 1.364907989856e+00 1.684901810255e+00
18.310000 1.380778128196e+00 1.587013834054e+00
18.320000 1.395666265739e+00 1.488813754255e+00
18.330000 1.409569699395e+00 1.390343365667e+00
18.340000 1.422486101935e+00 1.291640254002e+00
18.350000 1.434413482292e+00 1.192738035700e+00
18.360000 1.445350148383e+00 1.093666609064e+00
18.370000 1.455294672532e+00 9.944524149340e-01
18.380000 1.464245859585e+00 8.951187053186e-01
18.390000 1.472202717771e+00 7.956858185806e-01
18.400000 1.479164432371e+00 6.961714599785e-01
18.410000 1.485130342236e+00 5.965909865161e-01
18.420000 1.490099919188e+00 4.969576952167e-01
18.430000 1.494072750329e+00 3.972831140777e-01
18.440000 1.497048523280e+00 2.975772950863e-01
18.450000 1.499027014368e+00 1.978491087853e-01
18.460000 1.500008079768e+00 9.810653996840e-02
18.470000 1.499991649609e+00 -1.643015842768e-03
18.480000 1.498977725055e+00 -1.013924554314e-01
18.490000 1.496966378348e+00 -2.011346706847e-01
18.500000 1.493957755834e+00 -3.008622513974e-01
18.510000 1.489952083951e+00 -4.005671883160e-01
18.520000 1.484949678184e+00 -5.002405766829e-01
18.530000 1.478950954978e+00 -5.998723205722e-01
18.540000 1.471956446595e+00 -6.994508383679e-01
18.550000 1.463966818897e+00 -7.989627698078e-01
18.560000 1.454982892045e+00 -8.983926851058e-01
18.570000 1.445005664078e+00 -9.977227967786e-01
18.580000 1.434036337328e+00 -1.096932674923e+00
18.590000 1.422076347660e+00 -1.195998966834e+00
18.600000 1.409127396440e+00 -1.294895122012e+00
18.610000 1.395191485202e+00 -1.393591123775e+00
18.620000 1.380270952914e+00 -1.492053228870e+00
18.630000 1.364368515747e+00 -1.590243716676e+00
18.640000 1.347487309249e+00 -1.688120649796e+00
18.650000 1.329630932769e+00 -1.785637648012e+00
18.660000 1.310803495991e+00 -1.882743677821e+00
18.670000 1.291009667391e+00 -1.979382859938e+00
18.680000 1.270254724417e+00 -2.075494297370e+00
18.690000 1.248544605149e+00 -2.171011926827e+00
18.700000 1.225885961185e+00 -2.265864396419e+00
18.710000 1.202286211458e+00 -2.359974972706e+00
18.720000 1.177753596655e+00 -2.453261480299e+00
18.730000 1.152297233883e+00 -2.545636277238e+00
18.740000 1.125927171188e+00 -2.637006269455e+00
18.750000 1.098654441513e+00 -2.727272967522e+00
18.760000 1.070491115624e+00 -2.816332588858e+00
18.770000 1.041450353541e+00 -2.904076208357e+00
18.780000 1.011546453939e+00 -2.990389960185e+00
18.790000 9.807949010071e-01 -3.075155293164e+00
18.800000 9.492124081897e-01 -3.158249281749e+00
18.810000 9.168169582485e-01 -3.239544994121e+00
18.820000 8.836278390652e-01 -3.318911918323e+00
18.830000 8.496656745983e-01 -3.396216446694e+00
18.840000 8.149524504173e-01 -3.471322418097e+00
18.850000 7.795115332513e-01 -3.544091716599e+00
18.860000 7.433676840076e-01 -3.614384924368e+00
18.870000 7.065470637519e-01 -3.682062025572e+00
18.880000 6.690772321810e-01 -3.746983157090e+00
18.890000 6.309871381728e-01 -3.809009400825e+00
18.900000 5.923071020589e-01 -3.868003611382e+00
18.910000 5.530687893396e-01 -3.923831271930e+00
18.920000 5.133051756385e-01 -3.976361370110e+00
18.930000 4.730505027884e-01 -4.025467285015e+00
18.940000 4.323402260327e-01 -4.071027675568e+00
18.950000 3.912109524328e-01 -4.112927359995e+00
18.960000 3.497003706758e-01 -4.151058175692e+00
18.970000 3.078471725905e-01 -4.185319808538e+00
18.980000 2.656909667838e-01 -4.215620580667e+00
18.990000 2.232721849247e-01 -4.241878185910e+00
19.000000 1.806319812996e-01 -4.264020362510e+00
19.010000 1.378121263661e-01 -4.281985493354e+00
19.020000 9.485489511760e-02 -4.295723124846e+00
19.030000 5.180295115208e-02 -4.305194396551e+00
19.040000 8.699227401577e-03 -4.310372375051e+00
19.050000 -3.441319546661e-02 -4.311242286819e+00
19.060000 -7.749121193134e-02 -4.307801646473e+00
19.070000 -1.204918147152e-01 -4.300060278385e+00
19.080000 -1.633722170284e-01 -4.288040231317e+00
19.090000 -2.060899729024e-01 -4.271775587408e+00
19.100000 -2.486030945878e-01 -4.251312168536e+00
19.110000 -2.908701660339e-01 -4.226707144606e+00
19.120000 -3.328504515319e-01 -4.198028549805e+00
19.130000 -3.745039986738e-01 -4.165354714189e+00
19.140000 -4.157917348647e-01 -4.128773619086e+00
19.150000 -4.566755567221e-01 -4.088382185742e+00
19.160000 -4.971184117960e-01 -4.044285507391e+00
19.170000 -5.370843721498e-01 -3.996596035383e+00
19.180000 -5.765386994531e-01 -3.945432730325e+00
19.190000 -6.154479013452e-01 -3.890920189213e+00
19.200000 -6.537797789390e-01 -3.833187759381e+00
19.210000 -6.915034654365e-01 -3.772368649752e+00
19.220000 -7.285894559300e-01 -3.708599049343e+00
19.230000 -7.650096285528e-01 -3.642017262282e+00
19.240000 -8.007372572312e-01 -3.572762867842e+00
19.250000 -8.357470163617e-01 -3.500975913047e+00
19.260000 -8.700149778066e-01 -3.426796144491e+00
19.270000 -9.035186006565e-01 -3.350362284989e+00
19.280000 -9.362367142530e-01 -3.271811359653e+00
19.290000 -9.681494950032e-01 -3.191278075020e+00
19.300000 -9.992384375414e-01 -3.108894253823e+00
19.310000 -1.029486320813e+00 -3.024788327135e+00
19.320000 -1.058877169660e+00 -2.939084884698e+00
19.330000 -1.087396212495e+00 -2.851904283484e+00
19.340000 -1.115029835633e+00 -2.763362313818e+00
19.350000 -1.141765534851e+00 -2.673569921782e+00
19.360000 -1.167591864711e+00 -2.582632986059e+00
19.370000 -1.192498386181e+00 -2.490652146975e+00
19.380000 -1.216475613032e+00 -2.397722685099e+00
19.390000 -1.239514957497e+00 -2.303934446516e+00
19.400000 -1.261608675614e+00 -2.209371811697e+00
19.410000 -1.282749812661e+00 -2.114113704731e+00
19.420000 -1.302932149058e+00 -2.018233639691e+00
19.430000 -1.322150147067e+00 -1.921799800827e+00
19.440000 -1.340398898601e+00 -1.824875153409e+00
19.450000 -1.357674074421e+00 -1.727517582067e+00
19.460000 -1.373971874958e+00 -1.629780053645e+00
19.470000 -1.389288982975e+00 -1.531710801718e+00
19.480000 -1.403622518276e+00 -1.433353530110e+00
19.490000 -1.416969994605e+00 -1.334747632922e+00
19.500000 -1.429329278893e+00 -1.235928428803e+00
19.510000 -1.440698552967e+00 -1.136927407376e+00
19.520000 -1.451076277827e+00 -1.037772485961e+00
19.530000 -1.460461160576e+00 -9.384882749107e-01
19.540000 -1.468852124077e+00 -8.390963500956e-01
19.550000 -1.476248279389e+00 -7.396155312476e-01
19.560000 -1.482648901040e+00 -6.400621650448e-01
19.570000 -1.488053405160e+00 -5.404504119916e-01
19.580000 -1.492461330522e+00 -4.407925362858e-01
19.590000 -1.495872322502e+00 -3.410991980038e-01
19.600000 -1.498286119973e+00 -2.413797470470e-01
19.610000 -1.499702545157e+00 -1.416425183896e-01
19.620000 -1.500121496439e+00 -4.189512825440e-02
19.630000 -1.499542944148e+00 5.785522910159e-02
19.640000 -1.497966929306e+00 1.576014842581e-01
19.650000 -1.495393565352e+00 2.573363954042e-01
19.660000 -1.491823042839e+00 3.570522512477e-01
19.670000 -1.487255637096e+00 4.567405743077e-01
19.680000 -1.481691718848e+00 5.563918248649e-01
19.690000 -1.475131767789e+00 6.559951058948e-01
19.700000 -1.467576389095e+00 7.555378693699e-01
19.710000 -1.459026332851e+00 8.550056244054e-01
19.720000 -1.449482516373e+00 9.543816478213e-01
19.730000 -1.438946049394e+00 1.053646697812e+00
19.740000 -1.427418262079e+00 1.152778731553e+00
19.750000 -1.414900735802e+00 1.251752627714e+00
19.760000 -1.401395336652e+00 1.350539915027e+00
19.770000 -1.386904251569e+00 1.449108508225e+00
19.780000 -1.371430027041e+00 1.547422452848e+00
19.790000 -1.354975610234e+00 1.645441680633e+00
19.800000 -1.337544392461e+00 1.743121777376e+00
19.810000 -1.319140254807e+00 1.840413765384e+00
19.820000 -1.299767615779e+00 1.937263902832e+00
19.830000 -1.279431480753e+00 2.033613502521e+00
19.840000 -1.258137493026e+00 2.129398772757e+00
19.850000 -1.235891986194e+00 2.224550683200e+00
19.860000 -1.212702037607e+00 2.318994858717e+00
19.870000 -1.188575522563e+00 2.412651504379e+00
19.880000 -1.163521168915e+00 2.505435364823e+00
19.890000 -1.137548611702e+00 2.597255721248e+00
19.900000 -1.110668447409e+00 2.688016429322e+00
19.910000 -1.082892287397e+00 2.777616001161e+00
19.920000 -1.054232810053e+00 2.865947734475e+00
19.930000 -1.024703811135e+00 2.952899891713e+00
19.940000 -9.943202518176e-01 3.038355931780e+00
19.950000 -9.630983038522e-01 3.122194796537e+00
19.960000 -9.310553913141e-01 3.204291253811e+00
19.970000 -8.982102283329e-01 3.284516298122e+00
19.980000 -8.645828522360e-01 3.362737609693e+00
19.990000 -8.301946515204e-01 3.438820071557e+00
20.000000 -7.950683880821e-01 3.512626343829e+00
