0.000000 1.500000000000e+00 0.000000000000e+00
0.010000 1.499501252507e+00 -9.974949866041e-02
0.020000 1.498005027729e+00 -1.994918916964e-01
0.030000 1.495511432870e+00 -2.992197761532e-01
0.040000 1.492020651394e+00 -3.989251548937e-01
0.050000 1.487532950444e+00 -4.985991401130e-01
0.060000 1.482048691239e+00 -5.982316576387e-01
0.070000 1.475568342407e+00 -6.978111523626e-01
0.080000 1.468092496263e+00 -7.973242952253e-01
0.090000 1.459621888012e+00 -8.967556922652e-01
0.100000 1.450157417848e+00 -9.960875963529e-01
0.110000 1.439700175910e+00 -1.095299622355e+00
0.120000 1.428251470087e+00 -1.194368466616e+00
0.130000 1.415812856584e+00 -1.293267631801e+00
0.140000 1.402386173225e+00 -1.391967158305e+00
0.150000 1.387973575394e+00 -1.490433363639e+00
0.160000 1.372577574549e+00 -1.588628591365e+00
0.170000 1.356201079184e+00 -1.686510971365e+00
0.180000 1.338847438137e+00 -1.784034193449e+00
0.190000 1.320520486081e+00 -1.881147296480e+00
0.200000 1.301224591046e+00 -1.977794475425e+00
0.210000 1.280964703772e+00 -2.073914908916e+00
0.220000 1.259746408678e+00 -2.169442610100e+00
0.230000 1.237575976197e+00 -2.264306303722e+00
0.240000 1.214460416206e+00 -2.358429332501e+00
0.250000 1.190407532230e+00 -2.451729596009e+00
0.260000 1.165425976093e+00 -2.544119525282e+00
0.270000 1.139525302636e+00 -2.635506096457e+00
0.280000 1.112716024090e+00 -2.725790886671e+00
0.290000 1.085009663677e+00 -2.814870175378e+00
0.300000 1.056418807960e+00 -2.902635094064e+00
0.310000 1.026957157446e+00 -2.988971827119e+00
0.320000 9.966395749196e-01 -3.073761866296e+00
0.330000 9.654821309608e-01 -3.156882320778e+00
0.340000 9.335021460759e-01 -3.238206284387e+00
0.350000 9.007182288707e-01 -3.317603260879e+00
0.360000 8.671503096790e-01 -3.394939647599e+00
0.370000 8.328196690630e-01 -3.470079277014e+00
0.380000 7.977489606121e-01 -3.542884014790e+00
0.390000 7.619622274840e-01 -3.613214412201e+00
0.400000 7.254849121565e-01 -3.680930409679e+00
0.410000 6.883438588991e-01 -3.745892087314e+00
0.420000 6.505673085171e-01 -3.807960457118e+00
0.430000 6.121848849792e-01 -3.866998290837e+00
0.440000 5.732275736069e-01 -3.922870976119e+00
0.450000 5.337276905804e-01 -3.975447392906e+00
0.460000 4.937188436017e-01 -4.024600801103e+00
0.470000 4.532358836486e-01 -4.070209729813e+00
0.480000 4.123148478535e-01 -4.112158857848e+00
0.490000 3.709928936484e-01 -4.150339874794e+00
0.500000 3.293082244227e-01 -4.184652311674e+00
0.510000 2.873000070550e-01 -4.215004330192e+00
0.520000 2.450082817860e-01 -4.241313459749e+00
0.530000 2.024738650089e-01 -4.263507271807e+00
0.540000 1.597382456544e-01 -4.281523981820e+00
0.550000 1.168434759411e-01 -4.295312969808e+00
0.560000 7.383205734716e-02 -4.304835211698e+00
0.570000 3.074682273164e-02 -4.310063614814e+00
0.580000 -1.236918440572e-02 -4.310983252316e+00
0.590000 -5.547283249438e-02 -4.307591492901e+00
0.600000 -9.852102523020e-02 -4.299898023731e+00
0.610000 -1.414708246065e-01 -4.287924766223e+00
0.620000 -1.842795725702e-01 -4.271705686034e+00
0.630000 -2.269050102547e-01 -4.251286500212e+00
0.640000 -2.693053937823e-01 -4.226724286097e+00
0.650000 -3.114396056777e-01 -4.198086997979e+00
0.660000 -3.532672610052e-01 -4.165452898905e+00
0.670000 -3.947488074204e-01 -4.128909916092e+00
0.680000 -4.358456184180e-01 -4.088554929432e+00
0.690000 -4.765200791540e-01 -4.044493003230e+00
0.700000 -5.167356643295e-01 -3.996836571867e+00
0.710000 -5.564570077269e-01 -3.945704590341e+00
0.720000 -5.956499631044e-01 -3.891221660691e+00
0.730000 -6.342816562603e-01 -3.833517145157e+00
0.740000 -6.723205281902e-01 -3.772724276564e+00
0.750000 -7.097363693590e-01 -3.708979275927e+00
0.760000 -7.465003452078e-01 -3.642420486540e+00
0.770000 -7.825850131069e-01 -3.573187533066e+00
0.780000 -8.179643310435e-01 -3.501420513228e+00
0.790000 -8.526136584062e-01 -3.427259228723e+00
0.800000 -8.865097492896e-01 -3.350842461004e+00
0.810000 -9.196307387931e-01 -3.272307296551e+00
0.820000 -9.519561228286e-01 -3.191788505226e+00
0.830000 -9.834667319852e-01 -3.109417974351e+00
0.840000 -1.014144700017e+00 -3.025324200213e+00
0.850000 -1.043973427535e+00 -2.939631837818e+00
0.860000 -1.072937541491e+00 -2.852461308952e+00
0.870000 -1.101022851030e+00 -2.763928467864e+00
0.880000 -1.128216300281e+00 -2.674144323286e+00
0.890000 -1.154505918655e+00 -2.583214814966e+00
0.900000 -1.179880769165e+00 -2.491240642440e+00
0.910000 -1.204330895295e+00 -2.398317143420e+00
0.920000 -1.227847266893e+00 -2.304534218904e+00
0.930000 -1.250421725535e+00 -2.209976301911e+00
0.940000 -1.272046929797e+00 -2.114722366630e+00
0.950000 -1.292716300803e+00 -2.018845974719e+00
0.960000 -1.312423968419e+00 -1.922415355471e+00
0.970000 -1.331164718407e+00 -1.825493516639e+00
0.980000 -1.348933940835e+00 -1.728138382789e+00
0.990000 -1.365727579998e+00 -1.630402958166e+00
1.000000 -1.381542086086e+00 -1.532335511252e+00
1.010000 -1.396374368796e+00 -1.433979778315e+00
1.020000 -1.410221753071e+00 -1.335375183489e+00
1.030000 -1.423081937116e+00 -1.236557073088e+00
1.040000 -1.434952952820e+00 -1.137556962085e+00
1.050000 -1.445833128707e+00 -1.038402790881e+00
1.060000 -1.455721055488e+00 -9.391191906893e-01
1.070000 -1.464615554323e+00 -8.397277560692e-01
1.080000 -1.472515647826e+00 -7.402473233075e-01
1.090000 -1.479420533889e+00 -6.406942535449e-01
1.100000 -1.485329562356e+00 -5.410827196893e-01
1.110000 -1.490242214583e+00 -4.414249963150e-01
1.120000 -1.494158085911e+00 -3.417317518754e-01
1.130000 -1.497076871066e+00 -2.420123426723e-01
1.140000 -1.498998352517e+00 -1.422751081265e-01
1.150000 -1.499922391782e+00 -4.252766697091e-02
1.160000 -1.499848923705e+00 5.722278594538e-02
1.170000 -1.498777953701e+00 1.569691825118e-01
1.180000 -1.496709557977e+00 2.567042841115e-01
1.190000 -1.493643886721e+00 3.564203845124e-01
1.200000 -1.489581170263e+00 4.561090131376e-01
1.210000 -1.484521728200e+00 5.557606389907e-01
1.220000 -1.478465981483e+00 6.553643755569e-01
1.230000 -1.471414467437e+00 7.549076870673e-01
1.240000 -1.463367857723e+00 8.543760965965e-01
1.250000 -1.454326979203e+00 9.537528965670e-01
1.260000 -1.444292837682e+00 1.053018862348e+00
1.270000 -1.433266644509e+00 1.152151969778e+00
1.280000 -1.421249845967e+00 1.251127117574e+00
1.290000 -1.408244155416e+00 1.349915855787e+00
1.300000 -1.394251588128e+00 1.448486121598e+00
1.310000 -1.379274498705e+00 1.546801983963e+00
1.320000 -1.363315621022e+00 1.644823398825e+00
1.330000 -1.346378110543e+00 1.742505976768e+00
1.340000 -1.328465588904e+00 1.839800765237e+00
1.350000 -1.309582190594e+00 1.936654047639e+00
1.360000 -1.289732611551e+00 2.033007161820e+00
1.370000 -1.268922159467e+00 2.128796340631e+00
1.380000 -1.247156805582e+00 2.223952577449e+00
1.390000 -1.224443237676e+00 2.318401519673e+00
1.400000 -1.200788913989e+00 2.412063393341e+00
1.410000 -1.176202117723e+00 2.504852962098e+00
1.420000 -1.150692011782e+00 2.596679523788e+00
1.430000 -1.124268693344e+00 2.687446947934e+00
1.440000 -1.096943247850e+00 2.777053757301e+00
1.450000 -1.068727801943e+00 2.865393256622e+00
1.460000 -1.039635574886e+00 2.952353711333e+00
1.470000 -1.009680927927e+00 3.037818578900e+00
1.480000 -9.788794110885e-01 3.121666794959e+00
1.490000 -9.472478068110e-01 3.203773116000e+00
1.500000 -9.148041698900e-01 3.284008519819e+00
1.510000 -8.815678631137e-01 3.362240664302e+00
1.520000 -8.475595880222e-01 3.438334404390e+00
1.530000 -8.128014102089e-01 3.512152366265e+00
1.540000 -7.773167785974e-01 3.583555576930e+00
1.550000 -7.411305381524e-01 3.652404146409e+00
1.560000 -7.042689355146e-01 3.718557998810e+00
1.570000 -6.667596170918e-01 3.781877647493e+00
1.580000 -6.286316191924e-01 3.842225008556e+00
1.590000 -5.899153498482e-01 3.899464245868e+00
1.600000 -5.506425620487e-01 3.953462639895e+00
1.610000 -5.108463181893e-01 4.004091471732e+00
1.620000 -4.705609456262e-01 4.051226912906e+00
1.630000 -4.298219833294e-01 4.094750910920e+00
1.640000 -3.886661197278e-01 4.134552059960e+00
1.650000 -3.471311219486e-01 4.170526445890e+00
1.660000 -3.052557567625e-01 4.202578454518e+00
1.670000 -2.630797036582e-01 4.230621532204e+00
1.680000 -2.206434605748e-01 4.254578888202e+00
1.690000 -1.779882429281e-01 4.274384128640e+00
1.700000 -1.351558766627e-01 4.289981812839e+00
1.710000 -9.218868615043e-02 4.301327923604e+00
1.720000 -4.912937783432e-02 4.308390244325e+00
1.730000 -6.020920582910e-03 4.311148637069e+00
1.740000 3.709357622988e-02 4.309595217292e+00
1.750000 8.017098586758e-02 4.303734422456e+00
1.760000 1.231682875262e-01 4.293582973450e+00
1.770000 1.660426887085e-01 4.279169729422e+00
1.780000 2.087517456184e-01 4.260535438322e+00
1.790000 2.512534805484e-01 4.237732387036e+00
1.800000 2.935064952800e-01 4.210823956556e+00
1.810000 3.354700795766e-01 4.179884088983e+00
1.820000 3.771043139257e-01 4.144996674407e+00
1.830000 4.183701657713e-01 4.106254866724e+00
1.840000 4.592295785743e-01 4.063760338288e+00
1.850000 4.996455531386e-01 4.017622483883e+00
1.860000 5.395822207514e-01 3.967957584874e+00
1.870000 5.790049077931e-01 3.914887944563e+00
1.880000 6.178801915847e-01 3.858541005673e+00
1.890000 6.561759473465e-01 3.799048460652e+00
1.900000 6.938613862507e-01 3.736545365000e+00
1.910000 7.309070846467e-01 3.671169263220e+00
1.920000 7.672850046304e-01 3.603059336249e+00
1.930000 8.029685062173e-01 3.532355578363e+00
1.940000 8.379323514483e-01 3.459198010598e+00
1.950000 8.721527008289e-01 3.383725936760e+00
1.960000 9.056071025547e-01 3.306077247081e+00
1.970000 9.382744750213e-01 3.226387773546e+00
1.980000 9.701350831544e-01 3.144790699935e+00
1.990000 1.001170509120e+00 3.061416028675e+00
2.000000 1.031363617988e+00 2.976390105704e+00
2.010000 1.060698518941e+00 2.889835203696e+00
2.020000 1.089160522600e+00 2.801869163286e+00
2.030000 1.116736095055e+00 2.712605091264e+00
2.040000 1.143412809155e+00 2.622151114102e+00
2.050000 1.169179293610e+00 2.530610184754e+00
2.060000 1.194025180414e+00 2.438079940217e+00
2.070000 1.217941051096e+00 2.344652607093e+00
2.080000 1.240918382258e+00 2.250414952098e+00
2.090000 1.262949490835e+00 2.155448274381e+00
2.100000 1.284027479477e+00 2.059828436377e+00
2.110000 1.304146182428e+00 1.963625929937e+00
2.120000 1.323300112228e+00 1.866905974459e+00
2.130000 1.341484407557e+00 1.769728643888e+00
2.140000 1.358694782480e+00 1.672149019482e+00
2.150000 1.374927477341e+00 1.574217365464e+00
2.160000 1.390179211523e+00 1.475979324784e+00
2.170000 1.404447138259e+00 1.377476132448e+00
2.180000 1.417728801659e+00 1.278744844028e+00
2.190000 1.430022096088e+00 1.179818577196e+00
2.200000 1.441325228030e+00 1.080726764324e+00
2.210000 1.451636680514e+00 9.814954143891e-01
2.220000 1.460955180214e+00 8.821473826256e-01
2.230000 1.469279667279e+00 7.827026465641e-01
2.240000 1.476609267941e+00 6.831785872599e-01
2.250000 1.482943269975e+00 5.835902746999e-01
2.260000 1.488281101021e+00 4.839507565197e-01
2.270000 1.492622309811e+00 3.842713493052e-01
2.280000 1.495966550320e+00 2.845619318754e-01
2.290000 1.498313568860e+00 1.848312400492e-01
2.300000 1.499663194123e+00 8.508716248825e-02
2.310000 1.500015330195e+00 -1.466296272374e-02
2.320000 1.499369952533e+00 -1.144120510495e-01
2.330000 1.497727106912e+00 -2.141529742662e-01
2.340000 1.495086911353e+00 -3.138782632683e-01
2.350000 1.491449561015e+00 -4.135798111440e-01
2.360000 1.486815336055e+00 -5.132485767835e-01
2.370000 1.481184612453e+00 -6.128742893196e-01
2.380000 1.474557875781e+00 -7.124451537563e-01
2.390000 1.466935737917e+00 -8.119475582194e-01
2.400000 1.458318956667e+00 -9.113657833540e-01
2.410000 1.448708458290e+00 -1.010681714510e+00
2.420000 1.438105362881e+00 -1.109874557473e+00
2.430000 1.426511012574e+00 -1.208920558666e+00
2.440000 1.413927002528e+00 -1.307792730860e+00
2.450000 1.400355214610e+00 -1.406460585669e+00
2.460000 1.385797853732e+00 -1.504889874216e+00
2.470000 1.370257486724e+00 -1.603042337615e+00
2.480000 1.353737083656e+00 -1.700875469058e+00
2.490000 1.336240061471e+00 -1.798342289551e+00
2.500000 1.317770329792e+00 -1.895391139507e+00
2.510000 1.298332338726e+00 -1.991965488631e+00
2.520000 1.277931128465e+00 -2.088003766712e+00
2.530000 1.256572380481e+00 -2.183439218131e+00
2.540000 1.234262470036e+00 -2.278199783027e+00
2.550000 1.211008519749e+00 -2.372208008247e+00
2.560000 1.186818453890e+00 -2.465380991244e+00
2.570000 1.161701053069e+00 -2.557630360207e+00
2.580000 1.135666008927e+00 -2.648862293689e+00
2.590000 1.108723978432e+00 -2.738977582974e+00
2.600000 1.080886637322e+00 -2.827871740301e+00
2.610000 1.052166732241e+00 -2.915435155922e+00
2.620000 1.022578131036e+00 -3.001553306691e+00
2.630000 9.921358707213e-01 -3.086107018563e+00
2.640000 9.608562025350e-01 -3.168972784966e+00
2.650000 9.287566335267e-01 -3.250023142491e+00
2.660000 8.958559641045e-01 -3.329127104756e+00
2.670000 8.621743209484e-01 -3.406150654616e+00
2.680000 8.277331847129e-01 -3.480957294098e+00
2.690000 7.925554119430e-01 -3.553408650636e+00
2.700000 7.566652506537e-01 -3.623365137218e+00
2.710000 7.200883490452e-01 -3.690686663128e+00
2.720000 6.828517568686e-01 -3.755233390950e+00
2.730000 6.449839190028e-01 -3.816866534487e+00
2.740000 6.065146608639e-01 -3.875449191230e+00
2.750000 5.674751653340e-01 -3.930847202054e+00
2.760000 5.278979409784e-01 -3.982930029881e+00
2.770000 4.878167814025e-01 -4.031571648230e+00
2.780000 4.472667156989e-01 -4.076651429866e+00
2.790000 4.062839500330e-01 -4.118055025174e+00
2.800000 3.649058005228e-01 -4.155675219490e+00
2.810000 3.231706176785e-01 -4.189412758405e+00
2.820000 2.811177027759e-01 -4.219177130057e+00
2.830000 2.387872166503e-01 -4.244887293625e+00
2.840000 1.962200814994e-01 -4.266472343693e+00
2.850000 1.534578763882e-01 -4.283872100812e+00
2.860000 1.105427272398e-01 -4.297037619466e+00
2.870000 6.751719217932e-02 -4.305931605761e+00
2.880000 2.442414316827e-02 -4.310528738400e+00
2.890000 -1.869335507319e-02 -4.310815887953e+00
2.900000 -6.179216781952e-02 -4.306792230997e+00
2.910000 -1.048292137034e-01 -4.298469257313e+00
2.920000 -1.477615876158e-01 -4.285870670027e+00
2.930000 -1.905466820748e-01 -4.269032180274e+00
2.940000 -2.331423060221e-01 -4.248001199613e+00
2.950000 -2.755068000429e-01 -4.222836434956e+00
2.960000 -3.175991470628e-01 -4.193607392283e+00
2.970000 -3.593790776449e-01 -4.160393796649e+00
2.980000 -4.008071690883e-01 -4.123284937156e+00
2.990000 -4.418449376262e-01 -4.082378946440e+00
3.000000 -4.824549231158e-01 -4.037782024945e+00
3.010000 -5.226007657221e-01 -3.989607620716e+00
3.020000 -5.622472742047e-01 -3.937975575672e+00
3.030000 -6.013604855266e-01 -3.883011249382e+00
3.040000 -6.399077156166e-01 -3.824844631135e+00
3.050000 -6.778576012190e-01 -3.763609450739e+00
3.060000 -7.151801328707e-01 -3.699442297949e+00
3.070000 -7.518466791386e-01 -3.632481759676e+00
3.080000 -7.878300023396e-01 -3.562867583383e+00
3.090000 -8.231042660442e-01 -3.490739874103e+00
3.100000 -8.576450347354e-01 -3.416238331582e+00
3.110000 -8.914292660536e-01 -3.339501533037e+00
3.120000 -9.244352961086e-01 -3.260666265985e+00
3.130000 -9.566428183796e-01 -3.179866914615e+00
3.140000 -9.880328567534e-01 -3.097234902192e+00
3.150000 -1.018587733270e+00 -3.012898191054e+00
3.160000 -1.048291031161e+00 -2.926980840931e+00
3.170000 -1.077127553757e+00 -2.839602625505e+00
3.180000 -1.105083279860e+00 -2.750878706445e+00
3.190000 -1.132145316128e+00 -2.660919363548e+00
3.200000 -1.158301847050e+00 -2.569829779081e+00
3.210000 -1.183542083017e+00 -2.477709874007e+00
3.220000 -1.207856207019e+00 -2.384654193410e+00
3.230000 -1.231235320427e+00 -2.290751838207e+00
3.240000 -1.253671388322e+00 -2.196086440015e+00
3.250000 -1.275157184776e+00 -2.100736175965e+00
3.260000 -1.295686238475e+00 -2.004773820171e+00
3.270000 -1.315252779028e+00 -1.908266828603e+00
3.280000 -1.333851684291e+00 -1.811277454149e+00
3.290000 -1.351478428979e+00 -1.713862888751e+00
3.300000 -1.368129034828e+00 -1.616075429642e+00
3.310000 -1.383800022533e+00 -1.517962666849e+00
3.320000 -1.398488365662e+00 -1.419567689331e+00
3.330000 -1.412191446717e+00 -1.320929307289e+00
3.340000 -1.424907015495e+00 -1.222082288392e+00
3.350000 -1.436633149871e+00 -1.123057605891e+00
3.360000 -1.447368219124e+00 -1.023882696750e+00
3.370000 -1.457110849883e+00 -9.245817281759e-01
3.380000 -1.465859894783e+00 -8.251758710889e-01
3.390000 -1.473614403882e+00 -7.256835792700e-01
3.400000 -1.480373598899e+00 -6.261208731030e-01
3.410000 -1.486136850305e+00 -5.265016269764e-01
3.420000 -1.490903657312e+00 -4.268378595635e-01
3.430000 -1.494673630768e+00 -3.271400263282e-01
3.440000 -1.497446478998e+00 -2.274173137141e-01
3.450000 -1.499221996583e+00 -1.276779345742e-01
3.460000 -1.500000056103e+00 -2.792942447450e-02
3.470000 -1.499780602852e+00 7.182106143402e-02
3.480000 -1.498563652516e+00 1.715664512388e-01
3.490000 -1.496349291827e+00 2.712994590243e-01
3.500000 -1.493137682187e+00 3.710122878000e-01
3.510000 -1.488929066268e+00 4.706963328471e-01
3.520000 -1.483723777566e+00 5.703418857623e-01
3.530000 -1.477522252918e+00 6.699378395300e-01
3.540000 -1.470325047959e+00 7.694713950197e-01
3.550000 -1.462132855507e+00 8.689277693941e-01
3.560000 -1.452946526847e+00 9.682899070162e-01
3.570000 -1.442767095904e+00 1.067538193562e+00
3.580000 -1.431595806244e+00 1.166650174188e+00
3.590000 -1.419434140882e+00 1.265600276748e+00
3.600000 -1.406283854815e+00 1.364359541220e+00
3.610000 -1.392147010245e+00 1.462895356699e+00
3.620000 -1.377026014374e+00 1.561171207468e+00
3.630000 -1.360923659700e+00 1.659146429893e+00
3.640000 -1.343843166676e+00 1.756775982063e+00
3.650000 -1.325788228612e+00 1.854010228322e+00
3.660000 -1.306763058649e+00 1.950794741031e+00
3.670000 -1.286772438615e+00 2.047070122086e+00
3.680000 -1.265821769576e+00 2.142771846945e+00
3.690000 -1.243917123810e+00 2.237830134032e+00
3.700000 -1.221065297966e+00 2.332169842574e+00
3.710000 -1.197273867086e+00 2.425710402024e+00
3.720000 -1.172551239172e+00 2.518365776314e+00
3.730000 -1.146906709924e+00 2.610044466208e+00
3.740000 -1.120350517259e+00 2.700649553021e+00
3.750000 -1.092893895178e+00 2.790078786880e+00
3.760000 -1.064549126517e+00 2.878224722573e+00
3.770000 -1.035329594097e+00 2.964974905816e+00
3.780000 -1.005249829751e+00 3.050212112460e+00
3.790000 -9.743255606905e-01 3.133814642787e+00
3.800000 -9.425737526496e-01 3.215656672579e+00
3.810000 -9.100126492275e-01 3.295608662077e+00
3.820000 -8.766618068552e-01 3.373537823300e+00
3.830000 -8.425421247948e-01 3.449308645453e+00
3.840000 -8.076758695973e-01 3.522783477362e+00
3.850000 -7.720866934560e-01 3.593823164944e+00
3.860000 -7.357996459159e-01 3.662287740828e+00
3.870000 -6.988411784360e-01 3.728037162196e+00
3.880000 -6.612391413444e-01 3.790932091966e+00
3.890000 -6.230227727783e-01 3.850834717352e+00
3.900000 -5.842226792688e-01 3.907609598907e+00
3.910000 -5.448708077028e-01 3.961124542163e+00
3.920000 -5.050004084760e-01 4.011251483137e+00
3.930000 -4.646459897457e-01 4.057867378193e+00
3.940000 -4.238432627881e-01 4.100855088120e+00
3.950000 -3.826290785700e-01 4.140104245802e+00
3.960000 -3.410413557535e-01 4.175512096575e+00
3.970000 -2.991190004607e-01 4.206984300242e+00
3.980000 -2.569018182377e-01 4.234435683856e+00
3.990000 -2.144304187637e-01 4.257790934721e+00
4.000000 -1.717461139533e-01 4.276985223625e+00
4.010000 -1.288908102002e-01 4.291964749106e+00
4.020000 -8.590689559280e-02 4.302687194576e+00
4.030000 -4.283712301245e-02 4.309122091317e+00
4.040000 2.755099122486e-04 4.311251081709e+00
4.050000 4.338788297439e-02 4.309068078599e+00
4.060000 8.645687662476e-02 4.302579318292e+00
4.070000 1.294394952032e-01 4.291803306323e+00
4.080000 1.722929890929e-01 4.276770656878e+00
4.090000 2.149749747429e-01 4.257523828376e+00
4.100000 2.574435515371e-01 4.234116759351e+00
4.110000 2.996574145364e-01 4.206614410268e+00
4.120000 3.415759621867e-01 4.175092218278e+00
4.130000 3.831593981579e-01 4.139635473103e+00
4.140000 4.243688265716e-01 4.100338623263e+00
4.150000 4.651663399661e-01 4.057304522625e+00
4.160000 5.055150994556e-01 4.010643627844e+00
4.170000 5.453794066451e-01 3.960473157592e+00
4.180000 5.847247669739e-01 3.906916224583e+00
4.190000 6.235179442716e-01 3.850100951326e+00
4.200000 6.617270064157e-01 3.790159580205e+00
4.210000 6.993213620884e-01 3.727227588037e+00
4.220000 7.362717887248e-01 3.661442814592e+00
4.230000 7.725504518382e-01 3.592944613827e+00
4.240000 8.081309159919e-01 3.521873035669e+00
4.250000 8.429881477589e-01 3.448368045281e+00
4.260000 8.770985110766e-01 3.372568785718e+00
4.270000 9.104397554587e-01 3.294612888872e+00
4.280000 9.429909975667e-01 3.214635838607e+00
4.290000 9.747326966828e-01 3.132770388973e+00
4.300000 1.005646624644e+00 3.049146039466e+00
4.310000 1.035715830820e+00 2.963888568390e+00
4.320000 1.064924602711e+00 2.877119624590e+00
4.330000 1.093258422759e+00 2.788956377073e+00
4.340000 1.120703921941e+00 2.699511221380e+00
4.350000 1.147248830702e+00 2.608891541040e+00
4.360000 1.172881927777e+00 2.517199521940e+00
4.370000 1.197592987416e+00 2.424532017085e+00
4.380000 1.221372725493e+00 2.330980458907e+00
4.390000 1.244212744981e+00 2.236630816093e+00
4.400000 1.266105481199e+00 2.141563591735e+00
4.410000 1.287044147244e+00 2.045853859546e+00
4.420000 1.307022679970e+00 1.949571334869e+00
4.430000 1.326035686834e+00 1.852780477228e+00
4.440000 1.344078393929e+00 1.755540621278e+00
4.450000 1.361146595448e+00 1.657906133108e+00
4.460000 1.377236604843e+00 1.559926588995e+00
4.470000 1.392345207868e+00 1.461646973898e+00
4.480000 1.406469617703e+00 1.363107897152e+00
4.490000 1.419607432314e+00 1.264345823014e+00
4.500000 1.431756594188e+00 1.165393313939e+00
4.510000 1.442915352558e+00 1.066279284651e+00
4.520000 1.453082228222e+00 9.670292652715e-01
4.530000 1.462255981029e+00 8.676656719940e-01
4.540000 1.470435580110e+00 7.682080839539e-01
4.550000 1.477620176906e+00 6.686735251308e-01
4.560000 1.483809081037e+00 5.690767502933e-01
4.570000 1.489001739042e+00 4.694305341384e-01
4.580000 1.493197716040e+00 3.697459629203e-01
4.590000 1.496396680300e+00 2.700327279815e-01
4.600000 1.498598390768e+00 1.702994207027e-01
4.610000 1.499802687545e+00 7.055382847461e-02
4.620000 1.500009485325e+00 -2.919676863759e-02
4.630000 1.499218769810e+00 -1.289453008164e-01
4.640000 1.497430597091e+00 -2.286846112487e-01
4.650000 1.494645096008e+00 -3.284071589511e-01
4.660000 1.490862473471e+00 -4.281047219048e-01
4.670000 1.486083022756e+00 -5.277681007634e-01
4.680000 1.480307134762e+00 -6.273868234396e-01
4.690000 1.473535312205e+00 -7.269488509384e-01
4.700000 1.465768186758e+00 -8.264402848821e-01
4.710000 1.457006539102e+00 -9.258450772672e-01
4.720000 1.447251321867e+00 -1.025144743111e+00
4.730000 1.436503685427e+00 -1.124318076770e+00
4.740000 1.424765006516e+00 -1.223340872864e+00
4.750000 1.412036919607e+00 -1.322185652893e+00
4.760000 1.398321350991e+00 -1.420821398817e+00
4.770000 1.383620555490e+00 -1.519213295043e+00
4.780000 1.367937155690e+00 -1.617322480465e+00
4.790000 1.351274183614e+00 -1.715105812404e+00
4.800000 1.333635124680e+00 -1.812515644498e+00
4.810000 1.315023963810e+00 -1.909499620791e+00
4.820000 1.295445233511e+00 -2.006000488484e+00
4.830000 1.274904063726e+00 -2.101955931991e+00
4.840000 1.253406233234e+00 -2.197298431125e+00
4.850000 1.230958222336e+00 -2.291955146399e+00
4.860000 1.207567266550e+00 -2.385847834551e+00
4.870000 1.183241410989e+00 -2.478892797504e+00
4.880000 1.157989565070e+00 -2.571000868030e+00
4.890000 1.131821557185e+00 -2.662077435388e+00
4.900000 1.104748188894e+00 -2.752022514162e+00
4.910000 1.076781288220e+00 -2.840730859403e+00
4.920000 1.047933761540e+00 -2.928092131019e+00
4.930000 1.018219643593e+00 -3.013991110062e+00
4.940000 9.876541450452e-01 -3.098307969240e+00
4.950000 9.562536970864e-01 -3.180918599556e+00
4.960000 9.240359924683e-01 -3.261694994416e+00
4.970000 8.910200224146e-01 -3.340505692000e+00
4.980000 8.572261088158e-01 -3.417216275928e+00
4.990000 8.226759311270e-01 -3.491689933506e+00
5.000000 7.873925473985e-01 -3.563788069985e+00
5.010000 7.514004088905e-01 -3.633370976315e+00
5.020000 7.147253677499e-01 -3.700298546929e+00
5.030000 6.773946772711e-01 -3.764431043071e+00
5.040000 6.394369843082e-01 -3.825629896191e+00
5.050000 6.008823134692e-01 -3.883758544875e+00
5.060000 5.617620427913e-01 -3.938683297864e+00
5.070000 5.221088706765e-01 -3.990274214771e+00
5.080000 4.819567739538e-01 -4.038405995306e+00
5.090000 4.413409570312e-01 -4.082958867116e+00
5.100000 4.002977922027e-01 -4.123819461813e+00
5.110000 3.588647512796e-01 -4.160881668371e+00
5.120000 3.170803288305e-01 -4.194047452892e+00
5.130000 2.749839574173e-01 -4.223227633767e+00
5.140000 2.326159153311e-01 -4.248342601511e+00
5.150000 1.900172274313e-01 -4.269322973006e+00
5.160000 1.472295597950e-01 -4.286110170601e+00
5.170000 1.042951089733e-01 -4.298656917433e+00
5.180000 6.125648673202e-02 -4.306927641430e+00
5.190000 1.815660122545e-02 -4.310898781796e+00
5.200000 -2.496146439434e-02 -4.310558993181e+00
5.210000 -6.805457488998e-02 -4.305909244350e+00
5.220000 -1.110796663058e-01 -4.296962809777e+00
5.230000 -1.539938687148e-01 -4.283745154322e+00
5.240000 -1.967546272820e-01 -4.266293712771e+00
5.250000 -2.393198206053e-01 -4.244657567737e+00
5.260000 -2.816478753389e-01 -4.218897030886e+00
5.270000 -3.236978761617e-01 -4.189083133967e+00
5.280000 -3.654296702229e-01 -4.155297037323e+00
5.290000 -4.068039652828e-01 -4.117629364700e+00
5.300000 -4.477824208562e-01 -4.076179474024e+00
5.310000 -4.883277317697e-01 -4.031054674505e+00
5.320000 -5.284037036479e-01 -3.982369400830e+00
5.330000 -5.679753199553e-01 -3.930244355460e+00
5.340000 -6.070088003280e-01 -3.874805629993e+00
5.350000 -6.454716500429e-01 -3.816183816387e+00
5.360000 -6.833327005732e-01 -3.754513118376e+00
5.370000 -7.205621412848e-01 -3.689930472896e+00
5.380000 -7.571315424194e-01 -3.622574690578e+00
5.390000 -7.930138695990e-01 -3.552585623549e+00
5.400000 -8.281834901640e-01 -3.480103367889e+00
5.410000 -8.626161717250e-01 -3.405267507057e+00
5.420000 -8.962890733676e-01 -3.328216401655e+00
5.430000 -9.291807299979e-01 -3.249086529829e+00
5.440000 -9.612710303540e-01 -3.168011881637e+00
5.450000 -9.925411892365e-01 -3.085123409736e+00
5.460000 -1.022973714533e+00 -3.000548537822e+00
5.470000 -1.052552369614e+00 -2.914410727428e+00
5.480000 -1.081262131697e+00 -2.826829102893e+00
5.490000 -1.109089146734e+00 -2.737918133652e+00
5.500000 -1.136020681424e+00 -2.647787372380e+00
5.510000 -1.162045072866e+00 -2.556541247031e+00
5.520000 -1.187151676401e+00 -2.464278904390e+00
5.530000 -1.211330812148e+00 -2.371094102415e+00
5.540000 -1.234573710684e+00 -2.277075148426e+00
5.550000 -1.256872458346e+00 -2.182304879981e+00
5.560000 -1.278219942530e+00 -2.086860685234e+00
5.570000 -1.298609797395e+00 -1.990814559462e+00
5.580000 -1.318036350302e+00 -1.894233194536e+00
5.590000 -1.336494569295e+00 -1.797178098112e+00
5.600000 -1.353980011934e+00 -1.699705739462e+00
5.610000 -1.370488775690e+00 -1.601867718977e+00
5.620000 -1.386017450165e+00 -1.503710958551e+00
5.630000 -1.400563071299e+00 -1.405277910221e+00
5.640000 -1.414123077763e+00 -1.306606780640e+00
5.650000 -1.426695269654e+00 -1.207731769167e+00
5.660000 -1.438277769647e+00 -1.108683317543e+00
5.670000 -1.448868986693e+00 -1.009488369354e+00
5.680000 -1.458467582354e+00 -9.101706376531e-01
5.690000 -1.467072439852e+00 -8.107508793414e-01
5.700000 -1.474682635896e+00 -7.112471750476e-01
5.710000 -1.481297415329e+00 -6.116752134611e-01
5.720000 -1.486916168641e+00 -5.120485792009e-01
5.730000 -1.491538412373e+00 -4.123790434601e-01
5.740000 -1.495163772439e+00 -3.126768567904e-01
5.750000 -1.497791970397e+00 -2.129510434992e-01
5.760000 -1.499422812649e+00 -1.132096972302e-01
5.770000 -1.500056182625e+00 -1.346027736918e-02
5.780000 -1.499692035919e+00 8.629009402206e-02
5.790000 -1.498330398402e+00 1.860343350031e-01
5.800000 -1.495971367305e+00 2.857651065213e-01
5.810000 -1.492615115281e+00 3.854745153826e-01
5.820000 -1.488261897424e+00 4.851538176788e-01
5.830000 -1.482912061264e+00 5.847931229560e-01
5.840000 -1.476566059703e+00 6.843810994640e-01
5.850000 -1.469224466902e+00 7.839046808958e-01
5.860000 -1.460887997087e+00 8.833487751153e-01
5.870000 -1.451557526257e+00 9.826959754774e-01
5.880000 -1.441234116766e+00 1.081926275469e+00
5.890000 -1.429919044735e+00 1.181016787538e+00
5.900000 -1.417613830262e+00 1.279941467125e+00
5.910000 -1.404320270348e+00 1.378670843099e+00
5.920000 -1.390040474499e+00 1.477171755954e+00
5.930000 -1.374776902894e+00 1.575407105330e+00
5.940000 -1.358532407026e+00 1.673335608624e+00
5.950000 -1.341310272704e+00 1.770911572642e+00
5.960000 -1.323114265260e+00 1.868084680467e+00
5.970000 -1.303948676812e+00 1.964799795908e+00
5.980000 -1.283818375385e+00 2.060996788106e+00
5.990000 -1.262728855674e+00 2.156610379035e+00
6.000000 -1.240686291220e+00 2.251570016826e+00
6.010000 -1.217697587711e+00 2.345799777972e+00
6.020000 -1.193770437105e+00 2.439218301584e+00
6.030000 -1.168913372246e+00 2.531738758947e+00
6.040000 -1.143135821605e+00 2.623268861660e+00
6.050000 -1.116448163724e+00 2.713710911599e+00
6.060000 -1.088861780960e+00 2.802961895878e+00
6.070000 -1.060389112036e+00 2.890913629832e+00
6.080000 -1.031043702917e+00 2.977452950788e+00
6.090000 -1.000840255489e+00 3.062461965131e+00
6.100000 -9.697946734977e-01 3.145818350728e+00
6.110000 -9.379241051780e-01 3.227395716326e+00
6.120000 -9.052469820030e-01 3.307064018953e+00
6.130000 -8.717830529694e-01 3.384690039689e+00
6.140000 -8.375534138319e-01 3.460137917433e+00
6.150000 -8.025805307137e-01 3.533269739455e+00
6.160000 -7.668882575324e-01 3.603946186641e+00
6.170000 -7.305018467066e-01 3.672027230379e+00
6.180000 -6.934479526457e-01 3.737372877025e+00
6.190000 -6.557546275689e-01 3.799843954909e+00
6.200000 -6.174513092570e-01 3.859302937793e+00
6.210000 -5.785688004035e-01 3.915614797718e+00
6.220000 -5.391392393108e-01 3.968647879251e+00
6.230000 -4.991960617586e-01 4.018274786249e+00
6.240000 -4.587739539654e-01 4.064373271571e+00
6.250000 -4.179087966637e-01 4.106827119474e+00
6.260000 -3.766376004148e-01 4.145527010053e+00
6.270000 -3.349984323958e-01 4.180371354757e+00
6.280000 -2.930303350036e-01 4.211267091985e+00
6.290000 -2.507732367299e-01 4.238130431893e+00
6.300000 -2.082678558690e-01 4.260887539924e+00
6.310000 -1.655555977210e-01 4.279475149186e+00
6.320000 -1.226784460505e-01 4.293841092615e+00
6.330000 -7.967884964477e-02 4.303944746894e+00
6.340000 -3.659960489252e-02 4.309757381334e+00
6.350000 6.516264638019e-03 4.311262406310e+00
6.360000 4.962563059185e-02 4.308455517347e+00
6.370000 9.268538313321e-02 4.301344732613e+00
6.380000 1.356525540910e-01 4.289950323199e+00
6.390000 1.784844388735e-01 4.274304637310e+00
6.400000 2.211387161001e-01 4.254451821114e+00
6.410000 2.635735639355e-01 4.230447440607e+00
6.420000 3.057477721618e-01 4.202358010347e+00
6.430000 3.476208490896e-01 4.170260436236e+00
6.440000 3.891531224871e-01 4.134241380706e+00
6.450000 4.303058337971e-01 4.094396559640e+00
6.460000 4.710412250058e-01 4.050829981123e+00
6.470000 5.113226176356e-01 4.003653136639e+00
6.480000 5.511144834385e-01 3.952984155639e+00
6.490000 5.903825064806e-01 3.898946934514e+00
6.500000 6.290936364146e-01 3.841670250841e+00
6.510000 6.672161328483e-01 3.781286873458e+00
6.520000 7.047196008188e-01 3.717932678444e+00
6.530000 7.415750174789e-01 3.651745780375e+00
6.540000 7.777547501948e-01 3.582865687477e+00
6.550000 8.132325663348e-01 3.511432488409e+00
6.560000 8.479836351011e-01 3.437586077434e+00
6.570000 8.819845218194e-01 3.361465423765e+00
6.580000 9.152131751567e-01 3.283207889826e+00
6.590000 9.476489077745e-01 3.202948602184e+00
6.600000 9.792723709626e-01 3.120819877902e+00
6.610000 1.010065523819e+00 3.036950708150e+00
6.620000 1.040011597555e+00 2.951466300010e+00
6.630000 1.069095055506e+00 2.864487676622e+00
6.640000 1.097301549442e+00 2.776131335097e+00
6.650000 1.124617872738e+00 2.686508960977e+00
6.660000 1.151031910966e+00 2.595727197485e+00
6.670000 1.176532590452e+00 2.503887467358e+00
6.680000 1.201109825309e+00 2.411085844665e+00
6.690000 1.224754463422e+00 2.317412973759e+00
6.700000 1.247458231866e+00 2.222954032289e+00
6.710000 1.269213682150e+00 2.127788735064e+00
6.720000 1.290014135706e+00 2.031991375517e+00
6.730000 1.309853629971e+00 1.935630901479e+00
6.740000 1.328726865385e+00 1.838771022045e+00
6.750000 1.346629153616e+00 1.741470342382e+00
6.760000 1.363556367251e+00 1.643782523462e+00
6.770000 1.379504891213e+00 1.545756463848e+00
6.780000 1.394471576093e+00 1.447436500835e+00
6.790000 1.408453693588e+00 1.348862628437e+00
6.800000 1.421448894197e+00 1.250070729915e+00
6.810000 1.433455167304e+00 1.151092822731e+00
6.820000 1.444470803772e+00 1.051957314038e+00
6.830000 1.454494361144e+00 9.526892649976e-01
6.840000 1.463524631521e+00 8.533106624358e-01
6.850000 1.471560612192e+00 7.538406965095e-01
6.860000 1.478601479069e+00 6.542960432588e-01
6.870000 1.484646562969e+00 5.546911510652e-01
6.880000 1.489695328778e+00 4.550385301956e-01
6.890000 1.493747357522e+00 3.553490447432e-01
6.900000 1.496802331371e+00 2.556322063936e-01
6.910000 1.498860021588e+00 1.558964695484e-01
6.920000 1.499920279434e+00 5.614952741782e-02
6.930000 1.499983030036e+00 -4.360139123629e-02
6.940000 1.499048269231e+00 -1.433492249819e-01
6.950000 1.497116063375e+00 -2.430867824671e-01
6.960000 1.494186552132e+00 -3.428064452728e-01
6.970000 1.490259954226e+00 -4.424998711109e-01
6.980000 1.485336576165e+00 -5.421576976367e-01
6.990000 1.479416823920e+00 -6.417692471887e-01
7.000000 1.472501217550e+00 -7.413222328333e-01
7.010000 1.464590408759e+00 -8.408024661724e-01
7.020000 1.455685201372e+00 -9.401935674709e-01
7.030000 1.445786574684e+00 -1.039476678777e+00
7.040000 1.434895709670e+00 -1.138630180838e+00
7.050000 1.423014018005e+00 -1.237629414771e+00
7.060000 1.410143173830e+00 -1.336446409595e+00
7.070000 1.396285148227e+00 -1.435049616924e+00
7.080000 1.381442246293e+00 -1.533403654289e+00
7.090000 1.365617146742e+00 -1.631469058768e+00
7.100000 1.348812943907e+00 -1.729202052805e+00
7.110000 1.331033192030e+00 -1.826554324272e+00
7.120000 1.312281951662e+00 -1.923472823094e+00
7.130000 1.292563838013e+00 -2.019899576892e+00
7.140000 1.271884071045e+00 -2.115771528329e+00
7.150000 1.250248527074e+00 -2.211020397011e+00
7.160000 1.227663791626e+00 -2.305572568941e+00
7.170000 1.204137213246e+00 -2.399349016654e+00
7.180000 1.179676957951e+00 -2.492265253260e+00
7.190000 1.154292063964e+00 -2.584231323659e+00
7.200000 1.127992496336e+00 -2.675151836207e+00
7.210000 1.100789201051e+00 -2.764926038024e+00
7.220000 1.072694158140e+00 -2.853447937067e+00
7.230000 1.043720433345e+00 -2.940606473833e+00
7.240000 1.013882227800e+00 -3.026285745324e+00
7.250000 9.831949252154e-01 -3.110365283552e+00
7.260000 9.516751359927e-01 -3.192720390384e+00
7.270000 9.193407377082e-01 -3.273222530026e+00
7.280000 8.862109113816e-01 -3.351739779816e+00
7.290000 8.523061729449e-01 -3.428137339260e+00
7.300000 8.176483993317e-01 -3.502278096485e+00
7.310000 7.822608486180e-01 -3.574023250400e+00
7.320000 7.461681736698e-01 -3.643232985913e+00
7.330000 7.093964287817e-01 -3.709767198602e+00
7.340000 6.719730688322e-01 -3.773486264208e+00
7.350000 6.339269405344e-01 -3.834251847304e+00
7.360000 5.952882654198e-01 -3.891927742508e+00
7.370000 5.560886142658e-01 -3.946380740614e+00
7.380000 5.163608727589e-01 -3.997481511152e+00
7.390000 4.761391982722e-01 -4.045105492076e+00
7.400000 4.354589677360e-01 -4.089133776591e+00
7.410000 3.943567166796e-01 -4.129453986625e+00
7.420000 3.528700696329e-01 -4.165961122102e+00
7.430000 3.110376621836e-01 -4.198558374979e+00
7.440000 2.688990550975e-01 -4.227157897130e+00
7.450000 2.264946410179e-01 -4.251681511375e+00
7.460000 1.838655443643e-01 -4.272061355494e+00
7.470000 1.410535151505e-01 -4.288240449791e+00
7.480000 9.810081753027e-02 -4.300173179711e+00
7.490000 5.505011396152e-02 -4.307825686167e+00
7.500000 1.194434594328e-02 -4.311176157549e+00
7.510000 -3.117338766318e-02 -4.310215018864e+00
7.520000 -7.425995368234e-02 -4.304945015033e+00
7.530000 -1.172723079722e-01 -4.295381187043e+00
7.540000 -1.601676179981e-01 -4.281550741301e+00
7.550000 -2.029033835704e-01 -4.263492814287e+00
7.560000 -2.454375547139e-01 -4.241258136151e+00
7.570000 -2.877286456806e-01 -4.214908598508e+00
7.580000 -3.297358441767e-01 -4.184516733044e+00
7.590000 -3.714191149499e-01 -4.150165108821e+00
7.600000 -4.127392969645e-01 -4.111945657213e+00
7.610000 -4.536581934889e-01 -4.069958934270e+00
7.620000 -4.941386545185e-01 -4.024313330931e+00
7.630000 -5.341446510688e-01 -3.975124241912e+00
7.640000 -5.736413409764e-01 -3.922513204270e+00
7.650000 -6.125951259626e-01 -3.866607016622e+00
7.660000 -6.509736998196e-01 -3.807536849724e+00
7.670000 -6.887460876841e-01 -3.745437358717e+00
7.680000 -7.258826764677e-01 -3.680445806718e+00
7.690000 -7.623552366013e-01 -3.612701208733e+00
7.700000 -7.981369353421e-01 -3.542343503999e+00
7.710000 -8.332023419636e-01 -3.469512763934e+00
7.720000 -8.675274252196e-01 -3.394348441926e+00
7.730000 -9.010895435287e-01 -3.316988670119e+00
7.740000 -9.338674283720e-01 -3.237569607391e+00
7.750000 -9.658411614358e-01 -3.156224841702e+00
7.760000 -9.969921460543e-01 -3.073084849009e+00
7.770000 -1.027303073529e+00 -2.988276510100e+00
7.780000 -1.056757884908e+00 -2.901922685779e+00
7.790000 -1.085341728805e+00 -2.814141850165e+00
7.800000 -1.113040915847e+00 -2.725047781123e+00
7.810000 -1.139842870298e+00 -2.634749306304e+00
7.820000 -1.165736079427e+00 -2.543350102762e+00
7.830000 -1.190710041126e+00 -2.450948547709e+00
7.840000 -1.214755210289e+00 -2.357637617656e+00
7.850000 -1.237862944417e+00 -2.263504832946e+00
7.860000 -1.260025448880e+00 -2.168632244535e+00
7.870000 -1.281235722263e+00 -2.073096459754e+00
7.880000 -1.301487502146e+00 -1.976968703803e+00
7.890000 -1.320775211672e+00 -1.880314913698e+00
7.900000 -1.339093907210e+00 -1.783195861495e+00
7.910000 -1.356439227390e+00 -1.685667303720e+00
7.920000 -1.372807343750e+00 -1.587780154054e+00
7.930000 -1.388194913229e+00 -1.489580676514e+00
7.940000 -1.402599032677e+00 -1.391110696521e+00
7.950000 -1.416017195567e+00 -1.292407827479e+00
7.960000 -1.428447251039e+00 -1.193505710654e+00
7.970000 -1.439887365412e+00 -1.094434266380e+00
7.980000 -1.450335986250e+00 -9.952199547902e-01
7.990000 -1.459791809087e+00 -8.958860445080e-01
8.000000 -1.468253746871e+00 -7.964528878912e-01
8.010000 -1.475720902192e+00 -6.969382016228e-01
8.020000 -1.482192542341e+00 -5.973573516079e-01
8.030000 -1.487668077231e+00 -4.977236412904e-01
8.040000 -1.492147040226e+00 -3.980486026452e-01
8.050000 -1.495629071883e+00 -2.983422892274e-01
8.060000 -1.498113906639e+00 -1.986135707678e-01
8.070000 -1.499601362449e+00 -9.887042889389e-02
8.080000 -1.500091333384e+00 8.797463678497e-04
8.090000 -1.499583785198e+00 1.006298596027e-01
8.100000 -1.498078753873e+00 2.003728127840e-01
8.110000 -1.495576347124e+00 3.001012080522e-01
8.120000 -1.492076748888e+00 3.998070507333e-01
8.130000 -1.487580226774e+00 4.994814528513e-01
8.140000 -1.482087142477e+00 5.991143374278e-01
8.150000 -1.475597965142e+00 6.986941439153e-01
8.160000 -1.468113287675e+00 7.982075351861e-01
8.170000 -1.459633845959e+00 8.976391065893e-01
8.180000 -1.450160540988e+00 9.969710976962e-01
8.190000 -1.439694463849e+00 1.096183107481e+00
8.200000 -1.428236923548e+00 1.195251813826e+00
8.210000 -1.415789477606e+00 1.294150698391e+00
8.220000 -1.402353965386e+00 1.392849778065e+00
8.230000 -1.387932544057e+00 1.491315344399e+00
8.240000 -1.372527727134e+00 1.589509712598e+00
8.250000 -1.356142425466e+00 1.687390981870e+00
8.260000 -1.338779990560e+00 1.784912809115e+00
8.270000 -1.320444260100e+00 1.882024198161e+00
8.280000 -1.301139605489e+00 1.978669306933e+00
8.290000 -1.280870981218e+00 2.074787275166e+00
8.300000 -1.259643975856e+00 2.170312075413e+00
8.310000 -1.237464864401e+00 2.265172390325e+00
8.320000 -1.214340661718e+00 2.359291519236e+00
8.330000 -1.190279176766e+00 2.452587317290e+00
8.340000 -1.165289067248e+00 2.544972170314e+00
8.350000 -1.139379894340e+00 2.636353008758e+00
8.360000 -1.112562177068e+00 2.726631363916e+00
8.370000 -1.084847445906e+00 2.815703469595e+00
8.380000 -1.056248295123e+00 2.903460412210e+00
8.390000 -1.026778433379e+00 2.989788332063e+00
8.400000 -9.964527320483e-01 3.074568678230e+00
8.410000 -9.652872707172e-01 3.157678519076e+00
8.420000 -9.332993792968e-01 3.238990909930e+00
8.430000 -9.005076761699e-01 3.318375318864e+00
8.440000 -8.669321017886e-01 3.395698110829e+00
8.450000 -8.325939471398e-01 3.470823089682e+00
8.460000 -7.975158765037e-01 3.543612096747e+00
8.470000 -7.617219439493e-01 3.613925663696e+00
8.480000 -7.252376030373e-01 3.681623716556e+00
8.490000 -6.880897092369e-01 3.746566326632e+00
8.500000 -6.503065146118e-01 3.808614503170e+00
8.510000 -6.119176543858e-01 3.867631021512e+00
8.520000 -5.729541250670e-01 3.923481279558e+00
8.530000 -5.334482538858e-01 3.976034174400e+00
8.540000 -4.934336593879e-01 4.025162990159e+00
8.550000 -4.529452031172e-01 4.070746287309e+00
8.560000 -4.120189324224e-01 4.112668783209e+00
8.570000 -3.706920145306e-01 4.150822213097e+00
8.580000 -3.290026621350e-01 4.185106160598e+00
8.590000 -2.869900508572e-01 4.215428846720e+00
8.600000 -2.446942290556e-01 4.241707866543e+00
8.610000 -2.021560205534e-01 4.263870863158e+00
8.620000 -1.594169209662e-01 4.281856129105e+00
8.630000 -1.165189884012e-01 4.295613126362e+00
8.640000 -7.350472938224e-02 4.305102917042e+00
8.650000 -3.041698093336e-02 4.310298498180e+00
8.660000 1.270121019389e-02 4.311185035411e+00
8.670000 5.580671011365e-02 4.307759991876e+00
8.680000 9.885642115875e-02 4.300033150333e+00
8.690000 1.418074049191e-01 4.288026528109e+00
8.700000 1.846170038967e-01 4.271774186256e+00
8.710000 2.272429607296e-01 4.251321935876e+00
8.720000 2.696435339764e-01 4.226726946232e+00
8.730000 3.117776095046e-01 4.198057260649e+00
8.740000 3.536048065957e-01 4.165391227609e+00
8.750000 3.950855779572e-01 4.128816855522e+00
8.760000 4.361813029247e-01 4.088431100640e+00
8.770000 4.768543732334e-01 4.044339098293e+00
8.780000 5.170682708461e-01 3.996653348116e+00
8.790000 5.567876374296e-01 3.945492864245e+00
8.800000 5.959783351864e-01 3.890982301472e+00
8.810000 6.346074988547e-01 3.833251068220e+00
8.820000 6.726435787983e-01 3.772432436831e+00
8.830000 7.100563752121e-01 3.708662661139e+00
8.840000 7.468170635621e-01 3.642080110614e+00
8.850000 7.828982114723e-01 3.572824429571e+00
8.860000 8.182737873477e-01 3.501035729036e+00
8.870000 8.529191610971e-01 3.426853817901e+00
8.880000 8.868110973768e-01 3.350417478987e+00
8.890000 9.199277418336e-01 3.271863794642e+00
8.900000 9.522486008587e-01 3.191327525452e+00
8.910000 9.837545154031e-01 3.108940544702e+00
8.920000 1.014427629419e+00 3.024831330287e+00
8.930000 1.044251353513e+00 2.939124514876e+00
8.940000 1.073210324387e+00 2.851940494397e+00
8.950000 1.101290360663e+00 2.763395094138e+00
8.960000 1.128478415644e+00 2.673599291181e+00
8.970000 1.154762527584e+00 2.582658991346e+00
8.980000 1.180131767991e+00 2.490674858351e+00
8.990000 1.204576188475e+00 2.397742192581e+00
9.000000 1.228086766632e+00 2.303950856550e+00
9.010000 1.250655351396e+00 2.209385243981e+00
9.020000 1.272274608305e+00 2.114124289265e+00
9.030000 1.292937965044e+00 2.018241514055e+00
9.040000 1.312639557640e+00 1.921805107699e+00
9.050000 1.331374177620e+00 1.824878038317e+00
9.060000 1.349137220418e+00 1.727518191368e+00
9.070000 1.365924635312e+00 1.629778532729e+00
9.080000 1.381732877091e+00 1.531707293422e+00
9.090000 1.396558859685e+00 1.433348173332e+00
9.100000 1.410399911911e+00 1.334740561417e+00
9.110000 1.423253735500e+00 1.235919770157e+00
9.120000 1.435118365540e+00 1.136917282130e+00
9.130000 1.445992133433e+00 1.037761006876e+00
9.140000 1.455873632472e+00 9.384755463622e-01
9.150000 1.464761686110e+00 8.390824675792e-01
9.160000 1.472655318989e+00 7.396005809791e-01
9.170000 1.479553730781e+00 6.400462236482e-01
9.180000 1.485456272877e+00 5.404335462591e-01
9.190000 1.490362427966e+00 4.407748030004e-01
9.200000 1.494271792527e+00 3.410806438146e-01
9.210000 1.497184062252e+00 2.413604083887e-01
9.220000 1.499099020416e+00 1.416224214406e-01
9.230000 1.500016529206e+00 4.187428892596e-02
9.240000 1.499936524017e+00 -5.787680514725e-02
9.250000 1.498859010718e+00 -1.576238015648e-01
9.260000 1.496784065889e+00 -2.573594686547e-01
9.270000 1.493711840031e+00 -3.570761051721e-01
9.280000 1.489642563749e+00 -4.567652435656e-01
9.290000 1.484576556893e+00 -5.564173538999e-01
9.300000 1.478514240665e+00 -6.560215487541e-01
9.310000 1.471456152663e+00 -7.555652894862e-01
9.320000 1.463402964858e+00 -8.550340943318e-01
9.330000 1.454355504478e+00 -9.544112489120e-01
9.340000 1.444314777777e+00 -1.053677519839e+00
9.350000 1.433281996645e+00 -1.152810872247e+00
9.360000 1.421258608025e+00 -1.251786192220e+00
9.370000 1.408246326076e+00 -1.350575015260e+00
9.380000 1.394247167017e+00 -1.449145262112e+00
9.390000 1.379263486577e+00 -1.547460983447e+00
9.400000 1.363298019947e+00 -1.645482115104e+00
9.410000 1.346353924118e+00 -1.743164245804e+00
9.420000 1.328434822481e+00 -1.840458399432e+00
9.430000 1.309544851521e+00 -1.937310834208e+00
9.440000 1.289688709433e+00 -2.033662861253e+00
9.450000 1.268871706444e+00 -2.129450685263e+00
9.460000 1.247099816614e+00 -2.224605270145e+00
9.470000 1.224379730844e+00 -2.319052232653e+00
9.480000 1.200718910807e+00 -2.412711767159e+00
9.490000 1.176125643461e+00 -2.505498604800e+00
9.500000 1.150609095794e+00 -2.597322010259e+00
9.510000 1.124179369402e+00 -2.688085819470e+00
9.520000 1.096847554481e+00 -2.777688521413e+00
9.530000 1.068625782768e+00 -2.866023387098e+00
9.540000 1.039527278956e+00 -2.952978648579e+00
9.550000 1.009566410056e+00 -3.038437730582e+00
9.560000 9.787587321721e-01 -3.122279536953e+00
9.570000 9.471210341442e-01 -3.204378793675e+00
9.580000 9.146713774623e-01 -3.284606449663e+00
9.590000 8.814291318891e-01 -3.362830135900e+00
9.600000 8.474150061978e-01 -3.438914682759e+00
9.610000 8.126510734479e-01 -3.512722694551e+00
9.620000 7.771607902334e-01 -3.584115179461e+00
9.630000 7.409690093615e-01 -3.652952232091e+00
9.640000 7.041019854516e-01 -3.719093764867e+00
9.650000 6.665873729879e-01 -3.782400283513e+00
9.660000 6.284542164102e-01 -3.842733700832e+00
9.670000 5.897329318924e-01 -3.899958181988e+00
9.680000 5.504552805298e-01 -3.953941013556e+00
9.690000 5.106543327380e-01 -4.004553487727e+00
9.700000 4.703644237569e-01 -4.051671792236e+00
9.710000 4.296211002526e-01 -4.095177895977e+00
9.720000 3.884610581100e-01 -4.134960419722e+00
9.730000 3.469220716207e-01 -4.170915481074e+00
9.740000 3.050429143770e-01 -4.202947502614e+00
9.750000 2.628632722965e-01 -4.230969972342e+00
9.760000 2.204236493071e-01 -4.254906145773e+00
9.770000 1.777652663285e-01 -4.274689679627e+00
9.780000 1.349299542825e-01 -4.290265187775e+00
9.790000 9.196004195358e-02 -4.301588711126e+00
9.800000 4.889823960010e-02 -4.308628094264e+00
9.810000 5.787519279619e-03 -4.311363263026e+00
9.820000 -3.732900709412e-02 -4.309786398677e+00
9.830000 -8.040821091174e-02 -4.303902005962e+00
9.840000 -1.234070701750e-01 -4.293726873929e+00
9.850000 -1.662827918770e-01 -4.279289930178e+00
9.860000 -2.089929323963e-01 -4.260631990799e+00
9.870000 -2.514955148788e-01 -4.237805409929e+00
9.880000 -2.937491426256e-01 -4.210873634346e+00
9.890000 -3.357131075691e-01 -4.179910669943e+00
9.900000 -3.773474929923e-01 -4.145000468099e+00
9.910000 -4.186132697343e-01 -4.106236241034e+00
9.920000 -4.594723852180e-01 -4.063719716051e+00
9.930000 -4.998878447412e-01 -4.017560339136e+00
9.940000 -5.398237845775e-01 -3.967874438815e+00
9.950000 -5.792455365445e-01 -3.914784361251e+00
9.960000 -6.181196838069e-01 -3.858417587542e+00
9.970000 -6.564141077896e-01 -3.798905843893e+00
9.980000 -6.940980261839e-01 -3.736384214863e+00
9.990000 -7.311420221251e-01 -3.670990269302e+00
10.000000 -7.675180647154e-01 -3.602863207813e+00
10.010000 -8.031995211492e-01 -3.532143039731e+00
10.020000 -8.381611607749e-01 -3.458969796671e+00
10.030000 -8.723791514892e-01 -3.383482788699e+00
10.040000 -9.058310489200e-01 -3.305819908186e+00
10.050000 -9.384957788967e-01 -3.226116985351e+00
10.060000 -9.703536137425e-01 -3.144507198557e+00
10.070000 -1.001386142948e+00 -3.061120541427e+00
10.080000 -1.031576238806e+00 -2.976083347981e+00
10.090000 -1.060908017586e+00 -2.889517876151e+00
10.100000 -1.089366796833e+00 -2.801541949299e+00
10.110000 -1.116939049382e+00 -2.712268654695e+00
10.120000 -1.143612354616e+00 -2.621806097338e+00
10.130000 -1.169375347558e+00 -2.530257207029e+00
10.140000 -1.194217666273e+00 -2.437719596216e+00
10.150000 -1.218129898114e+00 -2.344285465802e+00
10.160000 -1.241103525241e+00 -2.250041555915e+00
10.170000 -1.263130869878e+00 -2.155069138453e+00
10.180000 -1.284205039689e+00 -2.059444048164e+00
10.190000 -1.304319873653e+00 -1.963236748965e+00
10.200000 -1.323469888767e+00 -1.866512432278e+00
10.210000 -1.341650227886e+00 -1.769331144186e+00
10.220000 -1.358856608972e+00 -1.671747938366e+00
10.230000 -1.375085275995e+00 -1.573813051871e+00
10.240000 -1.390332951692e+00 -1.475572101029e+00
10.250000 -1.404596792388e+00 -1.377066294874e+00
10.260000 -1.417874345027e+00 -1.278332663757e+00
10.270000 -1.430163506563e+00 -1.179404300969e+00
10.280000 -1.441462485827e+00 -1.080310615414e+00
10.290000 -1.451769767966e+00 -9.810775935769e-01
10.300000 -1.461084081552e+00 -8.817280692354e-01
10.310000 -1.469404368422e+00 -7.822819995409e-01
10.320000 -1.476729756298e+00 -6.827567462894e-01
10.330000 -1.483059534260e+00 -5.831673613608e-01
10.340000 -1.488393131076e+00 -4.835268754633e-01
10.350000 -1.492730096442e+00 -3.838465894573e-01
10.360000 -1.496070085147e+00 -2.841363676574e-01
10.370000 -1.498412844177e+00 -1.844049326143e-01
10.380000 -1.499758202773e+00 -8.466016096984e-02
10.390000 -1.500106065456e+00 1.509061995303e-02
10.400000 -1.499456408015e+00 1.148403351099e-01
10.410000 -1.497809276470e+00 2.145818644958e-01
10.420000 -1.495164789012e+00 3.143077459413e-01
10.430000 -1.491523140903e+00 4.140098781830e-01
10.440000 -1.486884612358e+00 5.136792244673e-01
10.450000 -1.481249579375e+00 6.133055169856e-01
10.460000 -1.474618527521e+00 7.128769624988e-01
10.470000 -1.466992068656e+00 8.123799495841e-01
10.480000 -1.458370960573e+00 9.117987580301e-01
10.490000 -1.448756129532e+00 1.011115271019e+00
10.500000 -1.438148695655e+00 1.110308690859e+00
10.510000 -1.426550001149e+00 1.209355259183e+00
10.520000 -1.413961641294e+00 1.308227982669e+00
10.530000 -1.400385498153e+00 1.406896365533e+00
10.540000 -1.385823776908e+00 1.505326150210e+00
10.550000 -1.370279044756e+00 1.603479067846e+00
10.560000 -1.353754272239e+00 1.701312600408e+00
10.570000 -1.336252876889e+00 1.798779756439e+00
10.580000 -1.317778769053e+00 1.895828862684e+00
10.590000 -1.298336399698e+00 1.992403374009e+00
10.600000 -1.277930810037e+00 2.088441704248e+00
10.610000 -1.256567682724e+00 2.183877080754e+00
10.620000 -1.234253394379e+00 2.278637425646e+00
10.630000 -1.210995069164e+00 2.372645266821e+00
10.640000 -1.186800633087e+00 2.465817681950e+00
10.650000 -1.161678868697e+00 2.558066278705e+00
10.660000 -1.135639469782e+00 2.649297214506e+00
10.670000 -1.108693095672e+00 2.739411259009e+00
10.680000 -1.080851424687e+00 2.828303902477e+00
10.690000 -1.052127206268e+00 2.915865512993e+00
10.700000 -1.022534311289e+00 3.001981545217e+00
10.710000 -9.920877800087e-01 3.086532803069e+00
10.720000 -9.608038671283e-01 3.169395758295e+00
10.730000 -9.287000833766e-01 3.250442926363e+00
10.740000 -8.957952330483e-01 3.329543300548e+00
10.750000 -8.621094469090e-01 3.406562844358e+00
10.760000 -8.276642098864e-01 3.481365041707e+00
10.770000 -7.924823829737e-01 3.553811503378e+00
10.780000 -7.565882187921e-01 3.623762627405e+00
10.790000 -7.200073702888e-01 3.691078310049e+00
10.800000 -6.827668920818e-01 3.755618703022e+00
10.810000 -6.448952340146e-01 3.817245011622e+00
10.820000 -6.064222265400e-01 3.875820327405e+00
10.830000 -5.673790576234e-01 3.931210488058e+00
10.840000 -5.277982409309e-01 3.983284956228e+00
10.850000 -4.877135751566e-01 4.031917708207e+00
10.860000 -4.471600944385e-01 4.076988122685e+00
10.870000 -4.061740099123e-01 4.118381859199e+00
10.880000 -3.647926425583e-01 4.155991715502e+00
10.890000 -3.230543476087e-01 4.189718452871e+00
10.900000 -2.809984308881e-01 4.219471578361e+00
10.910000 -2.386650575754e-01 4.245170073218e+00
10.920000 -1.960951539759e-01 4.266743057130e+00
10.930000 -1.533303029962e-01 4.284130378629e+00
10.940000 -1.104126341074e-01 4.297283122865e+00
10.950000 -6.738470866294e-02 4.306164029061e+00
10.960000 -2.428940151002e-02 4.310747811224e+00
10.970000 1.883022010884e-02 4.311021377129e+00
10.980000 6.193101932646e-02 4.306983942130e+00
10.990000 1.049699130288e-01 4.298647036030e+00
11.000000 1.479039947653e-01 4.286034402865e+00
11.010000 1.906906561258e-01 4.269181795211e+00
11.020000 2.332877055393e-01 4.248136666232e+00
11.030000 2.756534834946e-01 4.222957764250e+00
11.040000 3.177469732331e-01 4.193714636106e+00
11.050000 3.595279060386e-01 4.160487046829e+00
11.060000 4.009568603255e-01 4.123364324286e+00
11.070000 4.419953538230e-01 4.082444638372e+00
11.080000 4.826059282489e-01 4.037834225010e+00
11.090000 5.227522259740e-01 3.989646565699e+00
11.100000 5.623990582872e-01 3.938001533586e+00
11.110000 6.015124649822e-01 3.883024517053e+00
11.120000 6.400597650936e-01 3.824845531653e+00
11.130000 6.780095987213e-01 3.763598330800e+00
11.140000 7.153319599804e-01 3.699419525117e+00
11.150000 7.519982212110e-01 3.632447719614e+00
11.160000 7.879811486699e-01 3.562822677066e+00
11.170000 8.232549100072e-01 3.490684515060e+00
11.180000 8.577950738971e-01 3.416172943181e+00
11.190000 8.915786022562e-01 3.339426545844e+00
11.200000 9.245838355295e-01 3.260582115218e+00
11.210000 9.567904715658e-01 3.179774037711e+00
11.220000 9.881795386311e-01 3.097133736498e+00
11.230000 1.018733363134e+00 3.012789171669e+00
11.240000 1.048435532638e+00 2.926864398690e+00
11.250000 1.077270854760e+00 2.839479185123e+00
11.260000 1.105225312511e+00 2.750748684824e+00
11.270000 1.132286016677e+00 2.660783168249e+00
11.280000 1.158441155771e+00 2.569687806959e+00
11.290000 1.183679944097e+00 2.477562510004e+00
11.300000 1.207992568432e+00 2.384501809511e+00
11.310000 1.231370133800e+00 2.290594792544e+00
11.320000 1.253804608791e+00 2.195925076121e+00
11.330000 1.275288770839e+00 2.100570822163e+00
11.340000 1.295816151835e+00 2.004604789094e+00
11.350000 1.315380984435e+00 1.908094416840e+00
11.360000 1.333978149382e+00 1.811101941999e+00
11.370000 1.351603124110e+00 1.713684540085e+00
11.380000 1.368251932911e+00 1.615894491858e+00
11.390000 1.383921098873e+00 1.517779370915e+00
11.400000 1.398607597792e+00 1.419382249908e+00
11.410000 1.412308814235e+00 1.320741922917e+00
11.420000 1.425022499904e+00 1.221893141749e+00
11.430000 1.436746734422e+00 1.122866864097e+00
11.440000 1.447479888664e+00 1.023690511724e+00
11.450000 1.457220590702e+00 9.243882370327e-01
11.460000 1.465967694469e+00 8.249811965739e-01
11.470000 1.473720251180e+00 7.254878302238e-01
11.480000 1.480477483574e+00 6.259241449528e-01
11.490000 1.486238763011e+00 5.263040022489e-01
11.500000 1.491003589464e+00 4.266394084179e-01
11.510000 1.494771574424e+00 3.269408071041e-01
11.520000 1.497542426740e+00 2.272173734929e-01
11.530000 1.499315941409e+00 1.274773097523e-01
11.540000 1.500091991324e+00 2.772814134552e-02
11.550000 1.499870521992e+00 -7.202298608843e-02
11.560000 1.498651549222e+00 -1.717690095505e-01
11.570000 1.496435159779e+00 -2.715026514332e-01
11.580000 1.493221515024e+00 -3.712161224421e-01
11.590000 1.489010857508e+00 -4.709008249359e-01
11.600000 1.483803520542e+00 -5.705470569629e-01
11.610000 1.477599940717e+00 -6.701437173263e-01
11.620000 1.470400673364e+00 -7.696780120739e-01
11.630000 1.462206410949e+00 -8.691351628980e-01
11.640000 1.453018004367e+00 -9.684981180331e-01
11.650000 1.442836487113e+00 -1.067747266360e+00
11.660000 1.431663102297e+00 -1.166860155563e+00
11.670000 1.419499332453e+00 -1.265811215333e+00
11.680000 1.406346932087e+00 -1.364571486791e+00
11.690000 1.392207962897e+00 -1.463108359463e+00
11.700000 1.377084831584e+00 -1.561385317341e+00
11.710000 1.360980330149e+00 -1.659361695770e+00
11.720000 1.343897678563e+00 -1.756992451079e+00
11.730000 1.325840569677e+00 -1.854227945098e+00
11.740000 1.306813216199e+00 -1.951013746919e+00
11.750000 1.286820399562e+00 -2.047290454409e+00
11.760000 1.265867520481e+00 -2.142993538228e+00
11.770000 1.243960650934e+00 -2.238053211239e+00
11.780000 1.221106587330e+00 -2.332394326346e+00
11.790000 1.197312904539e+00 -2.425936305930e+00
11.800000 1.172588010463e+00 -2.518593106107e+00
11.810000 1.146941200787e+00 -2.610273219107e+00
11.820000 1.120382713501e+00 -2.700879717015e+00
11.830000 1.092923782772e+00 -2.790310340061e+00
11.840000 1.064576691706e+00 -2.878457632512e+00
11.850000 1.035354823504e+00 -2.965209128983e+00
11.860000 1.005272710489e+00 -3.050447593697e+00
11.870000 9.743460804863e-01 -3.134051314846e+00
11.880000 9.425918999616e-01 -3.215894455733e+00
11.890000 9.100284133754e-01 -3.295847463808e+00
11.900000 8.766751781484e-01 -3.373777538077e+00
11.910000 8.425530946633e-01 -3.449549154608e+00
11.920000 8.076844307237e-01 -3.523024649070e+00
11.930000 7.720928399067e-01 -3.594064854315e+00
11.940000 7.358033732710e-01 -3.662529790117e+00
11.950000 6.988424839167e-01 -3.728279401139e+00
11.960000 6.612380239359e-01 -3.791174338239e+00
11.970000 6.230192333480e-01 -3.851076777164e+00
11.980000 5.842167206776e-01 -3.907851267719e+00
11.990000 5.448624349086e-01 -3.961365605542e+00
12.000000 5.049896286282e-01 -4.011491717728e+00
12.010000 4.646328122692e-01 -4.058106552819e+00
12.020000 4.238276994555e-01 -4.101092964990e+00
12.030000 3.826111435619e-01 -4.140340581826e+00
12.040000 3.410210657042e-01 -4.175746644770e+00
12.050000 2.990963744902e-01 -4.207216811216e+00
12.060000 2.568768779682e-01 -4.234665907357e+00
12.070000 2.144031883200e-01 -4.258018621234e+00
12.080000 1.717166199480e-01 -4.277210125992e+00
12.090000 1.288590817013e-01 -4.292186624160e+00
12.100000 8.587296407605e-02 -4.302905804769e+00
12.110000 4.280102229699e-02 -4.309337206308e+00
12.120000 -3.137437438095e-04 -4.311462479912e+00
12.130000 -4.342821167106e-02 -4.309275548658e+00
12.140000 -8.649925987667e-02 -4.302782660469e+00
12.150000 -1.294838907644e-01 -4.292002333786e+00
12.160000 -1.723393529167e-01 -4.276965196867e+00
12.170000 -2.150232611281e-01 -4.257713723239e+00
12.180000 -2.574937132836e-01 -4.234301867435e+00
12.190000 -2.997094031096e-01 -4.206794606665e+00
12.200000 -3.416297278880e-01 -4.175267395405e+00
12.210000 -3.832148903010e-01 -4.139805541128e+00
12.220000 -4.244259936611e-01 -4.100503510367e+00
12.230000 -4.652251298789e-01 -4.057464175101e+00
12.240000 -5.055754596219e-01 -4.010798010045e+00
12.250000 -5.454412842284e-01 -3.960622251723e+00
12.260000 -5.847881090486e-01 -3.907060030357e+00
12.270000 -6.235826979952e-01 -3.850239485480e+00
12.280000 -6.617931191970e-01 -3.790292875901e+00
12.290000 -6.993887817481e-01 -3.727355694147e+00
12.300000 -7.363404636489e-01 -3.661565794895e+00
12.310000 -7.726203311228e-01 -3.593062546115e+00
12.320000 -8.082019495788e-01 -3.521986010789e+00
12.330000 -8.430602865611e-01 -3.448476166121e+00
12.340000 -8.771717070936e-01 -3.372672166149e+00
12.350000 -9.105139618808e-01 -3.294711652662e+00
12.360000 -9.430661688687e-01 -3.214730118320e+00
12.370000 -9.748087887064e-01 -3.132860324863e+00
12.380000 -1.005723594669e+00 -3.049231778373e+00
12.390000 -1.035793637625e+00 -2.963970262654e+00
12.400000 -1.065003206622e+00 -2.877197430986e+00
12.410000 -1.093337785691e+00 -2.789030455778e+00
12.420000 -1.120784007424e+00 -2.699581734975e+00
12.430000 -1.147329603902e+00 -2.608958653555e+00
12.440000 -1.172963355506e+00 -2.517263397945e+00
12.450000 -1.197675038129e+00 -2.424592820824e+00
12.460000 -1.221455369288e+00 -2.331038353491e+00
12.470000 -1.244295953576e+00 -2.236685962736e+00
12.480000 -1.266189227915e+00 -2.141616149049e+00
12.490000 -1.287128406973e+00 -2.045903982883e+00
12.500000 -1.307107429139e+00 -1.949619175713e+00
12.510000 -1.326120903366e+00 -1.852826182642e+00
12.520000 -1.344164057191e+00 -1.755584333391e+00
12.530000 -1.361232686206e+00 -1.657947988653e+00
12.540000 -1.377323105200e+00 -1.559966718885e+00
12.550000 -1.392432101206e+00 -1.461685502845e+00
12.560000 -1.406556888620e+00 -1.363144943323e+00
12.570000 -1.419695066557e+00 -1.264381497719e+00
12.580000 -1.431844578580e+00 -1.165427721355e+00
12.590000 -1.443003674929e+00 -1.066312521566e+00
12.600000 -1.453170877332e+00 -9.670614208636e-01
12.610000 -1.462344946491e+00 -8.676968276288e-01
12.620000 -1.470524852312e+00 -7.682383130020e-01
12.630000 -1.477709746929e+00 -6.687028928049e-01
12.640000 -1.483898940571e+00 -5.691053135002e-01
12.650000 -1.489091880307e+00 -4.694583413456e-01
12.660000 -1.493288131696e+00 -3.697730540342e-01
12.670000 -1.496487363365e+00 -2.700591342364e-01
12.680000 -1.498689334528e+00 -1.703251645592e-01
12.690000 -1.499893885465e+00 -7.057892352615e-02
12.700000 -1.500100930963e+00 2.917231775009e-02
12.710000 -1.499310456725e+00 1.289214984831e-01
12.720000 -1.497522518753e+00 2.286614709622e-01
12.730000 -1.494737245706e+00 3.283847033705e-01
12.740000 -1.490954844221e+00 4.280829829122e-01
12.750000 -1.486175607211e+00 5.277471195120e-01
12.760000 -1.480399925115e+00 6.273666503924e-01
12.770000 -1.473628300097e+00 7.269295458962e-01
12.780000 -1.465861363188e+00 8.264219169984e-01
12.790000 -1.457099894330e+00 9.258277250500e-01
12.800000 -1.447344845319e+00 1.025128494407e+00
12.810000 -1.436597365606e+00 1.124303028729e+00
12.820000 -1.424858830906e+00 1.223327131884e+00
12.830000 -1.412130874582e+00 1.322173334537e+00
12.840000 -1.398415421726e+00 1.420810627704e+00
12.850000 -1.383714725865e+00 1.519204204704e+00
12.860000 -1.368031408209e+00 1.617315213169e+00
12.870000 -1.351368499314e+00 1.715100518939e+00
12.880000 -1.333729483047e+00 1.812512483910e+00
12.890000 -1.315118342701e+00 1.909498760079e+00
12.900000 -1.295539609072e+00 2.006002102239e+00
12.910000 -1.274998410322e+00 2.101960201982e+00
12.920000 -1.253500523377e+00 2.197305545827e+00
12.930000 -1.231052426620e+00 2.291965300454e+00
12.940000 -1.207661353596e+00 2.385861228170e+00
12.950000 -1.183335347386e+00 2.478909635793e+00
12.960000 -1.158083315336e+00 2.571021360253e+00
12.970000 -1.131915083725e+00 2.662101794151e+00
12.980000 -1.104841451974e+00 2.752050954525e+00
12.990000 -1.076874245943e+00 2.840763597926e+00
13.000000 -1.048026369842e+00 2.928129384726e+00
13.010000 -1.018311856237e+00 3.014033095343e+00
13.020000 -9.877459136375e-01 3.098354900684e+00
13.030000 -9.563449711000e-01 3.180970688722e+00
13.040000 -9.241267192783e-01 3.261752448552e+00
13.050000 -8.911101473486e-01 3.340568712715e+00
13.060000 -8.573155752172e-01 3.417285057818e+00
13.070000 -8.227646804314e-01 3.491764662766e+00
13.080000 -7.874805192254e-01 3.563868922994e+00
13.090000 -7.514875411480e-01 3.633458118225e+00
13.100000 -7.148115967544e-01 3.700392130263e+00
13.110000 -6.774799378802e-01 3.764531206355e+00
13.120000 -6.395212100677e-01 3.825736762624e+00
13.130000 -6.009654367727e-01 3.883872221067e+00
13.140000 -5.618439950523e-01 3.938803872651e+00
13.150000 -5.221895825117e-01 3.990401758129e+00
13.160000 -4.820361753769e-01 4.038540557376e+00
13.170000 -4.414189776560e-01 4.083100477365e+00
13.180000 -4.003743614533e-01 4.123968128343e+00
13.190000 -3.589397986075e-01 4.161037377383e+00
13.200000 -3.171537839355e-01 4.194210168327e+00
13.210000 -2.750557504717e-01 4.223397297134e+00
13.220000 -2.326859772043e-01 4.248519131898e+00
13.230000 -1.900854899134e-01 4.269506267296e+00
13.240000 -1.472959558176e-01 4.286300103883e+00
13.250000 -1.043595728244e-01 4.298853343605e+00
13.260000 -6.131895426468e-02 4.307130394008e+00
13.270000 -1.821701005720e-02 4.311107674896e+00
13.280000 2.490317469301e-02 4.310773822684e+00
13.290000 6.799846261948e-02 4.306129789227e+00
13.300000 1.110257874753e-01 4.297188833565e+00
13.310000 1.539422768956e-01 4.283976406718e+00
13.320000 1.967053734775e-01 4.266529931350e+00
13.330000 2.392729531385e-01 4.244898479743e+00
13.340000 2.816034397582e-01 4.219142355098e+00
13.350000 3.236559151656e-01 4.189332582600e+00
13.360000 3.653902236042e-01 4.155550317946e+00
13.370000 4.067670698914e-01 4.117886182155e+00
13.380000 4.477481105817e-01 4.076439532311e+00
13.390000 4.882960375420e-01 4.031317678623e+00
13.400000 5.283746534564e-01 3.982635058546e+00
13.410000 5.679489388851e-01 3.930512378993e+00
13.420000 6.069851106128e-01 3.875075737599e+00
13.430000 6.454506711327e-01 3.816455733823e+00
13.440000 6.833144492166e-01 3.754786580243e+00
13.450000 7.205466316236e-01 3.690205223843e+00
13.460000 7.571187860950e-01 3.622850486365e+00
13.470000 7.930038758682e-01 3.552862231968e+00
13.480000 8.281762660237e-01 3.480380569531e+00
13.490000 8.626117220436e-01 3.405545095941e+00
13.500000 8.962874010222e-01 3.328494185703e+00
13.510000 9.291818360152e-01 3.249364331206e+00
13.520000 9.612749140541e-01 3.168289536956e+00
13.530000 9.925478483782e-01 3.085400770132e+00
13.540000 1.022983145458e+00 3.000825468904e+00
13.550000 1.052564567395e+00 2.914687109122e+00
13.560000 1.081277090273e+00 2.827104829178e+00
13.570000 1.109106859057e+00 2.738193112205e+00
13.580000 1.136041139587e+00 2.648061524130e+00
13.590000 1.162068268238e+00 2.556814505644e+00
13.600000 1.187177599750e+00 2.464551215682e+00
13.610000 1.211359453758e+00 2.371365423713e+00
13.620000 1.234605060470e+00 2.277345447871e+00
13.630000 1.256906505954e+00 2.182574135801e+00
13.640000 1.278256677440e+00 2.087128884971e+00
13.650000 1.298649209006e+00 1.991081699184e+00
13.660000 1.318078428012e+00 1.894499278016e+00
13.670000 1.336539302580e+00 1.797443135999e+00
13.680000 1.354027390405e+00 1.699969748441e+00
13.690000 1.370538789155e+00 1.602130720916e+00
13.700000 1.386070088674e+00 1.503972979654e+00
13.710000 1.400618325185e+00 1.405538980172e+00
13.720000 1.414180937669e+00 1.306866931756e+00
13.730000 1.426755726557e+00 1.207991035550e+00
13.740000 1.438340814874e+00 1.108941734242e+00
13.750000 1.448934611924e+00 1.009745971527e+00
13.760000 1.458535779616e+00 9.104274597467e-01
13.770000 1.467143201514e+00 8.110069542683e-01
13.780000 1.474755954645e+00 7.115025333771e-01
13.790000 1.481373284145e+00 6.119298826157e-01
13.800000 1.486994580760e+00 5.123025826610e-01
13.810000 1.491619361242e+00 4.126323999761e-01
13.820000 1.495247251671e+00 3.129295796014e-01
13.830000 1.497877973705e+00 2.132031395589e-01
13.840000 1.499511333783e+00 1.134611664388e-01
13.850000 1.500147215297e+00 1.371111181217e-02
13.860000 1.499785573720e+00 -8.603991082885e-02
13.870000 1.498426434714e+00 -1.857848288617e-01
13.880000 1.496069895204e+00 -2.855163132925e-01
13.890000 1.492716127432e+00 -3.852264817188e-01
13.900000 1.488365385970e+00 -4.849066017469e-01
13.910000 1.483018017706e+00 -5.845467951501e-01
13.920000 1.476674474776e+00 -6.841357431049e-01
13.930000 1.469335330441e+00 -7.836603929142e-01
13.940000 1.461001297888e+00 -8.831056667171e-01
13.950000 1.451673251932e+00 -9.824541727867e-01
13.960000 1.441352253588e+00 -1.081685920144e+00
13.970000 1.430039577482e+00 -1.180778037356e+00
13.980000 1.417736742052e+00 -1.279704496532e+00
13.990000 1.404445542471e+00 -1.378435843712e+00
14.000000 1.390168086241e+00 -1.476938937021e+00
14.010000 1.374906831358e+00 -1.575176694125e+00
14.020000 1.358664626953e+00 -1.673107850782e+00
14.030000 1.341444756286e+00 -1.770686732422e+00
14.040000 1.323250981953e+00 -1.867863040923e+00
14.050000 1.304087593147e+00 -1.964581658982e+00
14.060000 1.283959454777e+00 -2.060782474604e+00
14.070000 1.262872058240e+00 -2.156400228501e+00
14.080000 1.240831573586e+00 -2.251364387289e+00
14.090000 1.217844902831e+00 -2.345599045556e+00
14.100000 1.193919734082e+00 -2.439022859982e+00
14.110000 1.169064596162e+00 -2.531549018735e+00
14.120000 1.143288913352e+00 -2.623085249452e+00
14.130000 1.116603059852e+00 -2.713533869026e+00
14.140000 1.089018413529e+00 -2.802791878396e+00
14.150000 1.060547408486e+00 -2.890751105337e+00
14.160000 1.031203585951e+00 -2.977298398048e+00
14.170000 1.001001642972e+00 -3.062315872026e+00
14.180000 9.699574783755e-01 -3.145681212297e+00
14.190000 9.380882354150e-01 -3.227268032630e+00
14.200000 9.054123405439e-01 -3.306946292750e+00
14.210000 8.719495377240e-01 -3.384582773937e+00
14.220000 8.377209176859e-01 -3.460041612630e+00
14.230000 8.027489415673e-01 -3.533184890834e+00
14.240000 7.670574583669e-01 -3.603873281234e+00
14.250000 7.306717156816e-01 -3.671966743972e+00
14.260000 6.936183632270e-01 -3.737325271036e+00
14.270000 6.559254486879e-01 -3.799809673213e+00
14.280000 6.176224055020e-01 -3.859282403526e+00
14.290000 5.787400322432e-01 -3.915608410095e+00
14.300000 5.393104633492e-01 -3.968656010435e+00
14.310000 4.993671310209e-01 -4.018297778313e+00
14.320000 4.589447182138e-01 -4.064411433583e+00
14.330000 4.180791027419e-01 -4.106880724756e+00
14.340000 3.768072926185e-01 -4.145596293647e+00
14.350000 3.351673528672e-01 -4.180456511136e+00
14.360000 2.931983241484e-01 -4.211368273050e+00
14.370000 2.509401336519e-01 -4.238247745278e+00
14.380000 2.084334988207e-01 -4.261021047656e+00
14.390000 1.657198245650e-01 -4.279624866707e+00
14.400000 1.228410947297e-01 -4.294006988197e+00
14.410000 7.983975865587e-02 -4.304126741455e+00
14.420000 3.675861375927e-02 -4.309955348673e+00
14.430000 -6.359314895609e-03 -4.311476173743e+00
14.440000 -4.947089699702e-02 -4.308684866763e+00
14.450000 -9.253302030438e-02 -4.301589401919e+00
14.460000 -1.355027138102e-01 -4.290210008149e+00
14.470000 -1.783372696749e-01 -4.274578993686e+00
14.480000 -2.209943628817e-01 -4.254740467235e+00
14.490000 -2.634321675985e-01 -4.230749960132e+00
14.500000 -3.056094692780e-01 -4.202673955331e+00
14.510000 -3.474857716014e-01 -4.170589330399e+00
14.520000 -3.890213974411e-01 -4.134582722872e+00
14.530000 -4.301775831124e-01 -4.094749827305e+00
14.540000 -4.709165652790e-01 -4.051194634101e+00
14.550000 -5.112016599822e-01 -4.004028620739e+00
14.560000 -5.509973333715e-01 -3.953369906344e+00
14.570000 -5.902692638249e-01 -3.899342380600e+00
14.580000 -6.289843952584e-01 -3.842074817911e+00
14.590000 -6.671109815287e-01 -3.781699987358e+00
14.600000 -7.046186219406e-01 -3.718353768512e+00
14.610000 -7.414782879654e-01 -3.652174282512e+00
14.620000 -7.776623413687e-01 -3.583301047012e+00
14.630000 -8.131445440259e-01 -3.511874162734e+00
14.640000 -8.479000597792e-01 -3.438033538403e+00
14.650000 -8.819054487510e-01 -3.361918159834e+00
14.660000 -9.151386545804e-01 -3.283665407940e+00
14.670000 -9.475789850950e-01 -3.203410429401e+00
14.680000 -9.792070869596e-01 -3.121285562760e+00
14.690000 -1.010004914868e+00 -3.037419821776e+00
14.700000 -1.039955695856e+00 -2.951938436980e+00
14.710000 -1.069043889327e+00 -2.864962455584e+00
14.720000 -1.097255143357e+00 -2.776608399163e+00
14.730000 -1.124576247874e+00 -2.686987977901e+00
14.740000 -1.150995085253e+00 -2.596207859640e+00
14.750000 -1.176500578865e+00 -2.504369491522e+00
14.760000 -1.201082640112e+00 -2.411568971642e+00
14.770000 -1.224732114407e+00 -2.317896967839e+00
14.780000 -1.247440726582e+00 -2.223438680566e+00
14.790000 -1.269201026129e+00 -2.128273846635e+00
14.800000 -1.290006332681e+00 -2.032476780561e+00
14.810000 -1.309850682077e+00 -1.936116450242e+00
14.820000 -1.328728773359e+00 -1.839256583740e+00
14.830000 -1.346635916979e+00 -1.741955804018e+00
14.840000 -1.363567984478e+00 -1.644267788609e+00
14.850000 -1.379521359896e+00 -1.546241451350e+00
14.860000 -1.394492893085e+00 -1.447921143482e+00
14.870000 -1.408479855138e+00 -1.349346871605e+00
14.880000 -1.421479896065e+00 -1.250554530173e+00
14.890000 -1.433491004867e+00 -1.151576146432e+00
14.900000 -1.444511472119e+00 -1.052440135892e+00
14.910000 -1.454539855149e+00 -9.531715666360e-01
14.920000 -1.463574945903e+00 -8.537924309644e-01
14.930000 -1.471615741566e+00 -7.543219230599e-01
14.940000 -1.478661417979e+00 -6.547767215365e-01
14.950000 -1.484711305904e+00 -5.551712758980e-01
14.960000 -1.489764870176e+00 -4.555180960832e-01
14.970000 -1.493821691764e+00 -3.558280444091e-01
14.980000 -1.496881452750e+00 -2.561106293403e-01
14.990000 -1.498943924274e+00 -1.563743006164e-01
15.000000 -1.500008957417e+00 -5.662674534993e-02
15.010000 -1.500076477060e+00 4.312481522628e-02
15.020000 -1.499146478711e+00 1.428733286340e-01
15.030000 -1.497219028301e+00 2.426116138927e-01
15.040000 -1.494294264956e+00 3.423320643647e-01
15.050000 -1.490372406741e+00 4.420263509430e-01
15.060000 -1.485453759362e+00 5.416851258514e-01
15.070000 -1.479538727837e+00 6.412977273705e-01
15.080000 -1.472627831106e+00 7.408518858637e-01
15.090000 -1.464721719576e+00 8.403334315638e-01
15.100000 -1.455821195580e+00 9.397260046730e-01
15.110000 -1.445927236714e+00 1.039010768451e+00
15.120000 -1.435041022040e+00 1.138166126095e+00
15.130000 -1.423163961083e+00 1.237167442357e+00
15.140000 -1.410297725599e+00 1.335986771030e+00
15.150000 -1.396444284026e+00 1.434592589569e+00
15.160000 -1.381605938557e+00 1.532949542343e+00
15.170000 -1.365785364726e+00 1.631018194177e+00
15.180000 -1.348985653408e+00 1.728754796066e+00
15.190000 -1.331210355093e+00 1.826111065134e+00
15.200000 -1.312463526288e+00 1.923033981122e+00
15.210000 -1.292749777857e+00 2.019465601886e+00
15.220000 -1.272074325113e+00 2.115342900592e+00
15.230000 -1.250443039415e+00 2.210597627430e+00
15.240000 -1.227862501028e+00 2.305156198874e+00
15.250000 -1.204340052931e+00 2.398939617613e+00
15.260000 -1.179883855277e+00 2.491863426353e+00
15.270000 -1.154502940132e+00 2.583837698793e+00
15.280000 -1.128207266106e+00 2.674767071020e+00
15.290000 -1.101007772472e+00 2.764550816550e+00
15.300000 -1.072916432292e+00 2.853082968099e+00
15.310000 -1.043946304100e+00 2.940252488990e+00
15.320000 -1.014111581607e+00 3.025943496802e+00
15.330000 -9.834276409043e-01 3.110035541563e+00
15.340000 -9.519110846080e-01 3.192403940269e+00
15.350000 -9.195797823732e-01 3.272920169059e+00
15.360000 -8.864529071958e-01 3.351452313688e+00
15.370000 -8.525509669185e-01 3.427865578273e+00
15.380000 -8.178958303588e-01 3.502022851457e+00
15.390000 -7.825107474927e-01 3.573785328310e+00
15.400000 -7.464203631471e-01 3.643013185313e+00
15.410000 -7.096507236850e-01 3.709566304830e+00
15.420000 -6.722292762099e-01 3.773305044440e+00
15.430000 -6.341848598668e-01 3.834091045492e+00
15.440000 -5.955476888763e-01 3.891788074247e+00
15.450000 -5.563493270148e-01 3.946262888002e+00
15.460000 -5.166226533279e-01 3.997386117692e+00
15.470000 -4.764018189593e-01 4.045033157689e+00
15.480000 -4.357221950700e-01 4.089085052792e+00
15.490000 -3.946203119278e-01 4.129429371942e+00
15.500000 -3.531337893532e-01 4.165961057785e+00
15.510000 -3.113012588178e-01 4.198583241073e+00
15.520000 -2.691622776020e-01 4.227208008966e+00
15.530000 -2.267572355269e-01 4.251757116530e+00
15.540000 -1.841272548818e-01 4.272162631279e+00
15.550000 -1.413140842637e-01 4.288367501302e+00
15.560000 -9.835998714012e-02 4.300326038481e+00
15.570000 -5.530762602356e-02 4.308004309440e+00
15.580000 -1.219994321252e-02 4.311380428198e+00
15.590000 3.091996088975e-02 4.310444745959e+00
15.600000 7.400895083219e-02 4.305199935053e+00
15.610000 1.170239794790e-01 4.295660965714e+00
15.620000 1.599222106048e-01 4.281854976048e+00
15.630000 2.026611396601e-01 4.263821037255e+00
15.640000 2.451987116735e-01 4.241609817756e+00
15.650000 2.874934353023e-01 4.215283151475e+00
15.660000 3.295044921025e-01 4.184913516866e+00
15.670000 3.711918401626e-01 4.150583434582e+00
15.680000 4.125163113284e-01 4.112384792710e+00
15.690000 4.534397013429e-01 4.070418109368e+00
15.700000 4.939248523246e-01 4.024791743072e+00
15.710000 5.339357271150e-01 3.975621061720e+00
15.720000 5.734374751371e-01 3.923027581181e+00
15.730000 6.123964895147e-01 3.867138084469e+00
15.740000 6.507804553138e-01 3.808083732226e+00
15.750000 6.885583888715e-01 3.745999174804e+00
15.760000 7.257006682774e-01 3.681021675655e+00
15.770000 7.621790551691e-01 3.613290254984e+00
15.780000 7.979667080860e-01 3.542944861798e+00
15.790000 8.330381877035e-01 3.470125581543e+00
15.800000 8.673694543382e-01 3.394971885533e+00
15.810000 9.009378581691e-01 3.317621927375e+00
15.820000 9.337221226694e-01 3.238211890562e+00
15.830000 9.657023217779e-01 3.156875390439e+00
15.840000 9.968598513685e-01 3.073742932730e+00
15.850000 1.027177395591e+00 2.988941429983e+00
15.860000 1.056638888668e+00 2.902593776383e+00
15.870000 1.085229472730e+00 2.814818480689e+00
15.880000 1.112935452269e+00 2.725729356308e+00
15.890000 1.139744245778e+00 2.635435267014e+00
15.900000 1.165644335116e+00 2.544039926241e+00
15.910000 1.190625213129e+00 2.451641747558e+00
15.920000 1.214677330028e+00 2.358333743533e+00
15.930000 1.237792038989e+00 2.264203470024e+00
15.940000 1.259961541411e+00 2.169333012728e+00
15.950000 1.281178832248e+00 2.073799012754e+00
15.960000 1.301437645784e+00 1.977672727922e+00
15.970000 1.320732402184e+00 1.881020126555e+00
15.980000 1.339058155147e+00 1.783902010568e+00
15.990000 1.356410540923e+00 1.686374164767e+00
16.000000 1.372785728945e+00 1.588487529435e+00
16.010000 1.388180374304e+00 1.490288393418e+00
16.020000 1.402591572241e+00 1.391818605122e+00
16.030000 1.416016814841e+00 1.293115799028e+00
16.040000 1.428453950058e+00 1.194213635520e+00
16.050000 1.439901143205e+00 1.095142052047e+00
16.060000 1.450356841000e+00 9.959275238260e-01
16.070000 1.459819738274e+00 8.965933325031e-01
16.080000 1.468288747392e+00 7.971598413812e-01
16.090000 1.475762970457e+00 6.976447759962e-01
16.100000 1.482241674353e+00 5.980635090044e-01
16.110000 1.487724268644e+00 4.984293484927e-01
16.120000 1.492210286378e+00 3.987538289675e-01
16.130000 1.495699367815e+00 2.990470044033e-01
16.140000 1.498191247085e+00 1.993177428380e-01
16.150000 1.499685741809e+00 9.957402209714e-02
16.160000 1.500182745676e+00 -1.767737011463e-04
16.170000 1.499682223991e+00 -9.992755715154e-02
16.180000 1.498184212190e+00 -1.996712403316e-01
16.190000 1.495688817338e+00 -2.994004375728e-01
16.200000 1.492196222584e+00 -3.991071684694e-01
16.210000 1.487706694598e+00 -4.987825613781e-01
16.220000 1.482220593963e+00 -5.984165577020e-01
16.230000 1.475738388519e+00 -6.979976173048e-01
16.240000 1.468260669649e+00 -7.975124254755e-01
16.250000 1.459788171482e+00 -8.969456019557e-01
16.260000 1.450321793003e+00 -9.962794126480e-01
16.270000 1.439862623018e+00 -1.095493484753e+00
16.280000 1.428411967960e+00 -1.194564526218e+00
16.290000 1.415971382467e+00 -1.293466050547e+00
16.300000 1.402542702691e+00 -1.392168108171e+00
16.310000 1.388128082250e+00 -1.490637025793e+00
16.320000 1.372730030743e+00 -1.588835155273e+00
16.330000 1.356351454734e+00 -1.686720633857e+00
16.340000 1.338995701056e+00 -1.784247157725e+00
16.350000 1.320666602322e+00 -1.881363771066e+00
16.360000 1.301368524451e+00 -1.978014673070e+00
16.370000 1.281106416040e+00 -2.074139045431e+00
16.380000 1.259885859336e+00 -2.169670903139e+00
16.390000 1.237713122590e+00 -2.264538971497e+00
16.400000 1.214595213496e+00 -2.358666592445e+00
16.410000 1.190539933413e+00 -2.451971663373e+00
16.420000 1.165555932027e+00 -2.544366611681e+00
16.430000 1.139652762085e+00 -2.635758408364e+00
16.440000 1.112840933783e+00 -2.726048623865e+00
16.450000 1.085131968383e+00 -2.815133529348e+00
16.460000 1.056538450577e+00 -2.902904246386e+00
16.470000 1.027074079111e+00 -2.989246947811e+00
16.480000 9.967537151317e-01 -3.074043112161e+00
16.490000 9.655934277207e-01 -3.157169833750e+00
16.500000 9.336105360435e-01 -3.238500189892e+00
16.510000 9.008236475383e-01 -3.317903666236e+00
16.520000 8.672526915603e-01 -3.395246640463e+00
16.530000 8.329189478970e-01 -3.470392923892e+00
16.540000 7.978450695821e-01 -3.543204359643e+00
16.550000 7.620550994497e-01 -3.613541475160e+00
16.560000 7.255744798985e-01 -3.681264185875e+00
16.570000 6.884300553742e-01 -3.746232545874e+00
16.580000 6.506500671231e-01 -3.808307540316e+00
16.590000 6.122641398270e-01 -3.867351913439e+00
16.600000 5.733032597987e-01 -3.923231024929e+00
16.610000 5.337997444908e-01 -3.975813726536e+00
16.620000 4.937872031603e-01 -4.024973249974e+00
16.630000 4.533004886211e-01 -4.070588096406e+00
16.640000 4.123756401195e-01 -4.112542917202e+00
16.650000 3.710498174724e-01 -4.150729375269e+00
16.660000 3.293612267167e-01 -4.185046975968e+00
16.670000 2.873490376292e-01 -4.215403856615e+00
16.680000 2.450532935856e-01 -4.241717523745e+00
16.690000 2.025148143349e-01 -4.263915527712e+00
16.700000 1.597750923650e-01 -4.281936064847e+00
16.710000 1.168761836327e-01 -4.295728498227e+00
16.720000 7.386059351226e-02 -4.305253789199e+00
16.730000 3.077115889254e-02 -4.310484833024e+00
16.740000 -1.234907258925e-02 -4.311406693439e+00
16.750000 -5.545696514428e-02 -4.308016732451e+00
16.760000 -9.850941819707e-02 -4.300324633324e+00
16.770000 -1.414634894447e-01 -4.288352316399e+00
16.780000 -1.842765165410e-01 -4.272133749070e+00
16.790000 -2.269062363581e-01 -4.251714652890e+00
16.800000 -2.693109008152e-01 -4.227152112402e+00
16.810000 -3.114493883193e-01 -4.198514091693e+00
16.820000 -3.532813099279e-01 -4.165878866058e+00
16.830000 -3.947671094240e-01 -4.129334377269e+00
16.840000 -4.358681565861e-01 -4.088977521880e+00
16.850000 -4.765468330311e-01 -4.044913382774e+00
16.860000 -5.167666101154e-01 -3.997254414605e+00
16.870000 -5.564921184877e-01 -3.946119594110e+00
16.880000 -5.956892089961e-01 -3.891633546296e+00
16.890000 -6.343250047647e-01 -3.833925657354e+00
16.900000 -6.723679443584e-01 -3.773129184812e+00
16.910000 -7.097878160613e-01 -3.709380374887e+00
16.920000 -7.465557833881e-01 -3.642817596353e+00
16.930000 -7.826444020382e-01 -3.573580499404e+00
16.940000 -8.180276285826e-01 -3.501809207129e+00
16.950000 -8.526808212464e-01 -3.427643546230e+00
16.960000 -8.865807332086e-01 -3.351222322626e+00
16.970000 -9.197054988941e-01 -3.272682646547e+00
16.980000 -9.520346137742e-01 -3.192159310741e+00
16.990000 -9.835489082212e-01 -3.109784224427e+00
17.000000 -1.014230515986e+00 -3.025685904672e+00
17.010000 -1.044062837880e+00 -2.939989026060e+00
17.020000 -1.073030501244e+00 -2.852814028660e+00
17.030000 -1.101119315785e+00 -2.764276783654e+00
17.040000 -1.128316226362e+00 -2.674488315298e+00
17.050000 -1.154609263260e+00 -2.583554577428e+00
17.060000 -1.179987490503e+00 -2.491576282202e+00
17.070000 -1.204440952701e+00 -2.398648778481e+00
17.080000 -1.227960620934e+00 -2.304861976936e+00
17.090000 -1.250538338101e+00 -2.210300318792e+00
17.100000 -1.272166764173e+00 -2.115042784992e+00
17.110000 -1.292839321731e+00 -2.019162942518e+00
17.120000 -1.312550142143e+00 -1.922729024587e+00
17.130000 -1.331294012708e+00 -1.825804041504e+00
17.140000 -1.349066325045e+00 -1.728445919048e+00
17.150000 -1.365863025009e+00 -1.630707661385e+00
17.160000 -1.381680564343e+00 -1.532637535648e+00
17.170000 -1.396515854276e+00 -1.434279275538e+00
17.180000 -1.410366221252e+00 -1.335672301434e+00
17.190000 -1.423229364932e+00 -1.236851954747e+00
17.200000 -1.435103318609e+00 -1.137849744433e+00
17.210000 -1.445986412143e+00 -1.038693603798e+00
17.220000 -1.455877237507e+00 -9.394081559136e-01
17.230000 -1.464774617034e+00 -8.400149861791e-01
17.240000 -1.472677574415e+00 -7.405329207328e-01
17.250000 -1.479585308514e+00 -6.409783096024e-01
17.260000 -1.485497170031e+00 -5.413653136414e-01
17.270000 -1.490412641052e+00 -4.417061944493e-01
17.280000 -1.494331317511e+00 -3.420116066028e-01
17.290000 -1.497252894589e+00 -2.422908916425e-01
17.300000 -1.499177155055e+00 -1.425523733587e-01
17.310000 -1.500103960567e+00 -4.280365399958e-02
17.320000 -1.500033245940e+00 5.694808891124e-02
17.330000 -1.498965016382e+00 1.566958054154e-01
17.340000 -1.496899347707e+00 2.564322758609e-01
17.350000 -1.493836389518e+00 3.561498137778e-01
17.360000 -1.489776371358e+00 4.558399691320e-01
17.370000 -1.484719611827e+00 5.554932322314e-01
17.380000 -1.478666530662e+00 6.550987386048e-01
17.390000 -1.471617663750e+00 7.546439752399e-01
17.400000 -1.463573681084e+00 8.541144886510e-01
17.410000 -1.454535407619e+00 9.534935953464e-01
17.420000 -1.444503847012e+00 1.052762095386e+00
17.430000 -1.433480208208e+00 1.151897989850e+00
17.440000 -1.421465934837e+00 1.250876203199e+00
17.450000 -1.408462737344e+00 1.349668311653e+00
17.460000 -1.394472627821e+00 1.448242278913e+00
17.470000 -1.379497957427e+00 1.546562200727e+00
17.480000 -1.363541456321e+00 1.644588059987e+00
17.490000 -1.346606275982e+00 1.742275494286e+00
17.500000 -1.328696033793e+00 1.839575578006e+00
17.510000 -1.309814859719e+00 1.936434621282e+00
17.520000 -1.289967444908e+00 2.032793988326e+00
17.530000 -1.269159092003e+00 2.128589937834e+00
17.540000 -1.247395766939e+00 2.223753488315e+00
17.550000 -1.224684151941e+00 2.318210311404e+00
17.560000 -1.201031699458e+00 2.411880656266e+00
17.570000 -1.176446686679e+00 2.504679308344e+00
17.580000 -1.150938270279e+00 2.596515585723e+00
17.590000 -1.124516541016e+00 2.687293376363e+00
17.600000 -1.097192577737e+00 2.776911219417e+00
17.610000 -1.068978500335e+00 2.865262433701e+00
17.620000 -1.039887521198e+00 2.952235296165e+00
17.630000 -1.009933994595e+00 3.037713272971e+00
17.640000 -9.791334634972e-01 3.121575305364e+00
17.650000 -9.475027032544e-01 3.203696152117e+00
17.660000 -9.150597615659e-01 3.283946789742e+00
17.670000 -8.818239941547e-01 3.362194871052e+00
17.680000 -8.478160955662e-01 3.438305241926e+00
17.690000 -8.130581245096e-01 3.512140515313e+00
17.700000 -7.775735231783e-01 3.583561700674e+00
17.710000 -7.413871300039e-01 3.652428886062e+00
17.720000 -7.045251853361e-01 3.718601969121e+00
17.730000 -6.670153295788e-01 3.781941432219e+00
17.740000 -6.288865933690e-01 3.842309155962e+00
17.750000 -5.901693794445e-01 3.899569264288e+00
17.760000 -5.508954359220e-01 3.953588993429e+00
17.770000 -5.110978207875e-01 4.004239576113e+00
17.780000 -4.708108574916e-01 4.051397131613e+00
17.790000 -4.300700816398e-01 4.094943551579e+00
17.800000 -3.889121788725e-01 4.134767371094e+00
17.810000 -3.473749141341e-01 4.170764614072e+00
17.820000 -3.054970526460e-01 4.202839601967e+00
17.830000 -2.633182730012e-01 4.230905714882e+00
17.840000 -2.208790729142e-01 4.254886094430e+00
17.850000 -1.782206682581e-01 4.274714278285e+00
17.860000 -1.353848861219e-01 4.290334757075e+00
17.870000 -9.241405270854e-02 4.301703445275e+00
17.880000 -4.935087697210e-02 4.308788058912e+00
17.890000 -6.238330959488e-03 4.311568394243e+00
17.900000 3.688047212819e-02 4.310036503062e+00
17.910000 7.996240110277e-02 4.304196761872e+00
17.920000 1.229644301139e-01 4.294065833829e+00
17.930000 1.658437610578e-01 4.279672524066e+00
17.940000 2.085579440115e-01 4.261057530670e+00
17.950000 2.510649946641e-01 4.238273095203e+00
17.960000 2.933235077634e-01 4.211382558193e+00
17.970000 3.352927656599e-01 4.180459826403e+00
17.980000 3.769328411006e-01 4.145588759896e+00
17.990000 4.182046935160e-01 4.106862487991e+00
18.000000 4.590702581347e-01 4.064382663964e+00
18.010000 4.994925273655e-01 4.018258669021e+00
18.020000 5.394356239919e-01 3.968606776375e+00
18.030000 5.788648658358e-01 3.915549286478e+00
18.040000 6.177468216573e-01 3.859213644318e+00
18.050000 6.560493581635e-01 3.799731549493e+00
18.060000 6.937416781089e-01 3.737238069257e+00
18.070000 7.307943495645e-01 3.671870764161e+00
18.080000 7.671793265293e-01 3.603768835143e+00
18.090000 8.028699611406e-01 3.533072300057e+00
18.100000 8.378410078136e-01 3.459921206717e+00
18.110000 8.720686197115e-01 3.384454888508e+00
18.120000 9.055303379958e-01 3.306811267645e+00
18.130000 9.382050743590e-01 3.227126210092e+00
18.140000 9.700730873727e-01 3.145532935219e+00
18.150000 1.001115953211e+00 3.062161482269e+00
18.160000 1.031316531327e+00 2.977138234845e+00
18.170000 1.060658925665e+00 2.890585503791e+00
18.180000 1.089128441992e+00 2.802621168081e+00
18.190000 1.116711541925e+00 2.713358372698e+00
18.200000 1.143395794225e+00 2.622905281880e+00
18.210000 1.169169823884e+00 2.531364885646e+00
18.220000 1.194023259547e+00 2.438834857129e+00
18.230000 1.217946679752e+00 2.345407457910e+00
18.240000 1.240931558450e+00 2.251169488341e+00
18.250000 1.262970210255e+00 2.156202279693e+00
18.260000 1.284055735811e+00 2.060581724865e+00
18.270000 1.304181967651e+00 1.964378344376e+00
18.280000 1.323343416880e+00 1.867657384403e+00
18.290000 1.341535221005e+00 1.770478943675e+00
18.300000 1.358753093152e+00 1.672898126179e+00
18.310000 1.374993272943e+00 1.574965216740e+00
18.320000 1.390252479236e+00 1.476725876745e+00
18.330000 1.404527864913e+00 1.378221357429e+00
18.340000 1.417816973880e+00 1.279488728362e+00
18.350000 1.430117700433e+00 1.180561118965e+00
18.360000 1.441428251087e+00 1.081467971099e+00
18.370000 1.451747108991e+00 9.822353009629e-01
18.380000 1.461073000997e+00 8.828859687453e-01
18.390000 1.469404867468e+00 7.834399546660e-01
18.400000 1.476741834871e+00 6.839146402097e-01
18.410000 1.483083191205e+00 5.843250935400e-01
18.420000 1.488428364306e+00 4.846843582246e-01
18.430000 1.492776903050e+00 3.850037445463e-01
18.440000 1.496128461481e+00 2.852931227960e-01
18.450000 1.498482785884e+00 1.855612180500e-01
18.460000 1.499839704807e+00 8.581590602340e-02
18.470000 1.500199122050e+00 -1.393549033897e-02
18.480000 1.499561012620e+00 -1.136859038185e-01
18.490000 1.497925421663e+00 -2.134282256776e-01
18.500000 1.495292466361e+00 -3.131550084468e-01
18.510000 1.491662340808e+00 -4.128581689837e-01
18.520000 1.487035323848e+00 -5.125286920599e-01
18.530000 1.481411789879e+00 -6.121563347764e-01
18.540000 1.474792222600e+00 -7.117293321618e-01
18.550000 1.467177231707e+00 -8.112341043855e-01
18.560000 1.458567572491e+00 -9.106549661111e-01
18.570000 1.448964168350e+00 -1.009973838627e+00
18.580000 1.438368136145e+00 -1.109169965514e+00
18.590000 1.426780814392e+00 -1.208219632769e+00
18.600000 1.414203794226e+00 -1.307095894426e+00
18.610000 1.400638953070e+00 -1.405768304944e+00
18.620000 1.386088490956e+00 -1.504202659752e+00
18.630000 1.370554969383e+00 -1.602360745582e+00
18.640000 1.354041352627e+00 -1.700200102401e+00
18.650000 1.336551051368e+00 -1.797673798956e+00
18.660000 1.318087968480e+00 -1.894730224161e+00
18.670000 1.298656546833e+00 -1.991312896743e+00
18.680000 1.278261818894e+00 -2.087360295778e+00
18.690000 1.256909457911e+00 -2.182805714906e+00
18.700000 1.234605830434e+00 -2.277577143188e+00
18.710000 1.211358049881e+00 -2.371597175704e+00
18.720000 1.187174030846e+00 -2.464782957086e+00
18.730000 1.162062543794e+00 -2.557046161245e+00
18.740000 1.136033269775e+00 -2.648293010581e+00
18.750000 1.109096854735e+00 -2.738424337895e+00
18.760000 1.081264962993e+00 -2.827335694151e+00
18.770000 1.052550329395e+00 -2.914917505048e+00
18.780000 1.022966809657e+00 -3.001055279105e+00
18.790000 9.925294283679e-01 -3.085629869659e+00
18.800000 9.612544240842e-01 -3.168517792724e+00
18.810000 9.291592909765e-01 -3.249591602178e+00
18.820000 8.962628164281e-01 -3.328720323132e+00
18.830000 8.625851140096e-01 -3.405769943663e+00
18.840000 8.281476512460e-01 -3.480603964307e+00
18.850000 7.929732716027e-01 -3.553084003879e+00
18.860000 7.570862101375e-01 -3.623070459257e+00
18.870000 7.205121022931e-01 -3.690423215812e+00
18.880000 6.832779853415e-01 -3.755002404173e+00
18.890000 6.454122920431e-01 -3.816669197962e+00
18.900000 6.069448361386e-01 -3.875286646181e+00
18.910000 5.679067893611e-01 -3.930720532898e+00
18.920000 5.283306497362e-01 -3.982840256004e+00
18.930000 4.882502010210e-01 -4.031519715951e+00
18.940000 4.477004632299e-01 -4.076638204690e+00
18.950000 4.067176342956e-01 -4.118081284446e+00
18.960000 3.653390230211e-01 -4.155741645541e+00
18.970000 3.236029735839e-01 -4.189519932303e+00
18.980000 2.815487819701e-01 -4.219325526045e+00
18.990000 2.392166048187e-01 -4.245077274347e+00
19.000000 1.966473612692e-01 -4.266704156278e+00
19.010000 1.538826285008e-01 -4.284145873885e+00
19.020000 1.109645317484e-01 -4.297353361152e+00
19.030000 6.793562966093e-02 -4.306289202705e+00
19.040000 2.483879594134e-02 -4.310927955843e+00
19.050000 -1.828290173804e-02 -4.311256370869e+00
19.060000 -6.138632450512e-02 -4.307273506279e+00
19.070000 -1.044283856788e-01 -4.298990736988e+00
19.080000 -1.473661737059e-01 -4.286431655461e+00
19.090000 -1.901570735775e-01 -4.269631867310e+00
19.100000 -2.327588856809e-01 -4.248638684564e+00
19.110000 -2.751299410831e-01 -4.223510721387e+00
19.120000 -3.172292123003e-01 -4.194317398469e+00
19.130000 -3.590164186717e-01 -4.161138363627e+00
19.140000 -4.004521255418e-01 -4.124062837242e+00
19.150000 -4.414978365454e-01 -4.083188892118e+00
19.160000 -4.821160783881e-01 -4.038622678000e+00
19.170000 -5.222704776226e-01 -3.990477601500e+00
19.180000 -5.619258290279e-01 -3.938873472397e+00
19.190000 -6.010481553116e-01 -3.883935627330e+00
19.200000 -6.396047579635e-01 -3.825794041680e+00
19.210000 -6.775642591939e-01 -3.764582440101e+00
19.220000 -7.148966349974e-01 -3.700437415583e+00
19.230000 -7.515732394717e-01 -3.633497566233e+00
19.240000 -7.875668206151e-01 -3.563902658173e+00
19.250000 -8.228515279022e-01 -3.491792822016e+00
19.260000 -8.574029120086e-01 -3.417307789421e+00
19.270000 -8.911979171171e-01 -3.340586175233e+00
19.280000 -9.242148662828e-01 -3.261764809676e+00
19.290000 -9.564334403813e-01 -3.180978124082e+00
19.300000 -9.878346511875e-01 -3.098357592642e+00
19.310000 -1.018400809157e+00 -3.014031231770e+00
19.320000 -1.048115486489e+00 -2.928123157794e+00
19.330000 -1.076963476064e+00 -2.840753202909e+00
19.340000 -1.104930746821e+00 -2.752036588637e+00
19.350000 -1.132004396165e+00 -2.662083655419e+00
19.360000 -1.158172599936e+00 -2.570999646439e+00
19.370000 -1.183424560487e+00 -2.478884543371e+00
19.380000 -1.207750453377e+00 -2.385832951362e+00
19.390000 -1.231141373140e+00 -2.291934030336e+00
19.400000 -1.253589278604e+00 -2.197271469498e+00
19.410000 -1.275086938157e+00 -2.101923501810e+00
19.420000 -1.295627875348e+00 -2.005962955174e+00
19.430000 -1.315206315179e+00 -1.909457337036e+00
19.440000 -1.333817131400e+00 -1.812468949227e+00
19.450000 -1.351455795095e+00 -1.715055029900e+00
19.460000 -1.368118324817e+00 -1.617267919594e+00
19.470000 -1.383801238500e+00 -1.519155248601e+00
19.480000 -1.398501507333e+00 -1.420760142982e+00
19.490000 -1.412216511798e+00 -1.322121446775e+00
19.500000 -1.424943999992e+00 -1.223273958147e+00
19.510000 -1.436682048377e+00 -1.124248677439e+00
19.520000 -1.447429025076e+00 -1.025073065253e+00
19.530000 -1.457183555778e+00 -9.257713089391e-01
19.540000 -1.465944492363e+00 -8.263645960405e-01
19.550000 -1.473710884283e+00 -7.268713934238e-01
19.560000 -1.480481952763e+00 -6.273077310060e-01
19.570000 -1.486257067859e+00 -5.276874891510e-01
19.580000 -1.491035728408e+00 -4.280226889466e-01
19.590000 -1.494817544893e+00 -3.283237847115e-01
19.600000 -1.497602225239e+00 -2.285999581882e-01
19.610000 -1.499389563568e+00 -1.288594139782e-01
19.620000 -1.500179431897e+00 -2.910967585434e-02
19.630000 -1.499971774824e+00 7.064211635818e-02
19.640000 -1.498766607166e+00 1.703889095924e-01
19.650000 -1.496564014579e+00 2.701234402835e-01
19.660000 -1.493364157153e+00 3.698379372794e-01
19.670000 -1.489167275967e+00 4.695238251645e-01
19.680000 -1.483973702616e+00 5.691714282770e-01
19.690000 -1.477783871691e+00 6.687696757469e-01
19.700000 -1.470598336204e+00 7.683058079524e-01
19.710000 -1.462417785935e+00 8.677650848764e-01
19.720000 -1.453243068690e+00 9.671304969511e-01
19.730000 -1.443075214436e+00 1.066382479095e+00
19.740000 -1.431915462275e+00 1.165498628788e+00
19.750000 -1.419765290215e+00 1.264453429178e+00
19.760000 -1.406626447685e+00 1.363217978381e+00
19.770000 -1.392500990719e+00 1.461759726313e+00
19.780000 -1.377391319732e+00 1.560042220591e+00
19.790000 -1.361300219787e+00 1.658024863212e+00
19.800000 -1.344230903239e+00 1.755662679964e+00
19.810000 -1.326187054611e+00 1.852906104678e+00
19.820000 -1.307172877552e+00 1.949700780685e+00
19.830000 -1.287193143686e+00 2.045987381995e+00
19.840000 -1.266253243145e+00 2.141701456931e+00
19.850000 -1.244359236545e+00 2.236773297112e+00
19.860000 -1.221517908138e+00 2.331127834820e+00
19.870000 -1.197736819841e+00 2.424684571915e+00
19.880000 -1.173024365813e+00 2.517357543535e+00
19.890000 -1.147389827204e+00 2.609055319858e+00
19.900000 -1.120843426701e+00 2.699681049182e+00
19.910000 -1.093396382415e+00 2.789132545525e+00
19.920000 -1.065060960672e+00 2.877302423771e+00
19.930000 -1.035850527203e+00 2.964078285207e+00
19.940000 -1.005779596220e+00 3.049342955979e+00
19.950000 -9.748638768394e-01 3.132974780632e+00
19.960000 -9.431203162868e-01 3.214847972405e+00
19.970000 -9.105671393171e-01 3.294833021428e+00
19.980000 -8.772238832568e-01 3.372797161289e+00
19.990000 -8.431114280913e-01 3.448604893728e+00
20.000000 -8.082520210167e-01 3.522118570381e+00
