0.000000 1.500000000000e+00 0.000000000000e+00
0.010000 1.499501255452e+00 -9.974831955879e-02
0.020000 1.498005057335e+00 -1.994895088101e-01
0.030000 1.495511513719e+00 -2.992161402728e-01
0.040000 1.492020809671e+00 -3.989201923570e-01
0.050000 1.487533214679e+00 -4.985927529275e-01
0.060000 1.482049093040e+00 -5.982237236577e-01
0.070000 1.475568917190e+00 -6.978015255266e-01
0.080000 1.468093283982e+00 -7.973128058800e-01
0.090000 1.459622933875e+00 -8.967421475716e-01
0.100000 1.450158773027e+00 -9.960717808061e-01
0.110000 1.439701898241e+00 -1.095281298431e+00
0.120000 1.428253624752e+00 -1.194347375570e+00
0.130000 1.415815516779e+00 -1.293243494634e+00
0.140000 1.402389420802e+00 -1.391939676934e+00
0.150000 1.387977501483e+00 -1.490402222290e+00
0.160000 1.372582280143e+00 -1.588593458212e+00
0.170000 1.356206675690e+00 -1.686471500455e+00
0.180000 1.338854047884e+00 -1.783990026929e+00
0.190000 1.320528242779e+00 -1.881098067156e+00
0.200000 1.301233640185e+00 -1.977739809681e+00
0.210000 1.280975202961e+00 -2.073854430014e+00
0.220000 1.259758527902e+00 -2.169375941881e+00
0.230000 1.237589898000e+00 -2.264233074718e+00
0.240000 1.214476335775e+00 -2.358349180483e+00
0.250000 1.190425657381e+00 -2.451642172952e+00
0.260000 1.165446527146e+00 -2.544024502770e+00
0.270000 1.139548512166e+00 -2.635403171492e+00
0.280000 1.112742136551e+00 -2.725679787883e+00
0.290000 1.085038934882e+00 -2.814750669582e+00
0.300000 1.056451504417e+00 -2.902506993142e+00
0.310000 1.026993555536e+00 -2.988834995149e+00
0.320000 9.966799599156e-01 -3.073616226873e+00
0.330000 9.655267958785e-01 -3.156727864427e+00
0.340000 9.335513903551e-01 -3.238043075980e+00
0.350000 9.007723568866e-01 -3.317431446939e+00
0.360000 8.672096290839e-01 -3.394759463375e+00
0.370000 8.328844889629e-01 -3.469891053174e+00
0.380000 7.978195895845e-01 -3.542688183611e+00
0.390000 7.620389714461e-01 -3.613011513086e+00
0.400000 7.255680720975e-01 -3.680721093850e+00
0.410000 6.884337284918e-01 -3.745677121539e+00
0.420000 6.506641716278e-01 -3.807740726302e+00
0.430000 6.122890130994e-01 -3.866774799349e+00
0.440000 5.733392232309e-01 -3.922644847706e+00
0.450000 5.338471005577e-01 -3.975219869103e+00
0.460000 4.938462324943e-01 -4.024373238029e+00
0.470000 4.533714471263e-01 -4.069983593289e+00
0.480000 4.124587561611e-01 -4.111935716810e+00
0.490000 3.711452891792e-01 -4.150121392990e+00
0.500000 3.294692194352e-01 -4.184440237680e+00
0.510000 2.874696815653e-01 -4.214800485820e+00
0.520000 2.451866816717e-01 -4.241119726957e+00
0.530000 2.026610003549e-01 -4.263325578253e+00
0.540000 1.599340893699e-01 -4.281356285254e+00
0.550000 1.170479626730e-01 -4.295161241506e+00
0.560000 7.404508271139e-02 -4.304701419191e+00
0.570000 3.096824288022e-02 -4.309949704177e+00
0.580000 -1.213955287204e-02 -4.310891130297e+00
0.590000 -5.523521226024e-02 -4.307523009194e+00
0.600000 -9.827567764664e-02 -4.299854953679e+00
0.610000 -1.412180487238e-01 -4.287908794249e+00
0.620000 -1.840197038335e-01 -4.271718390072e+00
0.630000 -2.266384188788e-01 -4.251329337404e+00
0.640000 -2.690324828270e-01 -4.226798579969e+00
0.650000 -3.111608088491e-01 -4.198193927320e+00
0.660000 -3.529830402140e-01 -4.165593488480e+00
0.670000 -3.944596501297e-01 -4.129085029336e+00
0.680000 -4.355520348163e-01 -4.088765263180e+00
0.690000 -4.762225991921e-01 -4.044739084534e+00
0.700000 -5.164348346582e-01 -3.997118756882e+00
0.710000 -5.561533885760e-01 -3.946023065234e+00
0.720000 -5.953441251396e-01 -3.891576444490e+00
0.730000 -6.339741774566e-01 -3.833908094411e+00
0.740000 -6.720119907548e-01 -3.773151091677e+00
0.750000 -7.094273567377e-01 -3.709441508985e+00
0.760000 -7.461914392035e-01 -3.642917550438e+00
0.770000 -7.822767911372e-01 -3.573718711750e+00
0.780000 -8.176573635589e-01 -3.501984972812e+00
0.790000 -8.523085064889e-01 -3.427856029300e+00
0.800000 -8.862069624477e-01 -3.351470568925e+00
0.810000 -9.193308529612e-01 -3.272965596973e+00
0.820000 -9.516596585830e-01 -3.192475814745e+00
0.830000 -9.831741929782e-01 -3.110133053541e+00
0.840000 -1.013856571630e+00 -3.026065765916e+00
0.850000 -1.043690175754e+00 -2.940398575037e+00
0.860000 -1.072659611987e+00 -2.853251882236e+00
0.870000 -1.100750668454e+00 -2.764741532077e+00
0.880000 -1.127950267757e+00 -2.674978533677e+00
0.890000 -1.154246417456e+00 -2.584068836485e+00
0.900000 -1.179628158568e+00 -2.492113158247e+00
0.910000 -1.204085512600e+00 -2.399206862565e+00
0.920000 -1.227609427589e+00 -2.305439883160e+00
0.930000 -1.250191723610e+00 -2.210896691762e+00
0.940000 -1.271825038165e+00 -2.115656306437e+00
0.950000 -1.292502771840e+00 -2.019792337067e+00
0.960000 -1.312219034599e+00 -1.923373064748e+00
0.970000 -1.330968593021e+00 -1.826461551874e+00
0.980000 -1.348746818775e+00 -1.729115779793e+00
0.990000 -1.365549638607e+00 -1.631388811033e+00
1.000000 -1.381373486052e+00 -1.533328973254e+00
1.010000 -1.396215255086e+00 -1.434980062253e+00
1.020000 -1.410072255892e+00 -1.336381561547e+00
1.030000 -1.422942172896e+00 -1.237568876241e+00
1.040000 -1.434823025203e+00 -1.138573579107e+00
1.050000 -1.445713129551e+00 -1.039423667005e+00
1.060000 -1.455611065867e+00 -9.401438259577e-01
1.070000 -1.464515645514e+00 -8.407557034164e-01
1.080000 -1.472425882296e+00 -7.412781864165e-01
1.090000 -1.479340966262e+00 -6.417276845073e-01
1.100000 -1.485260240362e+00 -5.421184165027e-01
1.110000 -1.490183179988e+00 -4.424627002433e-01
1.120000 -1.494109375419e+00 -3.427712446959e-01
1.130000 -1.497038517205e+00 -2.430534438302e-01
1.140000 -1.498970384492e+00 -1.433176718126e-01
1.150000 -1.499904836298e+00 -4.357157913651e-02
1.160000 -1.499841805769e+00 5.617761062672e-02
1.170000 -1.498781297385e+00 1.559228037285e-01
1.180000 -1.496723387156e+00 2.556567390401e-01
1.190000 -1.493668225776e+00 3.553716909832e-01
1.200000 -1.489616044756e+00 4.550591728420e-01
1.210000 -1.484567165512e+00 5.547096407323e-01
1.220000 -1.478522011414e+00 6.543121985520e-01
1.230000 -1.471481122779e+00 7.538543043015e-01
1.240000 -1.463445174792e+00 8.533214782466e-01
1.250000 -1.454414998329e+00 9.526970134969e-01
1.260000 -1.444391603665e+00 1.051961689691e+00
1.270000 -1.433376207028e+00 1.151093490613e+00
1.280000 -1.421370259941e+00 1.250067326717e+00
1.290000 -1.408375481326e+00 1.348854763696e+00
1.300000 -1.394393892275e+00 1.447423758412e+00
1.310000 -1.379427853424e+00 1.545738403690e+00
1.320000 -1.363480104824e+00 1.643758683670e+00
1.330000 -1.346553808200e+00 1.741440241627e+00
1.340000 -1.328652591465e+00 1.838734162356e+00
1.350000 -1.309780595320e+00 1.935586771429e+00
1.360000 -1.289942521768e+00 2.031939453840e+00
1.370000 -1.269143684342e+00 2.127728494722e+00
1.380000 -1.247390059792e+00 2.222884945010e+00
1.390000 -1.224688340987e+00 2.317334515056e+00
1.400000 -1.201045990721e+00 2.410997499347e+00
1.410000 -1.176471296110e+00 2.503788735526e+00
1.420000 -1.150973423209e+00 2.595617601010e+00
1.430000 -1.124562471460e+00 2.686388050432e+00
1.440000 -1.097249527553e+00 2.775998697113e+00
1.450000 -1.069046718237e+00 2.864342941618e+00
1.460000 -1.039967261596e+00 2.951309150250e+00
1.470000 -1.010025516283e+00 3.036780886034e+00
1.480000 -9.792370281700e-01 3.120637194422e+00
1.490000 -9.476185738602e-01 3.202752945427e+00
1.500000 -9.151882004926e-01 3.282999233411e+00
1.510000 -8.819652612569e-01 3.361243835086e+00
1.520000 -8.479704460374e-01 3.437351725560e+00
1.530000 -8.132258066108e-01 3.511185651487e+00
1.540000 -7.777547758333e-01 3.582606759479e+00
1.550000 -7.415821802788e-01 3.651475277014e+00
1.560000 -7.047342458212e-01 3.717651242103e+00
1.570000 -6.672385956943e-01 3.780995276953e+00
1.580000 -6.291242406202e-01 3.841369399871e+00
1.590000 -5.904215606542e-01 3.898637868641e+00
1.600000 -5.511622784709e-01 3.952668047669e+00
1.610000 -5.113794238948e-01 4.003331290314e+00
1.620000 -4.711072895711e-01 4.050503827016e+00
1.630000 -4.303813777675e-01 4.094067649221e+00
1.640000 -3.892383384014e-01 4.133911378559e+00
1.650000 -3.477158984939e-01 4.169931110448e+00
1.660000 -3.058527833620e-01 4.202031221131e+00
1.670000 -2.636886299685e-01 4.230125127259e+00
1.680000 -2.212638929573e-01 4.254135987457e+00
1.690000 -1.786197440053e-01 4.273997335787e+00
1.700000 -1.357979652203e-01 4.289653637847e+00
1.710000 -9.284083739820e-02 4.301060761165e+00
1.720000 -4.979102403665e-02 4.308186352724e+00
1.730000 -6.691452061837e-03 4.311010117803e+00
1.740000 3.641480972069e-02 4.309523995791e+00
1.750000 7.948467340607e-02 4.303732230197e+00
1.760000 1.224751549360e-01 4.293651331782e+00
1.770000 1.653434961431e-01 4.279309935370e+00
1.780000 2.080472848407e-01 4.260748552598e+00
1.790000 2.505445719353e-01 4.238019224469e+00
1.800000 2.927939845850e-01 4.211185079080e+00
1.810000 3.347548344889e-01 4.180319801287e+00
1.820000 3.763872204662e-01 4.145507022310e+00
1.830000 4.176521245673e-01 4.106839638255e+00
1.840000 4.585115010561e-01 4.064419067439e+00
1.850000 4.989283577028e-01 4.018354456921e+00
1.860000 5.388668289326e-01 3.968761849078e+00
1.870000 5.782922404867e-01 3.915763319195e+00
1.880000 6.171711653592e-01 3.859486094971e+00
1.890000 6.554714708840e-01 3.800061668597e+00
1.900000 6.931623569469e-01 3.737624911592e+00
1.910000 7.302143854012e-01 3.672313201982e+00
1.920000 7.665995008534e-01 3.604265572678e+00
1.930000 8.022910430722e-01 3.533621889033e+00
1.940000 8.372637513495e-01 3.460522062643e+00
1.950000 8.714937612056e-01 3.385105307468e+00
1.960000 9.049585938892e-01 3.307509443338e+00
1.970000 9.376371391666e-01 3.227870250903e+00
1.980000 9.695096319305e-01 3.146320881093e+00
1.990000 1.000557623186e+00 3.062991321198e+00
2.000000 1.030763945985e+00 2.978007918796e+00
2.010000 1.060112676890e+00 2.891492963928e+00
2.020000 1.088589093556e+00 2.803564329160e+00
2.030000 1.116179628986e+00 2.714335166525e+00
2.040000 1.142871823049e+00 2.623913659771e+00
2.050000 1.168654271778e+00 2.532402829828e+00
2.060000 1.193516574979e+00 2.439900391044e+00
2.070000 1.217449282654e+00 2.346498655419e+00
2.080000 1.240443840680e+00 2.252284481824e+00
2.090000 1.262492536207e+00 2.157339267065e+00
2.100000 1.283588443150e+00 2.061738975534e+00
2.110000 1.303725368161e+00 1.965554204194e+00
2.120000 1.322897797418e+00 1.868850279647e+00
2.130000 1.341100844528e+00 1.771687384124e+00
2.140000 1.358330199819e+00 1.674120707336e+00
2.150000 1.374582081275e+00 1.576200621278e+00
2.160000 1.389853187316e+00 1.477972875228e+00
2.170000 1.404140651618e+00 1.379478808379e+00
2.180000 1.417442000146e+00 1.280755577735e+00
2.190000 1.429755110521e+00 1.181836399102e+00
2.200000 1.441078173863e+00 1.082750799206e+00
2.210000 1.451409659201e+00 9.835248771829e-01
2.220000 1.460748280534e+00 8.841815738694e-01
2.230000 1.469092966628e+00 7.847409475375e-01
2.240000 1.476442833584e+00 6.852204548634e-01
2.250000 1.482797160252e+00 5.856352361168e-01
2.260000 1.488155366502e+00 4.859984036987e-01
2.270000 1.492516994399e+00 3.863213332950e-01
2.280000 1.495881692307e+00 2.866139570387e-01
2.290000 1.498249201916e+00 1.868850581798e-01
2.300000 1.499619348240e+00 8.714256684858e-02
2.310000 1.499992032560e+00 -1.260614342898e-02
2.320000 1.499367228349e+00 -1.123539587526e-01
2.330000 1.497744980159e+00 -2.120937276608e-01
2.340000 1.495125405483e+00 -3.118179639740e-01
2.350000 1.491508699586e+00 -4.115185499079e-01
2.360000 1.486895143303e+00 -5.111864397190e-01
2.370000 1.481285113799e+00 -6.108113641831e-01
2.380000 1.474679098276e+00 -7.103815362640e-01
2.390000 1.467077710616e+00 -8.098833584079e-01
2.400000 1.458481710939e+00 -9.093011319886e-01
2.410000 1.448892028059e+00 -1.008616769543e+00
2.420000 1.438309784795e+00 -1.107809510559e+00
2.430000 1.426736326102e+00 -1.206855641725e+00
2.440000 1.414173249979e+00 -1.305728222712e+00
2.450000 1.400622441080e+00 -1.404396818709e+00
2.460000 1.386086106966e+00 -1.502827241149e+00
2.470000 1.370566816893e+00 -1.600981298231e+00
2.480000 1.354067543050e+00 -1.698816557044e+00
2.490000 1.336591704101e+00 -1.796286119319e+00
2.500000 1.318143210896e+00 -1.893338413017e+00
2.510000 1.298726514173e+00 -1.989917002188e+00
2.520000 1.278346654064e+00 -2.085960417701e+00
2.530000 1.257009311178e+00 -2.181402011651e+00
2.540000 1.234720859001e+00 -2.276169838380e+00
2.550000 1.211488417353e+00 -2.370186565220e+00
2.560000 1.187319906564e+00 -2.463369416130e+00
2.570000 1.162224102039e+00 -2.555630151488e+00
2.580000 1.136210688839e+00 -2.646875087302e+00
2.590000 1.109290315844e+00 -2.737005157067e+00
2.600000 1.081474649085e+00 -2.825916019386e+00
2.610000 1.052776423750e+00 -2.913498214317e+00
2.620000 1.023209494376e+00 -2.999637371139e+00
2.630000 9.927888826960e-01 -3.084214469902e+00
2.640000 9.615308225869e-01 -3.167106158738e+00
2.650000 9.294528015701e-01 -3.248185128355e+00
2.660000 8.965735982681e-01 -3.327320544581e+00
2.670000 8.629133152490e-01 -3.404378539129e+00
2.680000 8.284934066732e-01 -3.479222757971e+00
2.690000 7.933367001736e-01 -3.551714965899e+00
2.700000 7.574674124195e-01 -3.621715704901e+00
2.710000 7.209111578406e-01 -3.689085003057e+00
2.720000 6.836949500266e-01 -3.753683129633e+00
2.730000 6.458471953677e-01 -3.815371391051e+00
2.740000 6.073976785555e-01 -3.874012961418e+00
2.750000 5.683775396374e-01 -3.929473740290e+00
2.760000 5.288192423898e-01 -3.981623229484e+00
2.770000 4.887565338663e-01 -4.030335419866e+00
2.780000 4.482243950674e-01 -4.075489678383e+00
2.790000 4.072589827828e-01 -4.116971625003e+00
2.800000 3.658975627582e-01 -4.154673988838e+00
2.810000 3.241784344514e-01 -4.188497432498e+00
2.820000 2.821408477488e-01 -4.218351333736e+00
2.830000 2.398249121241e-01 -4.244154513622e+00
2.840000 1.972714988260e-01 -4.265835900948e+00
2.850000 1.545221367809e-01 -4.283335123212e+00
2.860000 1.116189029905e-01 -4.296603015395e+00
2.870000 6.860430828430e-02 -4.305602038855e+00
2.880000 2.552117936059e-02 -4.310306603901e+00
2.890000 -1.758746189530e-02 -4.310703291037e+00
2.900000 -6.067852078367e-02 -4.306790967432e+00
2.910000 -1.037089527954e-01 -4.298580796760e+00
2.920000 -1.466358861810e-01 -4.286096142273e+00
2.930000 -1.894167430219e-01 -4.269372364630e+00
2.940000 -2.320093577669e-01 -4.248456517635e+00
2.950000 -2.743720922337e-01 -4.223406946637e+00
2.960000 -3.164639461343e-01 -4.194292795745e+00
2.970000 -3.582446622458e-01 -4.161193431353e+00
2.980000 -3.996748254342e-01 -4.124197790545e+00
2.990000 -4.407159548262e-01 -4.083403663896e+00
3.000000 -4.813305885222e-01 -4.038916922878e+00
3.010000 -5.214823603520e-01 -3.990850702541e+00
3.020000 -5.611360682785e-01 -3.939324550418e+00
3.030000 -6.002577341671e-01 -3.884463552597e+00
3.040000 -6.388146547476e-01 -3.826397447762e+00
3.050000 -6.767754436990e-01 -3.765259739604e+00
3.060000 -7.141100648919e-01 -3.701186817473e+00
3.070000 -7.507898569182e-01 -3.634317094465e+00
3.080000 -7.867875491221e-01 -3.564790171304e+00
3.090000 -8.220772694326e-01 -3.492746033509e+00
3.100000 -8.566345443600e-01 -3.418324288341e+00
3.110000 -8.904362915854e-01 -3.341663447056e+00
3.120000 -9.234608056170e-01 -3.262900256951e+00
3.130000 -9.556877370323e-01 -3.182169086693e+00
3.140000 -9.870980658502e-01 -3.099601367467e+00
3.150000 -1.017674069600e+00 -3.015325091545e+00
3.160000 -1.047399286668e+00 -2.929464369012e+00
3.170000 -1.076258475503e+00 -2.842139042631e+00
3.180000 -1.104237570253e+00 -2.753464360107e+00
3.190000 -1.131323633416e+00 -2.663550702399e+00
3.200000 -1.157504806035e+00 -2.572503366227e+00
3.210000 -1.182770255989e+00 -2.480422398452e+00
3.220000 -1.207110124873e+00 -2.387402479704e+00
3.230000 -1.230515473944e+00 -2.293532854331e+00
3.240000 -1.252978229596e+00 -2.198897303579e+00
3.250000 -1.274491128755e+00 -2.103574158791e+00
3.260000 -1.295047664609e+00 -2.007636351358e+00
3.270000 -1.314642032992e+00 -1.911151496170e+00
3.280000 -1.333269079766e+00 -1.814182005350e+00
3.290000 -1.350924249480e+00 -1.716785229182e+00
3.300000 -1.367603535553e+00 -1.619013621237e+00
3.310000 -1.383303432227e+00 -1.520914924873e+00
3.320000 -1.398020888471e+00 -1.422532378470e+00
3.330000 -1.411753264035e+00 -1.323904936940e+00
3.340000 -1.424498287773e+00 -1.225067507251e+00
3.350000 -1.436254018396e+00 -1.126051195907e+00
3.360000 -1.447018807750e+00 -1.026883566555e+00
3.370000 -1.456791266705e+00 -9.275889060453e-01
3.380000 -1.465570233754e+00 -8.281884975098e-01
3.390000 -1.473354746360e+00 -7.287008991772e-01
3.400000 -1.480144015126e+00 -6.291422278369e-01
3.410000 -1.485937400807e+00 -5.295264460111e-01
3.420000 -1.490734394223e+00 -4.298656520475e-01
3.430000 -1.494534599073e+00 -3.301703724720e-01
3.440000 -1.497337717686e+00 -2.304498560551e-01
3.450000 -1.499143539721e+00 -1.307123691440e-01
3.460000 -1.499951933822e+00 -3.096549188721e-02
3.470000 -1.499762842239e+00 6.878358495576e-02
3.480000 -1.498576278424e+00 1.685277628891e-01
3.490000 -1.496392327586e+00 2.682597384815e-01
3.500000 -1.493211150236e+00 3.679717063307e-01
3.510000 -1.489032988680e+00 4.676550624428e-01
3.520000 -1.483858176495e+00 5.673001083061e-01
3.530000 -1.477687150942e+00 6.668957559919e-01
3.540000 -1.470520468332e+00 7.664292346795e-01
3.550000 -1.462358822315e+00 8.658857990907e-01
3.560000 -1.453203065074e+00 9.652484404198e-01
3.570000 -1.443054231386e+00 1.064497600467e+00
3.580000 -1.431913565537e+00 1.163610889820e+00
3.590000 -1.419782551017e+00 1.262562811073e+00
3.600000 -1.406662942961e+00 1.361324488249e+00
3.610000 -1.392556803255e+00 1.459863403770e+00
3.620000 -1.377466538232e+00 1.558143144476e+00
3.630000 -1.361394938855e+00 1.656123158455e+00
3.640000 -1.344345223262e+00 1.753758524578e+00
3.650000 -1.326321081556e+00 1.850999736880e+00
3.660000 -1.307326722660e+00 1.947792506136e+00
3.670000 -1.287366923055e+00 2.044077581131e+00
3.680000 -1.266447077208e+00 2.139790592378e+00
3.690000 -1.244573249431e+00 2.234861921138e+00
3.700000 -1.221752226906e+00 2.329216596793e+00
3.710000 -1.197991573595e+00 2.422774225718e+00
3.720000 -1.173299684676e+00 2.515448954876e+00
3.730000 -1.147685841165e+00 2.607149473415e+00
3.740000 -1.121160264315e+00 2.697779055496e+00
3.750000 -1.093734169369e+00 2.787235647559e+00
3.760000 -1.065419818203e+00 2.875412003030e+00
3.770000 -1.036230570375e+00 2.962195867317e+00
3.780000 -1.006180932059e+00 3.047470215598e+00
3.790000 -9.752866023356e-01 3.131113545566e+00
3.800000 -9.435645162609e-01 3.213000226802e+00
3.810000 -9.110328841652e-01 3.293000907900e+00
3.820000 -8.777112265827e-01 3.370982981825e+00
3.830000 -8.436204042393e-01 3.446811109253e+00
3.840000 -8.087826425213e-01 3.520347798817e+00
3.850000 -7.732215498641e-01 3.591454042332e+00
3.860000 -7.369621295261e-01 3.659990002088e+00
3.870000 -7.000307842443e-01 3.725815746367e+00
3.880000 -6.624553133144e-01 3.788792028270e+00
3.890000 -6.242649016893e-01 3.848781101995e+00
3.900000 -5.854901007567e-01 3.905647569665e+00
3.910000 -5.461628005273e-01 3.959259250882e+00
3.920000 -5.063161930497e-01 4.009488066321e+00
3.930000 -4.659847269589e-01 4.056210925892e+00
3.940000 -4.252040531616e-01 4.099310611394e+00
3.950000 -3.840109617663e-01 4.138676643064e+00
3.960000 -3.424433104746e-01 4.174206119161e+00
3.970000 -3.005399447561e-01 4.205804517607e+00
3.980000 -2.583406102427e-01 4.233386448816e+00
3.990000 -2.158858578824e-01 4.256876349185e+00
4.000000 -1.732169424970e-01 4.276209105287e+00
4.010000 -1.303757154827e-01 4.291330599567e+00
4.020000 -8.740451248131e-02 4.302198169372e+00
4.030000 -4.434603692333e-02 4.308780972297e+00
4.040000 -1.243240411068e-03 4.311060252212e+00
4.050000 4.186079904455e-02 4.309029501822e+00
4.060000 8.492299988395e-02 4.302694519202e+00
4.070000 1.279003998896e-01 4.292073357418e+00
4.080000 1.707502780413e-01 4.277196168033e+00
4.090000 2.134302742849e-01 4.258104940948e+00
4.100000 2.558985061980e-01 4.234853144641e+00
4.110000 2.981136815823e-01 4.207505272371e+00
4.120000 3.400352060762e-01 4.176136301257e+00
4.130000 3.816232849560e-01 4.140831072383e+00
4.140000 4.228390183809e-01 4.101683601032e+00
4.150000 4.636444894323e-01 4.058796327001e+00
4.160000 5.040028443996e-01 4.012279315479e+00
4.170000 5.438783648741e-01 3.962249419360e+00
4.180000 5.832365313169e-01 3.908829413941e+00
4.190000 6.220440778834e-01 3.852147114917e+00
4.200000 6.602690383868e-01 3.792334490251e+00
4.210000 6.978807833928e-01 3.729526776052e+00
4.220000 7.348500485334e-01 3.663861605971e+00
4.230000 7.711489542183e-01 3.595478162835e+00
4.240000 8.067510170074e-01 3.524516360420e+00
4.250000 8.416311529810e-01 3.451116062284e+00
4.260000 8.757656735089e-01 3.375416343615e+00
4.270000 9.091322738738e-01 3.297554801042e+00
4.280000 9.417100152499e-01 3.217666914317e+00
4.290000 9.734793005698e-01 3.135885462839e+00
4.300000 1.004421844840e+00 3.052339998992e+00
4.310000 1.034520640478e+00 2.967156379431e+00
4.320000 1.063759918255e+00 2.880456354601e+00
4.330000 1.092125104423e+00 2.792357216061e+00
4.340000 1.119602774597e+00 2.702971500517e+00
4.350000 1.146180604961e+00 2.612406748908e+00
4.360000 1.171847321323e+00 2.520765318442e+00
4.370000 1.196592646551e+00 2.428144245053e+00
4.380000 1.220407246875e+00 2.334635153490e+00
4.390000 1.243282677508e+00 2.240324212000e+00
4.400000 1.265211328030e+00 2.145292128450e+00
4.410000 1.286186367926e+00 2.049614184623e+00
4.420000 1.306201692645e+00 1.953360305435e+00
4.430000 1.325251870507e+00 1.856595159832e+00
4.440000 1.343332090770e+00 1.759378290214e+00
4.450000 1.360438113120e+00 1.661764267344e+00
4.460000 1.376566218823e+00 1.563802867854e+00
4.470000 1.391713163755e+00 1.465539271604e+00
4.480000 1.405876133495e+00 1.367014276379e+00
4.490000 1.419052700642e+00 1.268264527552e+00
4.500000 1.431240784489e+00 1.169322760579e+00
4.510000 1.442438613191e+00 1.070218054404e+00
4.520000 1.452644688495e+00 9.709760940104e-01
4.530000 1.461857753154e+00 8.716194406017e-01
4.540000 1.470076761065e+00 7.721678080580e-01
4.550000 1.477300850194e+00 6.726383444917e-01
4.560000 1.483529318353e+00 5.730459179057e-01
4.570000 1.488761601834e+00 4.734034050986e-01
4.580000 1.492997256953e+00 3.737219831034e-01
4.590000 1.496235944521e+00 2.740114225669e-01
4.600000 1.498477417252e+00 1.742803825775e-01
4.610000 1.499721510125e+00 7.453670654236e-02
4.620000 1.499968133708e+00 -2.521228122432e-02
4.630000 1.499217270458e+00 -1.249594784825e-01
4.640000 1.497468973980e+00 -2.246977078705e-01
4.650000 1.494723371266e+00 -3.244194197681e-01
4.660000 1.490980667904e+00 -4.241163954628e-01
4.670000 1.486241156250e+00 -5.237794508827e-01
4.680000 1.480505226555e+00 -6.233981412039e-01
4.690000 1.473773381052e+00 -7.229604666996e-01
4.700000 1.466046250964e+00 -8.224525802748e-01
4.710000 1.457324616433e+00 -9.218584972263e-01
4.720000 1.447609429333e+00 -1.021159807882e+00
4.730000 1.436901838944e+00 -1.120335393900e+00
4.740000 1.425203220440e+00 -1.219361149156e+00
4.750000 1.412515206135e+00 -1.318209706303e+00
4.760000 1.398839719437e+00 -1.416850170262e+00
4.770000 1.384179011422e+00 -1.515247860098e+00
4.780000 1.368535699945e+00 -1.613364060894e+00
4.790000 1.351912811169e+00 -1.711155787489e+00
4.800000 1.334313823393e+00 -1.808575562101e+00
4.810000 1.315742713023e+00 -1.905571208091e+00
4.820000 1.296204002518e+00 -2.002085662305e+00
4.830000 1.275702810102e+00 -2.098056808644e+00
4.840000 1.254244901029e+00 -2.193417335664e+00
4.850000 1.231836740139e+00 -2.288094621184e+00
4.860000 1.208485545415e+00 -2.382010647007e+00
4.870000 1.184199342233e+00 -2.475081946944e+00
4.880000 1.158987017952e+00 -2.567219591411e+00
4.890000 1.132858376461e+00 -2.658329211851e+00
4.900000 1.105824192263e+00 -2.748311068203e+00
4.910000 1.077896263670e+00 -2.837060162529e+00
4.920000 1.049087464604e+00 -2.924466401707e+00
4.930000 1.019411794524e+00 -3.010414811879e+00
4.940000 9.888844259336e-01 -3.094785806946e+00
4.950000 9.575217489326e-01 -3.177455513036e+00
4.960000 9.253414122307e-01 -3.258296150304e+00
4.970000 8.923623600574e-01 -3.337176472838e+00
4.980000 8.586048643803e-01 -3.413962266752e+00
4.990000 8.240905518544e-01 -3.488516905763e+00
5.000000 7.888424249343e-01 -3.560701962701e+00
5.010000 7.528848766013e-01 -3.630377874468e+00
5.020000 7.162436981877e-01 -3.697404657041e+00
5.030000 6.789460798194e-01 -3.761642666035e+00
5.040000 6.410206030462e-01 -3.822953397422e+00
5.050000 6.024972252921e-01 -3.881200321915e+00
5.060000 5.634072558223e-01 -3.936249745618e+00
5.070000 5.237833230087e-01 -3.987971688610e+00
5.080000 4.836593327556e-01 -4.036240772314e+00
5.090000 4.430704180499e-01 -4.080937105840e+00
5.100000 4.020528796959e-01 -4.121947160888e+00
5.110000 3.606441184022e-01 -4.159164624462e+00
5.120000 3.188825584993e-01 -4.192491218433e+00
5.130000 2.768075636719e-01 -4.221837475008e+00
5.140000 2.344593452024e-01 -4.247123457407e+00
5.150000 1.918788633240e-01 -4.268279415503e+00
5.160000 1.491077223833e-01 -4.285246366882e+00
5.170000 1.061880606012e-01 -4.297976594660e+00
5.180000 6.316243530423e-02 -4.306434054533e+00
5.190000 2.007370456520e-02 -4.310594684786e+00
5.200000 -2.303509374962e-02 -4.310446614461e+00
5.210000 -6.612086449195e-02 -4.305990266410e+00
5.220000 -1.091405782403e-01 -4.297238353621e+00
5.230000 -1.520513937381e-01 -4.284215768871e+00
5.240000 -1.948107787012e-01 -4.266959369442e+00
5.250000 -2.373766279617e-01 -4.245517660267e+00
5.260000 -2.797073779548e-01 -4.219950380438e+00
5.270000 -3.217621166138e-01 -4.190327999406e+00
5.280000 -3.635006878066e-01 -4.156731130516e+00
5.290000 -4.048837895305e-01 -4.119249870581e+00
5.300000 -4.458730651722e-01 -4.077983075107e+00
5.310000 -4.864311872409e-01 -4.033037579447e+00
5.320000 -5.265219330881e-01 -3.984527376613e+00
5.330000 -5.661102522329e-01 -3.932572762686e+00
5.340000 -6.051623250263e-01 -3.877299460782e+00
5.350000 -6.436456124926e-01 -3.818837734319e+00
5.360000 -6.815288972924e-01 -3.757321499939e+00
5.370000 -7.187823158559e-01 -3.692887449873e+00
5.380000 -7.553773818234e-01 -3.625674192843e+00
5.390000 -7.912870010239e-01 -3.555821421756e+00
5.400000 -8.264854782945e-01 -3.483469115560e+00
5.410000 -8.609485165166e-01 -3.408756781633e+00
5.420000 -8.946532083020e-01 -3.331822744107e+00
5.430000 -9.275780208096e-01 -3.252803482464e+00
5.440000 -9.597027742146e-01 -3.171833023811e+00
5.450000 -9.910086143789e-01 -3.089042391210e+00
5.460000 -1.021477980292e+00 -3.004559109569e+00
5.470000 -1.051094566860e+00 -2.918506769737e+00
5.480000 -1.079843283632e+00 -2.831004650680e+00
5.490000 -1.107710210024e+00 -2.742167398905e+00
5.500000 -1.134682547631e+00 -2.652104763743e+00
5.510000 -1.160748570157e+00 -2.560921386540e+00
5.520000 -1.185897571492e+00 -2.468716641418e+00
5.530000 -1.210119812454e+00 -2.375584524920e+00
5.540000 -1.233406466652e+00 -2.281613591596e+00
5.550000 -1.255749565921e+00 -2.186886932423e+00
5.560000 -1.277141945751e+00 -2.091482192824e+00
5.570000 -1.297577191069e+00 -1.995471627036e+00
5.580000 -1.317049582740e+00 -1.898922185558e+00
5.590000 -1.335554045092e+00 -1.801895632501e+00
5.600000 -1.353086094754e+00 -1.704448689726e+00
5.610000 -1.369641791052e+00 -1.606633204825e+00
5.620000 -1.385217688197e+00 -1.508496340136e+00
5.630000 -1.399810789454e+00 -1.410080780165e+00
5.640000 -1.413418503469e+00 -1.311424954981e+00
5.650000 -1.426038602898e+00 -1.212563277369e+00
5.660000 -1.437669185473e+00 -1.113526391682e+00
5.670000 -1.448308637601e+00 -1.014341432606e+00
5.680000 -1.457955600598e+00 -9.150322921807e-01
5.690000 -1.466608939623e+00 -8.156198936724e-01
5.700000 -1.474267715390e+00 -7.161224710320e-01
5.710000 -1.480931158685e+00 -6.165558528760e-01
5.720000 -1.486598647752e+00 -5.169337500693e-01
5.730000 -1.491269688562e+00 -4.172680461364e-01
5.740000 -1.494943898005e+00 -3.175690898593e-01
5.750000 -1.497620990010e+00 -2.178459895267e-01
5.760000 -1.499300764616e+00 -1.181069083978e-01
5.770000 -1.499983100006e+00 -1.835936101739e-02
5.780000 -1.499667947499e+00 8.138948992135e-02
5.790000 -1.498355329522e+00 1.811325364283e-01
5.800000 -1.496045340545e+00 2.808624280251e-01
5.810000 -1.492738150995e+00 3.805712747478e-01
5.820000 -1.488434014129e+00 4.802503505973e-01
5.830000 -1.483133275881e+00 5.798897977240e-01
5.840000 -1.476836387647e+00 6.794783316844e-01
5.850000 -1.469543922027e+00 7.790029481793e-01
5.860000 -1.461256591475e+00 8.784486317685e-01
5.870000 -1.451975269861e+00 9.777980671641e-01
5.880000 -1.441701016897e+00 1.077031353826e+00
5.890000 -1.430435105403e+00 1.176125724721e+00
5.900000 -1.418179051350e+00 1.275055270260e+00
5.910000 -1.404934646648e+00 1.373790668597e+00
5.920000 -1.390703994582e+00 1.472298923649e+00
5.930000 -1.375489547823e+00 1.570543112389e+00
5.940000 -1.359294148924e+00 1.668482143168e+00
5.950000 -1.342121073152e+00 1.766070527002e+00
5.960000 -1.323974073551e+00 1.863258163999e+00
5.970000 -1.304857428041e+00 1.959990147273e+00
5.980000 -1.284775988389e+00 2.056206586904e+00
5.990000 -1.263735230826e+00 2.151842456688e+00
6.000000 -1.241741308069e+00 2.246827466566e+00
6.010000 -1.218801102481e+00 2.341085963811e+00
6.020000 -1.194922280055e+00 2.434536866099e+00
6.030000 -1.170113344907e+00 2.527093629736e+00
6.040000 -1.144383693885e+00 2.618664256275e+00
6.050000 -1.117743670911e+00 2.709151340801e+00
6.060000 -1.090204620621e+00 2.798452165015e+00
6.070000 -1.061778940836e+00 2.886458838159e+00
6.080000 -1.032480133369e+00 2.973058488539e+00
6.090000 -1.002322852658e+00 3.058133508156e+00
6.100000 -9.713229516769e-01 3.141561852527e+00
6.110000 -9.394975245661e-01 3.223217397300e+00
6.120000 -9.068649454048e-01 3.302970352732e+00
6.130000 -8.734449025519e-01 3.380687736405e+00
6.140000 -8.392584279664e-01 3.456233903827e+00
6.150000 -8.043279209388e-01 3.529471135763e+00
6.160000 -7.686771656725e-01 3.600260280212e+00
6.170000 -7.323313421851e-01 3.668461446031e+00
6.180000 -6.953170300313e-01 3.733934744217e+00
6.190000 -6.576622043948e-01 3.796541071811e+00
6.200000 -6.193962241530e-01 3.856142932441e+00
6.210000 -5.805498115820e-01 3.912605286467e+00
6.220000 -5.411550234445e-01 3.965796422811e+00
6.230000 -5.012452132875e-01 4.015588843663e+00
6.240000 -4.608549848682e-01 4.061860152516e+00
6.250000 -4.200201367246e-01 4.104493935378e+00
6.260000 -3.787775980127e-01 4.143380624513e+00
6.270000 -3.371653558391e-01 4.178418333841e+00
6.280000 -2.952223744258e-01 4.209513655004e+00
6.290000 -2.529885065585e-01 4.236582403265e+00
6.300000 -2.105043978683e-01 4.259550302779e+00
6.310000 -1.678113846069e-01 4.278353601355e+00
6.320000 -1.249513856641e-01 4.292939605628e+00
6.330000 -8.196678966598e-02 4.303267128605e+00
6.340000 -3.890033806431e-02 4.309306842750e+00
6.350000 4.204994808593e-03 4.311041533124e+00
6.360000 4.730612370007e-02 4.308466246656e+00
6.370000 9.035997535996e-02 4.301588335179e+00
6.380000 1.333236113592e-01 4.290427391563e+00
6.390000 1.761543497388e-01 4.275015079951e+00
6.400000 2.188098844419e-01 4.255394862755e+00
6.410000 2.612484015166e-01 4.231621628675e+00
6.420000 3.034286911284e-01 4.203761227479e+00
6.430000 3.453102544815e-01 4.171889918641e+00
6.440000 3.868534048317e-01 4.136093742079e+00
6.450000 4.280193618539e-01 4.096467820264e+00
6.460000 4.687703387296e-01 4.053115601697e+00
6.470000 5.090696214200e-01 4.006148056307e+00
6.480000 5.488816396976e-01 3.955682833668e+00
6.490000 5.881720296197e-01 3.901843394993e+00
6.500000 6.269076872369e-01 3.844758129771e+00
6.510000 6.650568134342e-01 3.784559467604e+00
6.520000 7.025889499095e-01 3.721382995280e+00
6.530000 7.394750063879e-01 3.655366588509e+00
6.540000 7.756872792637e-01 3.586649566961e+00
6.550000 8.111994619413e-01 3.515371880350e+00
6.560000 8.459866472215e-01 3.441673332397e+00
6.570000 8.800253221413e-01 3.365692848494e+00
6.580000 9.132933557290e-01 3.287567791867e+00
6.590000 9.457699801808e-01 3.207433332051e+00
6.600000 9.774357659940e-01 3.125421868498e+00
6.610000 1.008272591622e+00 3.041662511202e+00
6.620000 1.038263608225e+00 2.956280619335e+00
6.630000 1.067393200096e+00 2.869397398119e+00
6.640000 1.095646941347e+00 2.781129553381e+00
6.650000 1.123011549426e+00 2.691589002648e+00
6.660000 1.149474836016e+00 2.600882641058e+00
6.670000 1.175025655862e+00 2.509112159900e+00
6.680000 1.199653854036e+00 2.416373915263e+00
6.690000 1.223350212125e+00 2.322758843924e+00
6.700000 1.246106393805e+00 2.228352423448e+00
6.710000 1.267914890216e+00 2.133234673314e+00
6.720000 1.288768965555e+00 2.037480193806e+00
6.730000 1.308662603215e+00 1.941158239409e+00
6.740000 1.327590452830e+00 1.844332823483e+00
6.750000 1.345547778503e+00 1.747062851074e+00
6.760000 1.362530408495e+00 1.649402276835e+00
6.770000 1.378534686606e+00 1.551400285188e+00
6.780000 1.393557425451e+00 1.453101490012e+00
6.790000 1.407595861827e+00 1.354546151353e+00
6.800000 1.420647614325e+00 1.255770406823e+00
6.810000 1.432710643308e+00 1.156806515583e+00
6.820000 1.443783213396e+00 1.057683112988e+00
6.830000 1.453863858540e+00 9.584254741849e-01
6.840000 1.462951349767e+00 8.590557851618e-01
6.850000 1.471044665672e+00 7.595934199043e-01
6.860000 1.478142965702e+00 6.600552225245e-01
6.870000 1.484245566287e+00 5.604557933731e-01
6.880000 1.489351919847e+00 4.608077783018e-01
6.890000 1.493461596700e+00 3.611221603773e-01
6.900000 1.496574269907e+00 2.614085534687e-01
6.910000 1.498689703046e+00 1.616754972294e-01
6.920000 1.499807740958e+00 6.193075308033e-02
6.930000 1.499928303440e+00 -3.781839913189e-02
6.940000 1.499051381917e+00 -1.375648640806e-01
6.950000 1.497177039086e+00 -2.373014337576e-01
6.960000 1.494305411521e+00 -3.370204903612e-01
6.970000 1.490436715264e+00 -4.367137095181e-01
6.980000 1.485571254366e+00 -5.363717641096e-01
6.990000 1.479709432394e+00 -6.359840290135e-01
7.000000 1.472851766881e+00 -7.355382871406e-01
7.010000 1.464998906710e+00 -8.350204372177e-01
7.020000 1.456151652407e+00 -9.344142038741e-01
7.030000 1.446310979319e+00 -1.033700850696e+00
7.040000 1.435478063643e+00 -1.132858897053e+00
7.050000 1.423654311269e+00 -1.231863839637e+00
7.060000 1.410841389367e+00 -1.330687879825e+00
7.070000 1.397041260686e+00 -1.429299658149e+00
7.080000 1.382256220443e+00 -1.527663997334e+00
7.090000 1.366488935752e+00 -1.625741655573e+00
7.100000 1.349742487452e+00 -1.723489091901e+00
7.110000 1.332020414210e+00 -1.820858245727e+00
7.120000 1.313326758758e+00 -1.917796332806e+00
7.130000 1.293666116065e+00 -2.014245660122e+00
7.140000 1.273043683269e+00 -2.110143462327e+00
7.150000 1.251465311110e+00 -2.205421762591e+00
7.160000 1.228937556635e+00 -2.300007260845e+00
7.170000 1.205467736859e+00 -2.393821252526e+00
7.180000 1.181063983077e+00 -2.486779581048e+00
7.190000 1.155735295473e+00 -2.578792627249e+00
7.200000 1.129491597626e+00 -2.669765339079e+00
7.210000 1.102343790516e+00 -2.759597304736e+00
7.220000 1.074303805563e+00 -2.848182872329e+00
7.230000 1.045384656220e+00 -2.935411318984e+00
7.240000 1.015600487627e+00 -3.021167071987e+00
7.250000 9.849666237738e-01 -3.105329984270e+00
7.260000 9.534996116366e-01 -3.187775666057e+00
7.270000 9.212172617044e-01 -3.268375873973e+00
7.280000 8.881386843290e-01 -3.346998958321e+00
7.290000 8.542843213089e-01 -3.423510368494e+00
7.300000 8.196759721318e-01 -3.497773215723e+00
7.310000 7.843368143099e-01 -3.569648891497e+00
7.320000 7.482914172621e-01 -3.638997739064e+00
7.330000 7.115657492314e-01 -3.705679774445e+00
7.340000 6.741871767624e-01 -3.769555452408e+00
7.350000 6.361844563170e-01 -3.830486471806e+00
7.360000 5.975877176678e-01 -3.888336613719e+00
7.370000 5.584284387758e-01 -3.942972604840e+00
7.380000 5.187394119439e-01 -3.994264997696e+00
7.390000 4.785547011219e-01 -4.042089058441e+00
7.400000 4.379095903363e-01 -4.086325652334e+00
7.410000 3.968405233209e-01 -4.126862116440e+00
7.420000 3.553850345287e-01 -4.163593108761e+00
7.430000 3.135816718162e-01 -4.196421422828e+00
7.440000 2.714699112005e-01 -4.225258756827e+00
7.450000 2.290900641959e-01 -4.250026426613e+00
7.460000 1.864831783452e-01 -4.270656012433e+00
7.470000 1.436909316530e-01 -4.287089929922e+00
7.480000 1.007555217256e-01 -4.299281916843e+00
7.490000 5.771955049455e-02 -4.307197428185e+00
7.500000 1.462590547423e-02 -4.310813933544e+00
7.510000 -2.848236144625e-02 -4.310121112145e+00
7.520000 -7.156215663604e-02 -4.305120942467e+00
7.530000 -1.145704677182e-01 -4.295827685049e+00
7.540000 -1.574644858600e-01 -4.282267758749e+00
7.550000 -2.002017262999e-01 -4.264479512406e+00
7.560000 -2.427401460831e-01 -4.242512895474e+00
7.570000 -2.850382580186e-01 -4.216429032731e+00
7.580000 -3.270552399302e-01 -4.186299709591e+00
7.590000 -3.687510383461e-01 -4.152206775792e+00
7.600000 -4.100864658528e-01 -4.114241476287e+00
7.610000 -4.510232914353e-01 -4.072503719059e+00
7.620000 -4.915243232218e-01 -4.027101290200e+00
7.630000 -5.315534831607e-01 -3.978149027020e+00
7.640000 -5.710758732651e-01 -3.925767960141e+00
7.650000 -6.100578331677e-01 -3.870084435531e+00
7.660000 -6.484669888411e-01 -3.811229227164e+00
7.670000 -6.862722924414e-01 -3.749336650604e+00
7.680000 -7.234440533319e-01 -3.684543687231e+00
7.690000 -7.599539604409e-01 -3.616989128090e+00
7.700000 -7.957750961902e-01 -3.546812745514e+00
7.710000 -8.308819423093e-01 -3.474154499773e+00
7.720000 -8.652503779175e-01 -3.399153786995e+00
7.730000 -8.988576703143e-01 -3.321948733612e+00
7.740000 -9.316824589647e-01 -3.242675541586e+00
7.750000 -9.637047332045e-01 -3.161467887651e+00
7.760000 -9.949058042181e-01 -3.078456378850e+00
7.770000 -1.025268271859e+00 -2.993768065768e+00
7.780000 -1.054775986896e+00 -2.907526013986e+00
7.790000 -1.083414009260e+00 -2.819848933548e+00
7.800000 -1.111168562873e+00 -2.730850865543e+00
7.810000 -1.138026987630e+00 -2.640640924306e+00
7.820000 -1.163977689062e+00 -2.549323093272e+00
7.830000 -1.189010086221e+00 -2.456996072063e+00
7.840000 -1.213114558283e+00 -2.363753172110e+00
7.850000 -1.236282390334e+00 -2.269682257826e+00
7.860000 -1.258505718783e+00 -2.174865730208e+00
7.870000 -1.279777476813e+00 -2.079380549632e+00
7.880000 -1.300091340238e+00 -1.983298294580e+00
7.890000 -1.319441674115e+00 -1.886685253042e+00
7.900000 -1.337823480420e+00 -1.789602543419e+00
7.910000 -1.355232347070e+00 -1.692106261834e+00
7.920000 -1.371664398535e+00 -1.594247652926e+00
7.930000 -1.387116248262e+00 -1.496073301327e+00
7.940000 -1.401584953113e+00 -1.397625341237e+00
7.950000 -1.415067969970e+00 -1.298941681676e+00
7.960000 -1.427563114671e+00 -1.200056245219e+00
7.970000 -1.439068523385e+00 -1.100999218205e+00
7.980000 -1.449582616543e+00 -1.001797310624e+00
7.990000 -1.459104065407e+00 -9.024740240818e-01
8.000000 -1.467631761355e+00 -8.030499264428e-01
8.010000 -1.475164787940e+00 -7.035429319168e-01
8.020000 -1.481702395775e+00 -6.039685855416e-01
8.030000 -1.487243980272e+00 -5.043403511633e-01
8.040000 -1.491789062290e+00 -4.046699021572e-01
8.050000 -1.495337271686e+00 -3.049674142614e-01
8.060000 -1.497888333813e+00 -2.052418600022e-01
8.070000 -1.499442058966e+00 -1.055013042839e-01
8.080000 -1.499998334783e+00 -5.753200788667e-03
8.090000 -1.499557121623e+00 9.399531110999e-02
8.100000 -1.498118450901e+00 1.937371091809e-01
8.110000 -1.495682426412e+00 2.934647911548e-01
8.120000 -1.492249228608e+00 3.931703777692e-01
8.130000 -1.487819121855e+00 4.928450162949e-01
8.140000 -1.482392464646e+00 5.924786848361e-01
8.150000 -1.475969722767e+00 6.920598977500e-01
8.160000 -1.468551485401e+00 7.915754126057e-01
8.170000 -1.460138484152e+00 8.910099391886e-01
8.180000 -1.450731614970e+00 9.903458511691e-01
8.190000 -1.440331962934e+00 1.089562901173e+00
8.200000 -1.428940829878e+00 1.188637940137e+00
8.210000 -1.416559764780e+00 1.287544641978e+00
8.220000 -1.403190596890e+00 1.386253234792e+00
8.230000 -1.388835471498e+00 1.484730239955e+00
8.240000 -1.373496888263e+00 1.582938220711e+00
8.250000 -1.357177742009e+00 1.680835542015e+00
8.260000 -1.339881365854e+00 1.778376143617e+00
8.270000 -1.321611576533e+00 1.875509328559e+00
8.280000 -1.302372721749e+00 1.972179569481e+00
8.290000 -1.282169729363e+00 2.068326335306e+00
8.300000 -1.261008158199e+00 2.163883941067e+00
8.310000 -1.238894250232e+00 2.258781423808e+00
8.320000 -1.215834983863e+00 2.352942447615e+00
8.330000 -1.191838127994e+00 2.446285240956e+00
8.340000 -1.166912296548e+00 2.538722569577e+00
8.350000 -1.141067003072e+00 2.630161748208e+00
8.360000 -1.114312715017e+00 2.720504694335e+00
8.370000 -1.086660907252e+00 2.809648027172e+00
8.380000 -1.058124114352e+00 2.897483214825e+00
8.390000 -1.028715981164e+00 2.983896772407e+00
8.400000 -9.984513111229e-01 3.068770513529e+00
8.410000 -9.673461117806e-01 3.151981857222e+00
8.420000 -9.354176369789e-01 3.233404191823e+00
8.430000 -9.026844250967e-01 3.312907296802e+00
8.440000 -8.691663327863e-01 3.390357822830e+00
8.450000 -8.348845636198e-01 3.465619829635e+00
8.460000 -7.998616910734e-01 3.538555380368e+00
8.470000 -7.641216752936e-01 3.609025190296e+00
8.480000 -7.276898731175e-01 3.676889326690e+00
8.490000 -6.905930408553e-01 3.742007955788e+00
8.500000 -6.528593293889e-01 3.804242131688e+00
8.510000 -6.145182711964e-01 3.863454621034e+00
8.520000 -5.756007589809e-01 3.919510756362e+00
8.530000 -5.361390156552e-01 3.972279310055e+00
8.540000 -4.961665555209e-01 4.021633380015e+00
8.550000 -4.557181365721e-01 4.067451277408e+00
8.560000 -4.148297039532e-01 4.109617406258e+00
8.570000 -3.735383247068e-01 4.148023124216e+00
8.580000 -3.318821140524e-01 4.182567573595e+00
8.590000 -2.899001535502e-01 4.213158471679e+00
8.600000 -2.476324016096e-01 4.239712849541e+00
8.610000 -2.051195969115e-01 4.262157728927e+00
8.620000 -1.624031554118e-01 4.280430727439e+00
8.630000 -1.195250616893e-01 4.294480583059e+00
8.640000 -7.652775548607e-02 4.304267590105e+00
8.650000 -3.345401435814e-02 4.309763939956e+00
8.660000 9.653166581439e-03 4.310953961254e+00
8.670000 5.275069680292e-02 4.307834255840e+00
8.680000 9.579551332859e-02 4.300413728285e+00
8.690000 1.387447034621e-01 4.288713508551e+00
8.700000 1.815556262147e-01 4.272766768994e+00
8.710000 2.241860313836e-01 4.252618438590e+00
8.720000 2.665941752783e-01 4.228324818821e+00
8.730000 3.087389321362e-01 4.199953107153e+00
8.740000 3.505799003423e-01 4.167580835346e+00
8.750000 3.920775026396e-01 4.131295230998e+00
8.760000 4.331930796105e-01 4.091192511673e+00
8.770000 4.738889758035e-01 4.047377121710e+00
8.780000 5.141286179862e-01 3.999960922320e+00
8.790000 5.538765851108e-01 3.949062345879e+00
8.800000 5.930986696888e-01 3.894805525394e+00
8.810000 6.317619303822e-01 3.837319409952e+00
8.820000 6.698347357225e-01 3.776736876679e+00
8.830000 7.072867989741e-01 3.713193849161e+00
8.840000 7.440892042530e-01 3.646828431668e+00
8.850000 7.802144241028e-01 3.577780067700e+00
8.860000 8.156363288101e-01 3.506188730505e+00
8.870000 8.503301878132e-01 3.432194152270e+00
8.880000 8.842726636202e-01 3.355935097661e+00
8.890000 9.174417987041e-01 3.277548686410e+00
8.900000 9.498169958847e-01 3.197169768627e+00
8.910000 9.813789927394e-01 3.114930355523e+00
8.920000 1.012109830605e+00 3.030959107328e+00
8.930000 1.041992818751e+00 2.945380879298e+00
8.940000 1.071012494299e+00 2.858316325910e+00
8.950000 1.099154578480e+00 2.769881562650e+00
8.960000 1.126405929788e+00 2.680187884133e+00
8.970000 1.152754494589e+00 2.589341536794e+00
8.980000 1.178189255722e+00 2.497443543914e+00
8.990000 1.202700179601e+00 2.404589580393e+00
9.000000 1.226278162303e+00 2.310869894404e+00
9.010000 1.248914975092e+00 2.216369272853e+00
9.020000 1.270603209801e+00 2.121167047456e+00
9.030000 1.291336224476e+00 2.025337138172e+00
9.040000 1.311108089608e+00 1.928948130731e+00
9.050000 1.329913535319e+00 1.832063385033e+00
9.060000 1.347747899752e+00 1.734741171294e+00
9.070000 1.364607078970e+00 1.637034830939e+00
9.080000 1.380487478555e+00 1.538992959373e+00
9.090000 1.395385967151e+00 1.440659607954e+00
9.100000 1.409299832097e+00 1.342074502690e+00
9.110000 1.422226737333e+00 1.243273277332e+00
9.120000 1.434164683694e+00 1.144287718813e+00
9.130000 1.445111971711e+00 1.045146023109e+00
9.140000 1.455067167020e+00 9.458730598658e-01
9.150000 1.464029068451e+00 8.464906442803e-01
9.160000 1.471996678871e+00 7.470178149515e-01
9.170000 1.478969178826e+00 6.474711165620e-01
9.180000 1.484945903029e+00 5.478648864309e-01
9.190000 1.489926319739e+00 4.482115441226e-01
9.200000 1.493910013035e+00 3.485218834268e-01
9.210000 1.496896668029e+00 2.488053661471e-01
9.220000 1.498886059022e+00 1.490704172291e-01
9.230000 1.499878040610e+00 4.932472084605e-02
9.240000 1.499872541768e+00 -5.042448287834e-02
9.250000 1.498869562885e+00 -1.501701007837e-01
9.260000 1.496869175787e+00 -2.499048894698e-01
9.270000 1.493871526725e+00 -3.496211582128e-01
9.280000 1.489876842328e+00 -4.493104722483e-01
9.290000 1.484885438527e+00 -5.489633566939e-01
9.300000 1.478897732434e+00 -6.485690014340e-01
9.310000 1.471914257161e+00 -7.481149673483e-01
9.320000 1.463935679577e+00 -8.475868943547e-01
9.330000 1.454962820960e+00 -9.469682118302e-01
9.340000 1.444996680547e+00 -1.046239852096e+00
9.350000 1.434038461911e+00 -1.145379967783e+00
9.360000 1.422089602163e+00 -1.244363654044e+00
9.370000 1.409151803880e+00 -1.343162676736e+00
9.380000 1.395227069736e+00 -1.441745207894e+00
9.390000 1.380317739723e+00 -1.540075569963e+00
9.400000 1.364426530881e+00 -1.638113990496e+00
9.410000 1.347556579430e+00 -1.735816369195e+00
9.420000 1.329711485144e+00 -1.833134059399e+00
9.430000 1.310895357848e+00 -1.930013666301e+00
9.440000 1.291112865824e+00 -2.026396864401e+00
9.450000 1.270369285940e+00 -2.122220236878e+00
9.460000 1.248670555269e+00 -2.217415139727e+00
9.470000 1.226023323920e+00 -2.311907593686e+00
9.480000 1.202435008808e+00 -2.405618207065e+00
9.490000 1.177913848021e+00 -2.498462132705e+00
9.500000 1.152468955436e+00 -2.590349062338e+00
9.510000 1.126110375190e+00 -2.681183261585e+00
9.520000 1.098849135586e+00 -2.770863648805e+00
9.530000 1.070697301974e+00 -2.859283920858e+00
9.540000 1.041668028136e+00 -2.946332728639e+00
9.550000 1.011775605645e+00 -3.031893904982e+00
9.560000 9.810355106831e-01 -3.115846747142e+00
9.570000 9.494644477506e-01 -3.198066355650e+00
9.580000 9.170803896976e-01 -3.278424030748e+00
9.590000 8.839026135034e-01 -3.356787727026e+00
9.600000 8.499517312175e-01 -3.433022566145e+00
9.610000 8.152497154859e-01 -3.506991406729e+00
9.620000 7.798199191007e-01 -3.578555469660e+00
9.630000 7.436870880299e-01 -3.647575016048e+00
9.640000 7.068773674195e-01 -3.713910074204e+00
9.650000 6.694183000993e-01 -3.777421210915e+00
9.660000 6.313388171789e-01 -3.837970341316e+00
9.670000 5.926692203783e-01 -3.895421570652e+00
9.680000 5.534411558141e-01 -3.949642060279e+00
9.690000 5.136875790386e-01 -4.000502909362e+00
9.700000 4.734427112234e-01 -4.047880042942e+00
9.710000 4.327419864701e-01 -4.091655096381e+00
9.720000 3.916219903401e-01 -4.131716285686e+00
9.730000 3.501203897952e-01 -4.167959252883e+00
9.740000 3.082758548564e-01 -4.200287875460e+00
9.750000 2.661279723919e-01 -4.228615028986e+00
9.760000 2.237171525590e-01 -4.252863292292e+00
9.770000 1.810845285224e-01 -4.272965585131e+00
9.780000 1.382718501735e-01 -4.288865728973e+00
9.790000 9.532137266131e-02 -4.300518922544e+00
9.800000 5.227574062492e-02 -4.307892124887e+00
9.810000 9.177869082883e-03 -4.310964340025e+00
9.820000 -3.392917801282e-02 -4.309726798802e+00
9.830000 -7.700231051461e-02 -4.304183035051e+00
9.840000 -1.199985350447e-01 -4.294348854882e+00
9.850000 -1.628750771204e-01 -4.280252199585e+00
9.860000 -2.055895013846e-01 -4.261932904292e+00
9.870000 -2.480998289170e-01 -4.239442356174e+00
9.880000 -2.903646506464e-01 -4.212843057465e+00
9.890000 -3.323432359443e-01 -4.182208100012e+00
9.900000 -3.739956355549e-01 -4.147620559242e+00
9.910000 -4.152827780979e-01 -4.109172816544e+00
9.920000 -4.561665594786e-01 -4.066965819829e+00
9.930000 -4.966099246374e-01 -4.021108292707e+00
9.940000 -5.365769411785e-01 -3.971715903066e+00
9.950000 -5.760328645280e-01 -3.918910402040e+00
9.960000 -6.149441943787e-01 -3.862818744262e+00
9.970000 -6.532787222885e-01 -3.803572200088e+00
9.980000 -6.910055704036e-01 -3.741305470008e+00
9.990000 -7.280952213777e-01 -3.676155810867e+00
10.000000 -7.645195396492e-01 -3.608262182791e+00
10.010000 -8.002517843251e-01 -3.537764424863e+00
10.020000 -8.352666139964e-01 -3.464802466657e+00
10.030000 -8.695400838725e-01 -3.389515581769e+00
10.040000 -9.030496356845e-01 -3.312041688477e+00
10.050000 -9.357740808464e-01 -3.232516701624e+00
10.060000 -9.676935774066e-01 -3.151073938869e+00
10.070000 -9.987896013416e-01 -3.067843583464e+00
10.080000 -1.029044912766e+00 -2.982952204824e+00
10.090000 -1.058443517642e+00 -2.896522337345e+00
10.100000 -1.086970625560e+00 -2.808672117149e+00
10.110000 -1.114612604184e+00 -2.719514975787e+00
10.120000 -1.141356930901e+00 -2.629159389344e+00
10.130000 -1.167192142236e+00 -2.537708680900e+00
10.140000 -1.192107781552e+00 -2.445260873918e+00
10.150000 -1.216094345514e+00 -2.351908593779e+00
10.160000 -1.239143229816e+00 -2.257739014502e+00
10.170000 -1.261246674566e+00 -2.162833847470e+00
10.180000 -1.282397709778e+00 -2.067269368955e+00
10.190000 -1.302590101297e+00 -1.971116483147e+00
10.200000 -1.321818297537e+00 -1.874440817463e+00
10.210000 -1.340077377309e+00 -1.777302846948e+00
10.220000 -1.357362999028e+00 -1.679758044720e+00
10.230000 -1.373671351547e+00 -1.581857055525e+00
10.240000 -1.388999106822e+00 -1.483645889640e+00
10.250000 -1.403343374618e+00 -1.385166134559e+00
10.260000 -1.416701659399e+00 -1.286455182066e+00
10.270000 -1.429071819566e+00 -1.187546468528e+00
10.280000 -1.440452029149e+00 -1.088469726420e+00
10.290000 -1.450840742069e+00 -9.892512453176e-01
10.300000 -1.460236659045e+00 -8.899141407804e-01
10.310000 -1.468638697225e+00 -7.904786297461e-01
10.320000 -1.476045962604e+00 -6.909623112276e-01
10.330000 -1.482457725261e+00 -5.913804512842e-01
10.340000 -1.487873397473e+00 -4.917462713874e-01
10.350000 -1.492292514718e+00 -3.920712394405e-01
10.360000 -1.495714719608e+00 -2.923653628408e-01
10.370000 -1.498139748751e+00 -1.926374830734e-01
10.380000 -1.499567422576e+00 -9.289557142196e-02
10.390000 -1.499997638104e+00 6.852974551261e-03
10.400000 -1.499430364703e+00 1.066010340463e-01
10.410000 -1.497865642804e+00 2.063414658440e-01
10.420000 -1.495303585590e+00 3.060668111411e-01
10.430000 -1.491744383655e+00 4.057689966410e-01
10.440000 -1.487188312636e+00 5.054390381610e-01
10.450000 -1.481635743799e+00 6.050667450537e-01
10.460000 -1.475087157574e+00 7.046404257959e-01
10.470000 -1.467543160032e+00 8.041465951761e-01
10.480000 -1.459004502278e+00 9.035696835996e-01
10.490000 -1.449472102735e+00 1.002891749143e+00
10.500000 -1.438947072294e+00 1.102092193113e+00
10.510000 -1.427430742286e+00 1.201147480017e+00
10.520000 -1.414924695227e+00 1.300030862985e+00
10.530000 -1.401430798278e+00 1.398712115884e+00
10.540000 -1.386951239345e+00 1.497157273531e+00
10.550000 -1.371488565725e+00 1.595328381602e+00
10.560000 -1.355045725208e+00 1.693183258029e+00
10.570000 -1.337626109482e+00 1.790675267914e+00
10.580000 -1.319233599733e+00 1.887753114136e+00
10.590000 -1.299872614232e+00 1.984360646091e+00
10.600000 -1.279548157742e+00 2.080436689137e+00
10.610000 -1.258265872519e+00 2.175914897563e+00
10.620000 -1.236032090644e+00 2.270723633991e+00
10.630000 -1.212853887423e+00 2.364785878316e+00
10.640000 -1.188739135535e+00 2.458019169361e+00
10.650000 -1.163696559585e+00 2.550335582493e+00
10.660000 -1.137735790688e+00 2.641641746473e+00
10.670000 -1.110867420676e+00 2.731838902765e+00
10.680000 -1.083103055488e+00 2.820823010441e+00
10.690000 -1.054455367262e+00 2.908484899636e+00
10.700000 -1.024938144652e+00 2.994710476278e+00
10.710000 -9.945663408166e-01 3.079380980491e+00
10.720000 -9.633561185601e-01 3.162373300629e+00
10.730000 -9.313248920386e-01 3.243560344454e+00
10.740000 -8.984913644694e-01 3.322811468317e+00
10.750000 -8.648755612568e-01 3.399992964571e+00
10.760000 -8.304988579542e-01 3.474968606659e+00
10.770000 -7.953840024921e-01 3.547600250483e+00
10.780000 -7.595551311205e-01 3.617748489759e+00
10.790000 -7.230377775413e-01 3.685273362110e+00
10.800000 -6.858588747428e-01 3.750035101624e+00
10.810000 -6.480467490982e-01 3.811894932637e+00
10.820000 -6.096311063454e-01 3.870715898449e+00
10.830000 -5.706430091355e-01 3.926363717739e+00
10.840000 -5.311148459117e-01 3.978707660513e+00
10.850000 -4.910802909683e-01 4.027621434578e+00
10.860000 -4.505742556331e-01 4.072984072832e+00
10.870000 -4.096328306148e-01 4.114680811082e+00
10.880000 -3.682932196643e-01 4.152603945653e+00
10.890000 -3.265936648071e-01 4.186653659883e+00
10.900000 -2.845733635111e-01 4.216738808519e+00
10.910000 -2.422723782665e-01 4.242777649267e+00
10.920000 -1.997315391577e-01 4.264698511140e+00
10.930000 -1.569923401084e-01 4.282440389924e+00
10.940000 -1.140968295735e-01 4.295953461919e+00
10.950000 -7.108749653528e-02 4.305199508206e+00
10.960000 -2.800715273207e-02 4.310152242920e+00
10.970000 1.510118789447e-02 4.310797540458e+00
10.980000 5.819443150289e-02 4.307133558047e+00
10.990000 1.012295273495e-01 4.299170751762e+00
11.000000 1.441635904115e-01 4.286931785729e+00
11.010000 1.869540225732e-01 4.270451335950e+00
11.020000 2.295586313362e-01 4.249775791822e+00
11.030000 2.719357450513e-01 4.224962859990e+00
11.040000 3.140443237261e-01 4.196081076635e+00
11.050000 3.558440645273e-01 4.163209235599e+00
11.060000 3.972955011795e-01 4.126435740871e+00
11.070000 4.383600965486e-01 4.085857892905e+00
11.080000 4.790003278008e-01 4.041581118929e+00
11.090000 5.191797636282e-01 3.993718157914e+00
11.100000 5.588631331429e-01 3.942388211126e+00
11.110000 5.980163861508e-01 3.887716069219e+00
11.120000 6.366067446239e-01 3.829831226685e+00
11.130000 6.746027452968e-01 3.768866994081e+00
11.140000 7.119742734176e-01 3.704959617954e+00
11.150000 7.486925877735e-01 3.638247417680e+00
11.160000 7.847303372058e-01 3.568869947656e+00
11.170000 8.200615689055e-01 3.496967192347e+00
11.180000 8.546617288508e-01 3.422678800794e+00
11.190000 8.885076548110e-01 3.346143366112e+00
11.200000 9.215775623895e-01 3.267497754561e+00
11.210000 9.538510246211e-01 3.186876487730e+00
11.220000 9.853089456669e-01 3.104411180408e+00
11.230000 1.015933529175e+00 3.020230035812e+00
11.240000 1.045708241881e+00 2.934457398957e+00
11.250000 1.074617773040e+00 2.847213368179e+00
11.260000 1.102647990251e+00 2.758613464121e+00
11.270000 1.129785892264e+00 2.668768354856e+00
11.280000 1.156019559307e+00 2.577783635328e+00
11.290000 1.181338101467e+00 2.485759658809e+00
11.300000 1.205731605639e+00 2.392791417768e+00
11.310000 1.229191081520e+00 2.298968471222e+00
11.320000 1.251708407087e+00 2.204374915518e+00
11.330000 1.273276274002e+00 2.109089395309e+00
11.340000 1.293888133295e+00 2.013185151471e+00
11.350000 1.313538141717e+00 1.916730102713e+00
11.360000 1.332221109048e+00 1.819786957651e+00
11.370000 1.349932446676e+00 1.722413354249e+00
11.380000 1.366668117687e+00 1.624662023622e+00
11.390000 1.382424588708e+00 1.526580975387e+00
11.400000 1.397198783700e+00 1.428213701880e+00
11.410000 1.410988039872e+00 1.329599398791e+00
11.420000 1.423790065881e+00 1.230773199937e+00
11.430000 1.435602902438e+00 1.131766424108e+00
11.440000 1.446424885431e+00 1.032606832132e+00
11.450000 1.456254611672e+00 9.333188924948e-01
11.460000 1.465090907330e+00 8.339240540422e-01
11.470000 1.472932799122e+00 7.344410245025e-01
11.480000 1.479779488316e+00 6.348860537061e-01
11.490000 1.485630327582e+00 5.352732205669e-01
11.500000 1.490484800733e+00 4.356147230256e-01
11.510000 1.494342505372e+00 3.359211702882e-01
11.520000 1.497203138475e+00 2.362018768064e-01
11.530000 1.499066484919e+00 1.364651575473e-01
11.540000 1.499932408968e+00 3.671862417605e-02
11.550000 1.499800848721e+00 -6.303051816149e-02
11.560000 1.498671813535e+00 -1.627751737242e-01
11.570000 1.496545384414e+00 -2.625080589744e-01
11.580000 1.493421717376e+00 -3.622214055269e-01
11.590000 1.489301049783e+00 -4.619066634966e-01
11.600000 1.484183709636e+00 -5.615542055239e-01
11.610000 1.478070127827e+00 -6.611530318064e-01
11.620000 1.470960853333e+00 -7.606904765295e-01
11.630000 1.462856571336e+00 -8.601519161756e-01
11.640000 1.453758124244e+00 -9.595204802925e-01
11.650000 1.443666535604e+00 -1.058776765420e+00
11.660000 1.432583036834e+00 -1.157898553014e+00
11.670000 1.420509096773e+00 -1.256860532341e+00
11.680000 1.407446453961e+00 -1.355634029515e+00
11.690000 1.393397151591e+00 -1.454186743985e+00
11.700000 1.378363575062e+00 -1.552482493995e+00
11.710000 1.362348492017e+00 -1.650480972731e+00
11.720000 1.345355094763e+00 -1.748137517075e+00
11.730000 1.327387044926e+00 -1.845402891067e+00
11.740000 1.308448520196e+00 -1.942223086416e+00
11.750000 1.288544262969e+00 -2.038539142572e+00
11.760000 1.267679630670e+00 -2.134286989064e+00
11.770000 1.245860647545e+00 -2.229397312983e+00
11.780000 1.223094057629e+00 -2.323795454637e+00
11.790000 1.199387378603e+00 -2.417401334514e+00
11.800000 1.174748956222e+00 -2.510129414791e+00
11.810000 1.149188018926e+00 -2.601888698645e+00
11.820000 1.122714732273e+00 -2.692582770624e+00
11.830000 1.095340252731e+00 -2.782109881254e+00
11.840000 1.067076780406e+00 -2.870363078944e+00
11.850000 1.037937610193e+00 -2.957230391996e+00
11.860000 1.007937180850e+00 -3.042595063298e+00
11.870000 9.770911214508e-01 -3.126335839841e+00
11.880000 9.454162946583e-01 -3.208327318793e+00
11.890000 9.129308362567e-01 -3.288440351272e+00
11.900000 8.796541903479e-01 -3.366542504347e+00
11.910000 8.456071396406e-01 -3.442498581050e+00
11.920000 8.108118302525e-01 -3.516171197391e+00
11.930000 7.752917904644e-01 -3.587421414474e+00
11.940000 7.390719428901e-01 -3.656109422889e+00
11.950000 7.021786095550e-01 -3.722095275564e+00
11.960000 6.646395094250e-01 -3.785239664250e+00
11.970000 6.264837479753e-01 -3.845404733815e+00
11.980000 5.877417984552e-01 -3.902454927514e+00
11.990000 5.484454745787e-01 -3.956257855458e+00
12.000000 5.086278944481e-01 -4.006685177651e+00
12.010000 4.683234356147e-01 -4.053613492159e+00
12.020000 4.275676812738e-01 -4.096925218363e+00
12.030000 3.863973576949e-01 -4.136509464728e+00
12.040000 3.448502630970e-01 -4.172262870247e+00
12.050000 3.029651882878e-01 -4.204090408561e+00
12.060000 2.607818294921e-01 -4.231906143898e+00
12.070000 2.183406939072e-01 -4.255633928262e+00
12.080000 1.756829986216e-01 -4.275208029882e+00
12.090000 1.328505636318e-01 -4.290573683666e+00
12.100000 8.988569977939e-02 -4.301687555433e+00
12.110000 4.683109250734e-02 -4.308518112832e+00
12.120000 3.729682397356e-03 -4.311045897221e+00
12.130000 -3.937545649741e-02 -4.309263692284e+00
12.140000 -8.244123947797e-02 -4.303176586716e+00
12.150000 -1.254246941176e-01 -4.292801930009e+00
12.160000 -1.682830822053e-01 -4.278169182026e+00
12.170000 -2.109740196634e-01 -4.259319658724e+00
12.180000 -2.534555934188e-01 -4.236306178005e+00
12.190000 -2.956864742554e-01 -4.209192611162e+00
12.200000 -3.376260247376e-01 -4.178053346777e+00
12.210000 -3.792344013677e-01 -4.142972675139e+00
12.220000 -4.204726502275e-01 -4.104044102246e+00
12.230000 -4.613027954491e-01 -4.061369603294e+00
12.240000 -5.016879199614e-01 -4.015058826117e+00
12.250000 -5.415922380655e-01 -3.965228255418e+00
12.260000 -5.809811595025e-01 -3.912000348775e+00
12.270000 -6.198213447856e-01 -3.855502655294e+00
12.280000 -6.580807516761e-01 -3.795866927561e+00
12.290000 -6.957286727885e-01 -3.733228237022e+00
12.300000 -7.327357644065e-01 -3.667724102351e+00
12.310000 -7.690740666837e-01 -3.599493639583e+00
12.320000 -8.047170154894e-01 -3.528676741946e+00
12.330000 -8.396394462293e-01 -3.455413296390e+00
12.340000 -8.738175900415e-01 -3.379842442809e+00
12.350000 -9.072290628187e-01 -3.302101880966e+00
12.360000 -9.398528475559e-01 -3.222327229099e+00
12.370000 -9.716692705544e-01 -3.140651437213e+00
12.380000 -1.002659972043e+00 -3.057204257108e+00
12.390000 -1.032807871784e+00 -2.972111770305e+00
12.400000 -1.062097130258e+00 -2.885495974212e+00
12.410000 -1.090513105991e+00 -2.797474426139e+00
12.420000 -1.118042309610e+00 -2.708159944095e+00
12.430000 -1.144672355188e+00 -2.617660362760e+00
12.440000 -1.170391909411e+00 -2.526078342526e+00
12.450000 -1.195190639092e+00 -2.433511229122e+00
12.460000 -1.219059157523e+00 -2.340050961037e+00
12.470000 -1.241988970128e+00 -2.245784021714e+00
12.480000 -1.263972419848e+00 -2.150791433370e+00
12.490000 -1.285002632659e+00 -2.055148789182e+00
12.500000 -1.305073463591e+00 -1.958926320575e+00
12.510000 -1.324179443580e+00 -1.862188996380e+00
12.520000 -1.342315727457e+00 -1.764996650696e+00
12.530000 -1.359478043353e+00 -1.667404136410e+00
12.540000 -1.375662643746e+00 -1.569461501474e+00
12.550000 -1.390866258380e+00 -1.471214185195e+00
12.560000 -1.405086049232e+00 -1.372703231988e+00
12.570000 -1.418319567698e+00 -1.273965520243e+00
12.580000 -1.430564714128e+00 -1.175034004138e+00
12.590000 -1.441819699845e+00 -1.075937966453e+00
12.600000 -1.452083011730e+00 -9.767032806465e-01
12.610000 -1.461353379473e+00 -8.773526806315e-01
12.620000 -1.469629745554e+00 -7.779060369030e-01
12.630000 -1.476911238011e+00 -6.783806378293e-01
12.640000 -1.483197146043e+00 -5.787914750979e-01
12.650000 -1.488486898485e+00 -4.791515324539e-01
12.660000 -1.492780045180e+00 -3.794720770102e-01
12.670000 -1.496076241285e+00 -2.797629525286e-01
12.680000 -1.498375234500e+00 -1.800328741764e-01
12.690000 -1.499676855271e+00 -8.028972435197e-02
12.700000 -1.499981009936e+00 1.945915075900e-02
12.710000 -1.499287676853e+00 1.192066441833e-01
12.720000 -1.497596905492e+00 2.189455909674e-01
12.730000 -1.494908818499e+00 3.186684710316e-01
12.740000 -1.491223616736e+00 4.183671123108e-01
12.750000 -1.486541587277e+00 5.180323944476e-01
12.760000 -1.480863114378e+00 6.176539533398e-01
12.770000 -1.474188693375e+00 7.172198869066e-01
12.780000 -1.466518947539e+00 8.167164625122e-01
12.790000 -1.457854647829e+00 9.161278265812e-01
12.800000 -1.448196735547e+00 1.015435717052e+00
12.810000 -1.437546347838e+00 1.114619179440e+00
12.820000 -1.425904846024e+00 1.213654287434e+00
12.830000 -1.413273846692e+00 1.312513869095e+00
12.840000 -1.399655255492e+00 1.411167239912e+00
12.850000 -1.385051303563e+00 1.509579944148e+00
12.860000 -1.369464586499e+00 1.607713506091e+00
12.870000 -1.352898105744e+00 1.705525193057e+00
12.880000 -1.335355312290e+00 1.802967792150e+00
12.890000 -1.316840152530e+00 1.899989403029e+00
12.900000 -1.297357116094e+00 1.996533249113e+00
12.910000 -1.276911285465e+00 2.092537509850e+00
12.920000 -1.255508387163e+00 2.187935176850e+00
12.930000 -1.233154844230e+00 2.282653936854e+00
12.940000 -1.209857829743e+00 2.376616084630e+00
12.950000 -1.185625321030e+00 2.469738468992e+00
12.960000 -1.160466154248e+00 2.561932475196e+00
12.970000 -1.134390078949e+00 2.653104046974e+00
12.980000 -1.107407812199e+00 2.743153751440e+00
12.990000 -1.079531091838e+00 2.831976889972e+00
13.000000 -1.050772728373e+00 2.919463657996e+00
13.010000 -1.021146655031e+00 3.005499356386e+00
13.020000 -9.906679754184e-01 3.089964656785e+00
13.030000 -9.593530082571e-01 3.172735922802e+00
13.040000 -9.272193286206e-01 3.253685588476e+00
13.050000 -8.942858050951e-01 3.332682594825e+00
13.060000 -8.605726322845e-01 3.409592884590e+00
13.070000 -8.261013580788e-01 3.484279954537e+00
13.080000 -7.908949051183e-01 3.556605463788e+00
13.090000 -7.549775859036e-01 3.626429895797e+00
13.100000 -7.183751110311e-01 3.693613270561e+00
13.110000 -6.811145900735e-01 3.758015902706e+00
13.120000 -6.432245246720e-01 3.819499200048e+00
13.130000 -6.047347934661e-01 3.877926496234e+00
13.140000 -5.656766285583e-01 3.933163910091e+00
13.150000 -5.260825832842e-01 3.985081223416e+00
13.160000 -4.859864911514e-01 4.033552768106e+00
13.170000 -4.454234159005e-01 4.078458312829e+00
13.180000 -4.044295927445e-01 4.119683938884e+00
13.190000 -3.630423609485e-01 4.157122894486e+00
13.200000 -3.213000880201e-01 4.190676416544e+00
13.210000 -2.792420858902e-01 4.220254508964e+00
13.220000 -2.369085195729e-01 4.245776666771e+00
13.230000 -1.943403088981e-01 4.267172535770e+00
13.240000 -1.515790240104e-01 4.284382498148e+00
13.250000 -1.086667754186e-01 4.297358175309e+00
13.260000 -6.564609946324e-02 4.306062840344e+00
13.270000 -2.255984013807e-02 4.310471733782e+00
13.280000 2.054897174137e-02 4.310572277736e+00
13.290000 6.363724098779e-02 4.306364185077e+00
13.300000 1.066619310514e-01 4.297859461930e+00
13.310000 1.495801865197e-01 4.285082303450e+00
13.320000 1.923494540478e-01 4.268068884513e+00
13.330000 2.349276006829e-01 4.246867048604e+00
13.340000 2.772730285886e-01 4.221535899731e+00
13.350000 3.193447852282e-01 4.192145303649e+00
13.360000 3.611026681394e-01 4.158775305924e+00
13.370000 4.025073235072e-01 4.121515475527e+00
13.380000 4.435203378425e-01 4.080464183497e+00
13.390000 4.841043221628e-01 4.035727826919e+00
13.400000 5.242229881855e-01 3.987420008945e+00
13.410000 5.638412161459e-01 3.935660685771e+00
13.420000 6.029251139667e-01 3.880575291546e+00
13.430000 6.414420676097e-01 3.822293851972e+00
13.440000 6.793607825524e-01 3.760950096971e+00
13.450000 7.166513164254e-01 3.696680582253e+00
13.460000 7.532851029508e-01 3.629623828912e+00
13.470000 7.892349674001e-01 3.559919489373e+00
13.480000 8.244751338749e-01 3.487707547088e+00
13.490000 8.589812247811e-01 3.413127556436e+00
13.500000 8.927302529257e-01 3.336317928262e+00
13.510000 9.257006067164e-01 3.257415265483e+00
13.520000 9.578720289818e-01 3.176553752186e+00
13.530000 9.892255899610e-01 3.093864598674e+00
13.540000 1.019743655030e+00 3.009475544019e+00
13.550000 1.049409847747e+00 2.923510416791e+00
13.560000 1.078209008787e+00 2.836088753900e+00
13.570000 1.106127151366e+00 2.747325476754e+00
13.580000 1.133151413698e+00 2.657330623369e+00
13.590000 1.159270009046e+00 2.566209134504e+00
13.600000 1.184472173897e+00 2.474060691529e+00
13.610000 1.208748114765e+00 2.380979603318e+00
13.620000 1.232088954094e+00 2.287054739274e+00
13.630000 1.254486675706e+00 2.192369505365e+00
13.640000 1.275934070216e+00 2.097001859946e+00
13.650000 1.296424680789e+00 2.001024366119e+00
13.660000 1.315952749589e+00 1.904504277366e+00
13.670000 1.334513165236e+00 1.807503653251e+00
13.680000 1.352101411562e+00 1.710079502101e+00
13.690000 1.368713517908e+00 1.612283947690e+00
13.700000 1.384346011209e+00 1.514164417108e+00
13.710000 1.398995870038e+00 1.415763847195e+00
13.720000 1.412660480807e+00 1.317120907078e+00
13.730000 1.425337596259e+00 1.218270234581e+00
13.740000 1.437025296392e+00 1.119242684461e+00
13.750000 1.447721951906e+00 1.020065586643e+00
13.760000 1.457426190284e+00 9.207630128056e-01
13.770000 1.466136864572e+00 8.213560498966e-01
13.780000 1.473853024925e+00 7.218630792971e-01
13.790000 1.480573892960e+00 6.223000605695e-01
13.800000 1.486298838981e+00 5.226808188540e-01
13.810000 1.491027362079e+00 4.230173351362e-01
13.820000 1.494759073149e+00 3.233200387333e-01
13.830000 1.497493680851e+00 2.235981014620e-01
13.840000 1.499230980500e+00 1.238597330416e-01
13.850000 1.499970845938e+00 2.411247736941e-02
13.860000 1.499713224350e+00 -7.563649064080e-02
13.870000 1.498458134063e+00 -1.753800679200e-01
13.880000 1.496205665316e+00 -2.751109260487e-01
13.890000 1.492955983995e+00 -3.748212142417e-01
13.900000 1.488709338342e+00 -4.745022627655e-01
13.910000 1.483466068625e+00 -5.741442870717e-01
13.920000 1.477226619759e+00 -6.737360929817e-01
13.930000 1.469991556874e+00 -7.732647833267e-01
13.940000 1.461761583801e+00 -8.727154665332e-01
13.950000 1.452537564461e+00 -9.720709677493e-01
13.960000 1.442320547137e+00 -1.071311543228e+00
13.970000 1.431111791564e+00 -1.170414598818e+00
13.980000 1.418912798828e+00 -1.269354413577e+00
13.990000 1.405725343984e+00 -1.368101869660e+00
14.000000 1.391551511349e+00 -1.466624189864e+00
14.010000 1.376393732368e+00 -1.564884684332e+00
14.020000 1.360254825963e+00 -1.662842508192e+00
14.030000 1.343138041242e+00 -1.760452432037e+00
14.040000 1.325047102429e+00 -1.857664627422e+00
14.050000 1.305986255860e+00 -1.954424469695e+00
14.060000 1.285960318845e+00 -2.050672360732e+00
14.070000 1.264974730195e+00 -2.146343574292e+00
14.080000 1.243035602177e+00 -2.241368126890e+00
14.090000 1.220149773609e+00 -2.335670677233e+00
14.100000 1.196324863812e+00 -2.429170457369e+00
14.110000 1.171569327076e+00 -2.521781238793e+00
14.120000 1.145892507280e+00 -2.613411336770e+00
14.130000 1.119304692257e+00 -2.703963656119e+00
14.140000 1.091817167487e+00 -2.793335781637e+00
14.150000 1.063442268648e+00 -2.881420116184e+00
14.160000 1.034193432534e+00 -2.968104069215e+00
14.170000 1.004085245830e+00 -3.053270298294e+00
14.180000 9.731334911901e-01 -3.136797005673e+00
14.190000 9.413551900767e-01 -3.218558291604e+00
14.200000 9.087686417693e-01 -3.298424565461e+00
14.210000 8.753934579772e-01 -3.376263015098e+00
14.220000 8.412505924655e-01 -3.451938134136e+00
14.230000 8.063623651235e-01 -3.525312306069e+00
14.240000 7.707524799163e-01 -3.596246443160e+00
14.250000 7.344460361849e-01 -3.664600677191e+00
14.260000 6.974695327957e-01 -3.730235098114e+00
14.270000 6.598508646845e-01 -3.793010535661e+00
14.280000 6.216193113931e-01 -3.852789377943e+00
14.290000 5.828055172649e-01 -3.909436420105e+00
14.300000 5.434414630348e-01 -3.962819735132e+00
14.310000 5.035604286374e-01 -4.012811558064e+00
14.320000 4.631969471449e-01 -4.059289174116e+00
14.330000 4.223867498463e-01 -4.102135800558e+00
14.340000 3.811667025831e-01 -4.141241451771e+00
14.350000 3.395747335636e-01 -4.176503776571e+00
14.360000 2.976497529892e-01 -4.207828856841e+00
14.370000 2.554315649320e-01 -4.235131956616e+00
14.380000 2.129607720142e-01 -4.258338211126e+00
14.390000 1.702786735382e-01 -4.277383245875e+00
14.400000 1.274271578147e-01 -4.292213716638e+00
14.410000 8.444858952025e-02 -4.302787762257e+00
14.420000 4.138569299220e-02 -4.309075363336e+00
14.430000 -1.718567569097e-03 -4.311058601269e+00
14.440000 -4.482110997242e-02 -4.308731813579e+00
14.450000 -8.787885693199e-02 -4.302101643119e+00
14.460000 -1.308488589211e-01 -4.291186980358e+00
14.470000 -1.736884159173e-01 -4.276018799666e+00
14.480000 -2.163551969900e-01 -4.256639892164e+00
14.490000 -2.588073567169e-01 -4.233104499314e+00
14.500000 -3.010036474621e-01 -4.205477852891e+00
14.510000 -3.429035266155e-01 -4.173835628376e+00
14.520000 -3.844672579659e-01 -4.138263319946e+00
14.530000 -4.256560064711e-01 -4.098855546274e+00
14.540000 -4.664319257803e-01 -4.055715297105e+00
14.550000 -5.067582379706e-01 -4.008953131134e+00
14.560000 -5.465993050636e-01 -3.958686336068e+00
14.570000 -5.859206919993e-01 -3.905038061837e+00
14.580000 -6.246892208538e-01 -3.848136437826e+00
14.590000 -6.628730161926e-01 -3.788113684708e+00
14.600000 -7.004415415585e-01 -3.725105230952e+00
14.610000 -7.373656271874e-01 -3.659248843478e+00
14.620000 -7.736174891374e-01 -3.590683781122e+00
14.630000 -8.091707401001e-01 -3.519549978736e+00
14.640000 -8.440003922353e-01 -3.445987268809e+00
14.650000 -8.780828524336e-01 -3.370134646455e+00
14.660000 -9.113959104670e-01 -3.292129582677e+00
14.670000 -9.439187205305e-01 -3.212107389732e+00
14.680000 -9.756317767089e-01 -3.130200641507e+00
14.690000 -1.006516882932e+00 -3.046538650809e+00
14.700000 -1.036557117992e+00 -2.961247004655e+00
14.710000 -1.065736796204e+00 -2.874447157781e+00
14.720000 -1.094041424293e+00 -2.786256083908e+00
14.730000 -1.121457655075e+00 -2.696785983607e+00
14.740000 -1.147973238495e+00 -2.606144047107e+00
14.750000 -1.173576970560e+00 -2.514432269873e+00
14.760000 -1.198258640677e+00 -2.421747318425e+00
14.770000 -1.222008977897e+00 -2.328180443598e+00
14.780000 -1.244819596501e+00 -2.233817438167e+00
14.790000 -1.266682941391e+00 -2.138738635700e+00
14.800000 -1.287592233645e+00 -2.043018947357e+00
14.810000 -1.307541416626e+00 -1.946727933386e+00
14.820000 -1.326525102960e+00 -1.849929906078e+00
14.830000 -1.344538522695e+00 -1.752684061040e+00
14.840000 -1.361577472892e+00 -1.655044633747e+00
14.850000 -1.377638268903e+00 -1.557061078496e+00
14.860000 -1.392717697539e+00 -1.458778267037e+00
14.870000 -1.406812972308e+00 -1.360236704370e+00
14.880000 -1.419921690888e+00 -1.261472759352e+00
14.890000 -1.432041794975e+00 -1.162518908010e+00
14.900000 -1.443171532617e+00 -1.063403987620e+00
14.910000 -1.453309423132e+00 -9.641534598312e-01
14.920000 -1.462454224702e+00 -8.647896813222e-01
14.930000 -1.470604904703e+00 -7.653321806391e-01
14.940000 -1.477760612828e+00 -6.657979400655e-01
14.950000 -1.483920657051e+00 -5.662016815293e-01
14.960000 -1.489084482467e+00 -4.665561557027e-01
14.970000 -1.493251653036e+00 -3.668724335928e-01
14.980000 -1.496421836252e+00 -2.671602000339e-01
14.990000 -1.498594790754e+00 -1.674280486006e-01
15.000000 -1.499770356894e+00 -6.768377754315e-02
15.010000 -1.499948450266e+00 3.206531358590e-02
15.020000 -1.499129058202e+00 1.318121268930e-01
15.030000 -1.497312239244e+00 2.315494689442e-01
15.040000 -1.494498125585e+00 3.312697536414e-01
15.050000 -1.490686928478e+00 4.309647054184e-01
15.060000 -1.485878946613e+00 5.306250630234e-01
15.070000 -1.480074577454e+00 6.302402841997e-01
15.080000 -1.473274331516e+00 7.297982516348e-01
15.090000 -1.465478849583e+00 8.292849806298e-01
15.100000 -1.456688922834e+00 9.286843290351e-01
15.110000 -1.446905515850e+00 1.027977710114e+00
15.120000 -1.436129792489e+00 1.127143809127e+00
15.130000 -1.424363144559e+00 1.226158304569e+00
15.140000 -1.411607223258e+00 1.324993595168e+00
15.150000 -1.397863973305e+00 1.423618533900e+00
15.160000 -1.383135669697e+00 1.521998170494e+00
15.170000 -1.367424956983e+00 1.620093504071e+00
15.180000 -1.350734890964e+00 1.717861247756e+00
15.190000 -1.333068982665e+00 1.815253607342e+00
15.200000 -1.314431244452e+00 1.912218076250e+00
15.210000 -1.294826238106e+00 2.008697249241e+00
15.220000 -1.274259124647e+00 2.104628657547e+00
15.230000 -1.252735715699e+00 2.199944628225e+00
15.240000 -1.230262526121e+00 2.294572170743e+00
15.250000 -1.206846827626e+00 2.388432893874e+00
15.260000 -1.182496703062e+00 2.481442956137e+00
15.270000 -1.157221101014e+00 2.573513053021e+00
15.280000 -1.131029890331e+00 2.664548444265e+00
15.290000 -1.103933914168e+00 2.754449024399e+00
15.300000 -1.075945043095e+00 2.843109439652e+00
15.310000 -1.047076226789e+00 2.930419254119e+00
15.320000 -1.017341543810e+00 3.016263167850e+00
15.330000 -9.867562489277e-01 3.100521289138e+00
15.340000 -9.553368174421e-01 3.183069462887e+00
15.350000 -9.231009859383e-01 3.263779656387e+00
15.360000 -8.900677888912e-01 3.342520403224e+00
15.370000 -8.562575905406e-01 3.419157305353e+00
15.380000 -8.216921114571e-01 3.493553592578e+00
15.390000 -7.863944492328e-01 3.565570737823e+00
15.400000 -7.503890927509e-01 3.635069125655e+00
15.410000 -7.137019295173e-01 3.701908770562e+00
15.420000 -6.763602455795e-01 3.765950080471e+00
15.430000 -6.383927176062e-01 3.827054659988e+00
15.440000 -5.998293967634e-01 3.885086146842e+00
15.450000 -5.607016840901e-01 3.939911074038e+00
15.460000 -5.210422971591e-01 3.991399749348e+00
15.470000 -4.808852278935e-01 4.039427142935e+00
15.480000 -4.402656915081e-01 4.083873773239e+00
15.490000 -3.992200666432e-01 4.124626580711e+00
15.500000 -3.577858268668e-01 4.161579778595e+00
15.510000 -3.160014638294e-01 4.194635669817e+00
15.520000 -2.739064024654e-01 4.223705419022e+00
15.530000 -2.315409087424e-01 4.248709769104e+00
15.540000 -1.889459905658e-01 4.269579692024e+00
15.550000 -1.461632925440e-01 4.286256964411e+00
15.560000 -1.032349854093e-01 4.298694659372e+00
15.570000 -6.020365097160e-02 4.306857547059e+00
15.580000 -1.711216354889e-02 4.310722397820e+00
15.590000 2.599643112647e-02 4.310278183230e+00
15.600000 6.907903848740e-02 4.305526171844e+00
15.610000 1.120926381359e-01 4.296479918173e+00
15.620000 1.549944062027e-01 4.283165145057e+00
15.630000 1.977418360047e-01 4.265619521268e+00
15.640000 2.402928559685e-01 4.243892337855e+00
15.650000 2.826059438310e-01 4.218044088215e+00
15.660000 3.246402361865e-01 4.188145958369e+00
15.670000 3.663556325182e-01 4.154279235116e+00
15.680000 4.077128929374e-01 4.116534640874e+00
15.690000 4.486737289446e-01 4.075011604856e+00
15.700000 4.892008866265e-01 4.029817480899e+00
15.710000 5.292582218093e-01 3.981066722694e+00
15.720000 5.688107667968e-01 3.928880027378e+00
15.730000 6.078247884327e-01 3.873383458426e+00
15.740000 6.462678373317e-01 3.814707558565e+00
15.750000 6.841087882345e-01 3.752986463040e+00
15.760000 7.213178715373e-01 3.688357022971e+00
15.770000 7.578666961433e-01 3.620957947840e+00
15.780000 7.937282638698e-01 3.550928975310e+00
15.790000 8.288769757206e-01 3.478410075670e+00
15.800000 8.632886304024e-01 3.403540697222e+00
15.810000 8.969404155232e-01 3.326459057928e+00
15.820000 9.298108919556e-01 3.247301487598e+00
15.830000 9.618799718903e-01 3.166201823950e+00
15.840000 9.931288911283e-01 3.083290864860e+00
15.850000 1.023540176184e+00 2.998695878234e+00
15.860000 1.053097606776e+00 2.912540170113e+00
15.870000 1.081786174295e+00 2.824942710806e+00
15.880000 1.109592036810e+00 2.736017818217e+00
15.890000 1.136502471199e+00 2.645874896883e+00
15.900000 1.162505822932e+00 2.554618230801e+00
15.910000 1.187591454049e+00 2.462346827627e+00
15.920000 1.211749689817e+00 2.369154311580e+00
15.930000 1.234971764554e+00 2.275128862068e+00
15.940000 1.257249767054e+00 2.180353194935e+00
15.950000 1.278576586022e+00 2.084904583080e+00
15.960000 1.298945855900e+00 1.988854913203e+00
15.970000 1.318351903425e+00 1.892270775409e+00
15.980000 1.336789695240e+00 1.795213582493e+00
15.990000 1.354254786824e+00 1.697739715810e+00
16.000000 1.370743273013e+00 1.599900694795e+00
16.010000 1.386251740310e+00 1.501743367315e+00
16.020000 1.400777221202e+00 1.403310118268e+00
16.030000 1.414317150641e+00 1.304639093997e+00
16.040000 1.426869324834e+00 1.205764440299e+00
16.050000 1.438431862480e+00 1.106716552025e+00
16.060000 1.449003168548e+00 1.007522332454e+00
16.070000 1.458581900696e+00 9.082054608325e-01
16.080000 1.467166938392e+00 8.087866666655e-01
16.090000 1.474757354816e+00 7.092840095211e-01
16.100000 1.481352391576e+00 6.097131632850e-01
16.110000 1.486951436289e+00 5.100877039602e-01
16.120000 1.491554003051e+00 4.104194002490e-01
16.130000 1.495159715828e+00 3.107185062790e-01
16.140000 1.497768294783e+00 2.109940559500e-01
16.150000 1.499379545544e+00 1.112541584659e-01
16.160000 1.499993351444e+00 1.150629469740e-02
16.170000 1.499609668720e+00 -8.824238592773e-02
16.180000 1.498228524683e+00 -1.879847682657e-01
16.190000 1.495850018865e+00 -2.877134742707e-01
16.200000 1.492474327126e+00 -3.874205660206e-01
16.210000 1.488101708746e+00 -4.870972492074e-01
16.220000 1.482732516458e+00 -5.867335773846e-01
16.230000 1.476367209452e+00 -6.863181573112e-01
16.240000 1.469006369302e+00 -7.858378558089e-01
16.250000 1.460650718833e+00 -8.852775086336e-01
16.260000 1.451301143867e+00 -9.846196319706e-01
16.270000 1.440958717855e+00 -1.083844137287e+00
16.280000 1.429624729325e+00 -1.182928050413e+00
16.290000 1.417300712132e+00 -1.281845235875e+00
16.300000 1.403988478411e+00 -1.380566127679e+00
16.310000 1.389690154207e+00 -1.479057467919e+00
16.320000 1.374408217656e+00 -1.577282054767e+00
16.330000 1.358145539640e+00 -1.675198501619e+00
16.340000 1.340905426788e+00 -1.772761009356e+00
16.350000 1.322691666673e+00 -1.869919153890e+00
16.360000 1.303508575055e+00 -1.966617691374e+00
16.370000 1.283361044966e+00 -2.062796383637e+00
16.380000 1.262254597436e+00 -2.158389846600e+00
16.390000 1.240195433598e+00 -2.253327424593e+00
16.400000 1.217190487918e+00 -2.347533093616e+00
16.410000 1.193247482225e+00 -2.440925396731e+00
16.420000 1.168374980220e+00 -2.533417414816e+00
16.430000 1.142582442087e+00 -2.624916775949e+00
16.440000 1.115880278794e+00 -2.715325706662e+00
16.450000 1.088279905671e+00 -2.804541128224e+00
16.460000 1.059793794784e+00 -2.892454800951e+00
16.470000 1.030435525605e+00 -2.978953519309e+00
16.480000 1.000219833483e+00 -3.063919360270e+00
16.490000 9.691626553391e-01 -3.147229986986e+00
16.500000 9.372811720564e-01 -3.228759009362e+00
16.510000 9.045938469647e-01 -3.308376402524e+00
16.520000 8.711204598543e-01 -3.385948983531e+00
16.530000 8.368821359322e-01 -3.461340945927e+00
16.540000 8.019013691469e-01 -3.534414450897e+00
16.550000 7.662020393289e-01 -3.605030272902e+00
16.560000 7.298094226135e-01 -3.673048496718e+00
16.570000 6.927501946536e-01 -3.738329261813e+00
16.580000 6.550524261721e-01 -3.800733548981e+00
16.590000 6.167455704620e-01 -3.860124003144e+00
16.600000 5.778604425068e-01 -3.916365785258e+00
16.610000 5.384291894691e-01 -3.969327445314e+00
16.620000 4.984852523800e-01 -4.018881807588e+00
16.630000 4.580633189553e-01 -4.064906858540e+00
16.640000 4.171992675607e-01 -4.107286627166e+00
16.650000 3.759301024565e-01 -4.145912047147e+00
16.660000 3.342938805561e-01 -4.180681789894e+00
16.670000 2.923296300466e-01 -4.211503057509e+00
16.680000 2.500772613241e-01 -4.238292324854e+00
16.690000 2.075774708077e-01 -4.260976020286e+00
16.700000 1.648716382932e-01 -4.279491135220e+00
16.710000 1.220017186051e-01 -4.293785753539e+00
16.720000 7.901012838983e-02 -4.303819492847e+00
16.730000 3.593962896435e-02 -4.309563850845e+00
16.740000 -7.166793800143e-03 -4.311002451446e+00
16.750000 -5.026605153860e-02 -4.308131186805e+00
16.760000 -9.331507634202e-02 -4.300958253008e+00
16.770000 -1.362709435296e-01 -4.289504078884e+00
16.780000 -1.790909931786e-01 -4.273801149038e+00
16.790000 -2.217329493664e-01 -4.253893723900e+00
16.800000 -2.641550361159e-01 -4.229837461132e+00
16.810000 -3.063160890855e-01 -4.201698944254e+00
16.820000 -3.481756621103e-01 -4.169555125650e+00
16.830000 -3.896941277806e-01 -4.133492692287e+00
16.840000 -4.308327713284e-01 -4.093607363467e+00
16.850000 -4.715538771945e-01 -4.050003130657e+00
16.860000 -5.118208077468e-01 -4.002791449987e+00
16.870000 -5.515980737335e-01 -3.952090398309e+00
16.880000 -5.908513961601e-01 -3.898023803792e+00
16.890000 -6.295477593896e-01 -3.840720361902e+00
16.900000 -6.676554553746e-01 -3.780312747275e+00
16.910000 -7.051441190288e-01 -3.716936731510e+00
16.920000 -7.419847548456e-01 -3.650730316241e+00
16.930000 -7.781497549598e-01 -3.581832890063e+00
16.940000 -8.136129089305e-01 -3.510384417017e+00
16.950000 -8.483494055951e-01 -3.436524663379e+00
16.960000 -8.823358274069e-01 -3.360392468515e+00
16.970000 -9.155501377221e-01 -3.282125064525e+00
16.980000 -9.479716615430e-01 -3.201857448428e+00
16.990000 -9.795810602573e-01 -3.119721809638e+00
17.000000 -1.010360300937e+00 -3.035847014551e+00
17.010000 -1.040292620774e+00 -2.950358149185e+00
17.020000 -1.069362487231e+00 -2.863376120038e+00
17.030000 -1.097555554489e+00 -2.775017312574e+00
17.040000 -1.124858616771e+00 -2.685393306143e+00
17.050000 -1.151259559079e+00 -2.594610643581e+00
17.060000 -1.176747305898e+00 -2.502770653283e+00
17.070000 -1.201311768373e+00 -2.409969321182e+00
17.080000 -1.224943790439e+00 -2.316297209783e+00
17.090000 -1.247635094366e+00 -2.221839421181e+00
17.100000 -1.269378226144e+00 -2.126675600884e+00
17.110000 -1.290166501094e+00 -2.030879979182e+00
17.120000 -1.309993950064e+00 -1.934521446792e+00
17.130000 -1.328855266544e+00 -1.837663661568e+00
17.140000 -1.346745754989e+00 -1.740365183129e+00
17.150000 -1.363661280614e+00 -1.642679632397e+00
17.160000 -1.379598220898e+00 -1.544655873190e+00
17.170000 -1.394553419003e+00 -1.446338213153e+00
17.180000 -1.408524139286e+00 -1.347766621551e+00
17.190000 -1.421508025071e+00 -1.248976961600e+00
17.200000 -1.433503058794e+00 -1.150001235237e+00
17.210000 -1.444507524668e+00 -1.050867838436e+00
17.220000 -1.454519973932e+00 -9.516018253615e-01
17.230000 -1.463539192787e+00 -8.522251798808e-01
17.240000 -1.471564173073e+00 -7.527570930940e-01
17.250000 -1.478594085755e+00 -6.532142457674e-01
17.260000 -1.484628257244e+00 -5.536110946872e-01
17.270000 -1.489666148604e+00 -4.539601621107e-01
17.280000 -1.493707337666e+00 -3.542723276268e-01
17.290000 -1.496751504065e+00 -2.545571218533e-01
17.300000 -1.498798417226e+00 -1.548230214991e-01
17.310000 -1.499847927307e+00 -5.507774540382e-02
17.320000 -1.499899959097e+00 4.467144876843e-02
17.330000 -1.498954508898e+00 1.444174674568e-01
17.340000 -1.497011644362e+00 2.441530840010e-01
17.350000 -1.494071507313e+00 3.438706415438e-01
17.360000 -1.490134319532e+00 4.435617562862e-01
17.370000 -1.485200391504e+00 5.432170213649e-01
17.380000 -1.479270134130e+00 6.428257116714e-01
17.390000 -1.472344073380e+00 7.423754899919e-01
17.400000 -1.464422867871e+00 8.418521149304e-01
17.410000 -1.455507329367e+00 9.412391511758e-01
17.420000 -1.445598446147e+00 1.040517682789e+00
17.430000 -1.434697409237e+00 1.139666030320e+00
17.440000 -1.422805641434e+00 1.238659472710e+00
17.450000 -1.409924829090e+00 1.337469975100e+00
17.460000 -1.396056956582e+00 1.436065923840e+00
17.470000 -1.381204343393e+00 1.534411870176e+00
17.480000 -1.365369683694e+00 1.632468284291e+00
17.490000 -1.348556088342e+00 1.730191321585e+00
17.500000 -1.330767129134e+00 1.827532603264e+00
17.510000 -1.312006885178e+00 1.924439013527e+00
17.520000 -1.292279991201e+00 2.020852515842e+00
17.530000 -1.271591687581e+00 2.116709990973e+00
17.540000 -1.249947871887e+00 2.211943099612e+00
17.550000 -1.227355151652e+00 2.306478172617e+00
17.560000 -1.203820898091e+00 2.400236131971e+00
17.570000 -1.179353300448e+00 2.493132445690e+00
17.580000 -1.153961420603e+00 2.585077119930e+00
17.590000 -1.127655247571e+00 2.675974731554e+00
17.600000 -1.100445751442e+00 2.765724504373e+00
17.610000 -1.072344936341e+00 2.854220432119e+00
17.620000 -1.043365891912e+00 2.941351451032e+00
17.630000 -1.013522842807e+00 3.027001664685e+00
17.640000 -9.828311956647e-01 3.111050623266e+00
17.650000 -9.513075830161e-01 3.193373659133e+00
17.660000 -9.189699035436e-01 3.273842279915e+00
17.670000 -8.858373581206e-01 3.352324619787e+00
17.680000 -8.519304810479e-01 3.428685948854e+00
17.690000 -8.172711659078e-01 3.502789239791e+00
17.700000 -7.818826854732e-01 3.574495790003e+00
17.710000 -7.457897051277e-01 3.643665896649e+00
17.720000 -7.090182892861e-01 3.710159580910e+00
17.730000 -6.715959003446e-01 3.773837356850e+00
17.740000 -6.335513897427e-01 3.834561039236e+00
17.750000 -5.949149807797e-01 3.892194583659e+00
17.760000 -5.557182428992e-01 3.946604951363e+00
17.770000 -5.159940572373e-01 3.997662990284e+00
17.780000 -4.757765733173e-01 4.045244323013e+00
17.790000 -4.351011568720e-01 4.089230231732e+00
17.800000 -3.940043288746e-01 4.129508529648e+00
17.810000 -3.525236959682e-01 4.165974408097e+00
17.820000 -3.106978725914e-01 4.198531248366e+00
17.830000 -2.685663952079e-01 4.227091387295e+00
17.840000 -2.261696291552e-01 4.251576826058e+00
17.850000 -1.835486687326e-01 4.271919871979e+00
17.860000 -1.407452312450e-01 4.288063703991e+00
17.870000 -9.780154580933e-02 4.299962853312e+00
17.880000 -5.476023781008e-02 4.307583592005e+00
17.890000 -1.166420995407e-02 4.310904223451e+00
17.900000 3.144347906874e-02 4.309915270221e+00
17.910000 7.451973727743e-02 4.304619556378e+00
17.920000 1.175215623815e-01 4.295032182941e+00
17.930000 1.604061639833e-01 4.281180396874e+00
17.940000 2.031310839463e-01 4.263103355677e+00
17.950000 2.456543139017e-01 4.240851791244e+00
17.960000 2.879344089108e-01 4.214487578213e+00
17.970000 3.299305963611e-01 4.184083213406e+00
17.980000 3.716028792435e-01 4.149721214220e+00
17.990000 4.129121330461e-01 4.111493444867e+00
18.000000 4.538201955884e-01 4.069500380230e+00
18.010000 4.942899492272e-01 4.023850317707e+00
18.020000 5.342853949638e-01 3.974658547839e+00
18.030000 5.737717180984e-01 3.922046494684e+00
18.040000 6.127153451820e-01 3.866140836858e+00
18.050000 6.510839921267e-01 3.807072619938e+00
18.060000 6.888467034401e-01 3.744976370480e+00
18.070000 7.259738826484e-01 3.679989221308e+00
18.080000 7.624373140660e-01 3.612250057023e+00
18.090000 7.982101761560e-01 3.541898687812e+00
18.100000 8.332670467998e-01 3.469075058741e+00
18.110000 8.675839008642e-01 3.393918500719e+00
18.120000 9.011381005075e-01 3.316567028307e+00
18.130000 9.339083787165e-01 3.237156688564e+00
18.140000 9.658748166006e-01 3.155820964092e+00
18.150000 9.970188149966e-01 3.072690232502e+00
18.160000 1.027323060957e+00 2.987891283642e+00
18.170000 1.056771489700e+00 2.901546895052e+00
18.180000 1.085349242607e+00 2.813775465386e+00
18.190000 1.113042621839e+00 2.724690704872e+00
18.200000 1.139839042134e+00 2.634401381270e+00
18.210000 1.165726980340e+00 2.543011119323e+00
18.220000 1.190695923194e+00 2.450618251270e+00
18.230000 1.214736313850e+00 2.357315715696e+00
18.240000 1.237839497632e+00 2.263191001720e+00
18.250000 1.259997667431e+00 2.168326135393e+00
18.260000 1.281203809178e+00 2.072797705071e+00
18.270000 1.301451647735e+00 1.976676922485e+00
18.280000 1.320735593579e+00 1.880029716271e+00
18.290000 1.339050690556e+00 1.782916854789e+00
18.300000 1.356392565007e+00 1.685394095136e+00
18.310000 1.372757376493e+00 1.587512355447e+00
18.320000 1.388141770363e+00 1.489317907700e+00
18.330000 1.402542832320e+00 1.390852588441e+00
18.340000 1.415958045197e+00 1.292154025030e+00
18.350000 1.428385248045e+00 1.193255875227e+00
18.360000 1.439822597687e+00 1.094188078121e+00
18.370000 1.450268532826e+00 9.949771146203e-01
18.380000 1.459721740798e+00 8.956462759195e-01
18.390000 1.468181127047e+00 7.962159385530e-01
18.400000 1.475645787373e+00 6.967038448162e-01
18.410000 1.482114983016e+00 5.971253875150e-01
18.420000 1.487588118595e+00 4.974938981575e-01
18.430000 1.492064722948e+00 3.978209378382e-01
18.440000 1.495544432891e+00 2.981165901968e-01
18.450000 1.498026979919e+00 1.983897559366e-01
18.460000 1.499512179848e+00 9.864844847997e-02
18.470000 1.499999925427e+00 -1.099909587021e-03
18.480000 1.499490181916e+00 -1.008481895762e-01
18.490000 1.497982985628e+00 -2.005892595221e-01
18.500000 1.495478445451e+00 -3.003156870094e-01
18.510000 1.491976747338e+00 -4.000194422424e-01
18.520000 1.487478161761e+00 -4.996916016149e-01
18.530000 1.481983054129e+00 -5.993220520751e-01
18.540000 1.475491898159e+00 -6.988991966372e-01
18.550000 1.468005292176e+00 -7.984096614627e-01
18.560000 1.459523978341e+00 -8.978380050275e-01
18.570000 1.450048864772e+00 -9.971664299989e-01
18.580000 1.439581050525e+00 -1.096374498570e+00
18.590000 1.428121853409e+00 -1.195438852146e+00
18.600000 1.415672840569e+00 -1.294332936423e+00
18.610000 1.402235861793e+00 -1.393026733079e+00
18.620000 1.387813085461e+00 -1.491486499478e+00
18.630000 1.372407037050e+00 -1.589674517971e+00
18.640000 1.356020640092e+00 -1.687548856582e+00
18.650000 1.338657259457e+00 -1.785063143082e+00
18.660000 1.320320746820e+00 -1.882166354627e+00
18.670000 1.301015488152e+00 -1.978802625381e+00
18.680000 1.280746453019e+00 -2.074911074701e+00
18.690000 1.259519245498e+00 -2.170425658660e+00
18.700000 1.237340156442e+00 -2.265275047851e+00
18.710000 1.214216216826e+00 -2.359382534531e+00
18.720000 1.190155251860e+00 -2.452665972306e+00
18.730000 1.165165935530e+00 -2.545037751580e+00
18.740000 1.139257845189e+00 -2.636404814059e+00
18.750000 1.112441515800e+00 -2.726668709521e+00
18.760000 1.084728493380e+00 -2.815725698007e+00
18.770000 1.056131387190e+00 -2.903466900405e+00
18.780000 1.026663920159e+00 -2.989778500150e+00
18.790000 9.963409770270e-01 -3.074541998472e+00
18.800000 9.651786496623e-01 -3.157634525183e+00
18.810000 9.331942789835e-01 -3.238929206521e+00
18.820000 9.004064929148e-01 -3.318295590977e+00
18.830000 8.668352397912e-01 -3.395600133357e+00
18.840000 8.325018166344e-01 -3.470706736571e+00
18.850000 7.974288917272e-01 -3.543477349810e+00
18.860000 7.616405209324e-01 -3.613772620870e+00
18.870000 7.251621572320e-01 -3.681452599419e+00
18.880000 6.880206529945e-01 -3.746377487013e+00
18.890000 6.502442545311e-01 -3.808408428657e+00
18.900000 6.118625885529e-01 -3.867408339702e+00
18.910000 5.729066402127e-01 -3.923242760867e+00
18.920000 5.334087224888e-01 -3.975780733305e+00
18.930000 4.934024367556e-01 -4.024895684720e+00
18.940000 4.529226244772e-01 -4.070466316896e+00
18.950000 4.120053100617e-01 -4.112377484335e+00
18.960000 3.706876350180e-01 -4.150521053340e+00
18.970000 3.290077836644e-01 -4.184796730596e+00
18.980000 2.870049007504e-01 -4.215112850293e+00
18.990000 2.447190014592e-01 -4.241387109005e+00
19.000000 2.021908743665e-01 -4.263547237962e+00
19.010000 1.594619780297e-01 -4.281531602960e+00
19.020000 1.165743319783e-01 -4.295289723045e+00
19.030000 7.357040295572e-02 -4.304782700125e+00
19.040000 3.049298733914e-02 -4.309983552932e+00
19.050000 -1.261490928035e-02 -4.310877450176e+00
19.060000 -5.571019432899e-02 -4.307461839210e+00
19.070000 -9.874981123680e-02 -4.299746468219e+00
19.080000 -1.416908621113e-01 -4.287753301561e+00
19.090000 -1.844907290353e-01 -4.271516329603e+00
19.100000 -2.271071929473e-01 -4.251081276026e+00
19.110000 -2.694985491005e-01 -4.226505207158e+00
19.120000 -3.116237181501e-01 -4.197856049359e+00
19.130000 -3.534423519842e-01 -4.165212021772e+00
19.140000 -3.949149334947e-01 -4.128660992926e+00
19.150000 -4.360028695715e-01 -4.088299770598e+00
19.160000 -4.766685767046e-01 -4.044233335067e+00
19.170000 -5.168755586786e-01 -3.996574026404e+00
19.180000 -5.565884759570e-01 -3.945440696705e+00
19.190000 -5.957732064588e-01 -3.890957838249e+00
19.200000 -6.343968975408e-01 -3.833254698384e+00
19.210000 -6.724280091076e-01 -3.772464391607e+00
19.220000 -7.098363478685e-01 -3.708723018789e+00
19.230000 -7.465930928628e-01 -3.642168802804e+00
19.240000 -7.826708124580e-01 -3.572941249036e+00
19.250000 -8.180434731097e-01 -3.501180338354e+00
19.260000 -8.526864402421e-01 -3.427025759177e+00
19.270000 -8.865764716677e-01 -3.350616184246e+00
19.280000 -9.196917040186e-01 -3.272088596727e+00
19.290000 -9.520116327002e-01 -3.191577669256e+00
19.300000 -9.835170859125e-01 -3.109215198543e+00
19.310000 -1.014190193301e+00 -3.025129597262e+00
19.320000 -1.044014349820e+00 -2.939445444062e+00
19.330000 -1.072974175381e+00 -2.852283091746e+00
19.340000 -1.101055470881e+00 -2.763758332975e+00
19.350000 -1.128245171158e+00 -2.673982122197e+00
19.360000 -1.154531295452e+00 -2.583060352016e+00
19.370000 -1.179902895882e+00 -2.491093681717e+00
19.380000 -1.204350004469e+00 -2.398177415355e+00
19.390000 -1.227863579163e+00 -2.304401426520e+00
19.400000 -1.250435449350e+00 -2.209850126689e+00
19.410000 -1.272058261241e+00 -2.114602473978e+00
19.420000 -1.292725423537e+00 -2.018732019017e+00
19.430000 -1.312431053727e+00 -1.922306984701e+00
19.440000 -1.331169925339e+00 -1.825390376599e+00
19.450000 -1.348937416435e+00 -1.728040120892e+00
19.460000 -1.365729459608e+00 -1.630309226858e+00
19.470000 -1.381542493719e+00 -1.532245971043e+00
19.480000 -1.396373417571e+00 -1.433894100470e+00
19.490000 -1.410219545697e+00 -1.335293052384e+00
19.500000 -1.423078566425e+00 -1.236478188269e+00
19.510000 -1.434948502341e+00 -1.137481040051e+00
19.520000 -1.445827673266e+00 -1.038329566623e+00
19.530000 -1.455714661846e+00 -9.390484190059e-01
19.540000 -1.464608281831e+00 -8.396592126863e-01
19.550000 -1.472507549106e+00 -7.401808058309e-01
19.560000 -1.479411655528e+00 -6.406295822634e-01
19.570000 -1.485319945613e+00 -5.410197382520e-01
19.580000 -1.490231896109e+00 -4.413635723009e-01
19.590000 -1.494147098477e+00 -3.416717772725e-01
19.600000 -1.497065244302e+00 -2.419537342809e-01
19.610000 -1.498986113651e+00 -1.422178078976e-01
19.620000 -1.499909566388e+00 -4.247164229088e-02
19.630000 -1.499835536452e+00 5.727754201865e-02
19.640000 -1.498764029108e+00 1.570226510558e-01
19.650000 -1.496695121166e+00 2.567564201883e-01
19.660000 -1.493628964173e+00 3.564711170602e-01
19.670000 -1.489565790574e+00 4.561582449096e-01
19.680000 -1.484505922841e+00 5.558082465465e-01
19.690000 -1.478449785544e+00 6.554102093165e-01
19.700000 -1.471397920387e+00 7.549515714386e-01
19.710000 -1.463351004151e+00 8.544178301914e-01
19.720000 -1.454309869557e+00 9.537922525216e-01
19.730000 -1.444275529001e+00 1.053055588768e+00
19.740000 -1.433249201138e+00 1.152185790327e+00
19.750000 -1.421232340264e+00 1.251157732236e+00
19.760000 -1.408226668437e+00 1.349942941817e+00
19.770000 -1.394234210284e+00 1.448509334696e+00
19.780000 -1.379257330404e+00 1.546820959702e+00
19.790000 -1.363298773262e+00 1.644837754349e+00
19.800000 -1.346361705480e+00 1.742515312803e+00
19.810000 -1.328449760365e+00 1.839804668436e+00
19.820000 -1.309567084541e+00 1.936652093292e+00
19.830000 -1.289718386479e+00 2.032998916953e+00
19.840000 -1.268908986739e+00 2.128781367516e+00
19.850000 -1.247144869680e+00 2.223930437551e+00
19.860000 -1.224432736364e+00 2.318371778038e+00
19.870000 -1.200780058380e+00 2.412025623448e+00
19.880000 -1.176195132238e+00 2.504806751161e+00
19.890000 -1.150687133988e+00 2.596624478512e+00
19.900000 -1.124266173668e+00 2.687382700707e+00
19.910000 -1.096943349152e+00 2.776979972796e+00
19.920000 -1.068730798945e+00 2.865309638764e+00
19.930000 -1.039641753447e+00 2.952260010588e+00
19.940000 -1.009690584151e+00 3.037714599819e+00
19.950000 -9.788928502713e-01 3.121552403896e+00
19.960000 -9.472653422117e-01 3.203648248910e+00
19.970000 -9.148261213281e-01 3.283873190038e+00
19.980000 -8.815945553924e-01 3.362094970178e+00
19.990000 -8.475913491804e-01 3.438178536638e+00
20.000000 -8.128385696049e-01 3.511986614904e+00
