0.000000 1.500000000000e+00 0.000000000000e+00
0.010000 1.499501252507e+00 -9.974772845723e-02
0.020000 1.498005045431e+00 -1.994883017971e-01
0.030000 1.495511486471e+00 -2.992142677429e-01
0.040000 1.492020760076e+00 -3.989175799392e-01
0.050000 1.487533134872e+00 -4.985893015328e-01
0.060000 1.482048974045e+00 -5.982193095486e-01
0.070000 1.475568748681e+00 -6.977960004123e-01
0.080000 1.468093054037e+00 -7.973059970436e-01
0.090000 1.459622628740e+00 -8.967338580363e-01
0.100000 1.450158376876e+00 -9.960617895476e-01
0.110000 1.439701392949e+00 -1.095269360647e+00
0.120000 1.428252989663e+00 -1.194333223013e+00
0.130000 1.415814728489e+00 -1.293226836025e+00
0.140000 1.402388452943e+00 -1.391920198462e+00
0.150000 1.387976324520e+00 -1.490379588210e+00
0.160000 1.372580861179e+00 -1.588567311563e+00
0.170000 1.356204978288e+00 -1.686441463900e+00
0.180000 1.338852031901e+00 -1.783955703738e+00
0.190000 1.320525864214e+00 -1.881059042345e+00
0.200000 1.301230851054e+00 -1.977695651316e+00
0.210000 1.280971951187e+00 -2.073804690695e+00
0.220000 1.259754757240e+00 -2.169320160420e+00
0.230000 1.237585547979e+00 -2.264170778019e+00
0.240000 1.214471341680e+00 -2.358279885631e+00
0.250000 1.190419950266e+00 -2.451565389525e+00
0.260000 1.165440033889e+00 -2.543939735364e+00
0.270000 1.139541155559e+00 -2.635309922479e+00
0.280000 1.112733835439e+00 -2.725577560378e+00
0.290000 1.085029604351e+00 -2.814638970633e+00
0.300000 1.056441056027e+00 -2.902385337119e+00
0.310000 1.026981897609e+00 -2.988702907320e+00
0.320000 9.966669978804e-01 -3.073473247147e+00
0.330000 9.655124326662e-01 -3.156573551236e+00
0.340000 9.335355268557e-01 -3.237877010274e+00
0.350000 9.007548924607e-01 -3.317253236251e+00
0.360000 8.671904621307e-01 -3.394568745914e+00
0.370000 8.328635175424e-01 -3.469687501905e+00
0.380000 7.977967120926e-01 -3.542471510260e+00
0.390000 7.620140873372e-01 -3.612781472026e+00
0.400000 7.255410826521e-01 -3.680477485799e+00
0.410000 6.884045376213e-01 -3.745419797009e+00
0.420000 6.506326867119e-01 -3.807469588750e+00
0.430000 6.122551458463e-01 -3.866489807943e+00
0.440000 5.733028905530e-01 -3.922346019676e+00
0.450000 5.338082254527e-01 -3.974907281594e+00
0.460000 4.938047449211e-01 -4.024047029417e+00
0.470000 4.533272848644e-01 -4.069643963918e+00
0.480000 4.124118656428e-01 -4.111582929096e+00
0.490000 3.710956262825e-01 -4.149755770882e+00
0.500000 3.294167502251e-01 -4.184062165452e+00
0.510000 2.874143829734e-01 -4.214410406185e+00
0.520000 2.451285421014e-01 -4.240718138515e+00
0.530000 2.026000202031e-01 -4.262913032295e+00
0.540000 1.598702814555e-01 -4.280933381940e+00
0.550000 1.169813525644e-01 -4.294728625478e+00
0.560000 7.397570894599e-02 -4.304259774664e+00
0.570000 3.089615707106e-02 -4.309499749586e+00
0.580000 -1.221428604573e-02 -4.310433612562e+00
0.590000 -5.531251518018e-02 -4.307058697697e+00
0.600000 -9.835545999967e-02 -4.299384634038e+00
0.610000 -1.413002078609e-01 -4.287433261978e+00
0.620000 -1.841041252392e-01 -4.271238444228e+00
0.630000 -2.267249767455e-01 -4.250845774299e+00
0.640000 -2.691210407252e-01 -4.226312187053e+00
0.650000 -3.112512204865e-01 -4.197705477302e+00
0.660000 -3.530751502713e-01 -4.165103733779e+00
0.670000 -3.945532951621e-01 -4.128594696918e+00
0.680000 -4.356470442096e-01 -4.088275049842e+00
0.690000 -4.763187961590e-01 -4.044249652688e+00
0.700000 -5.165320372634e-01 -3.996630730871e+00
0.710000 -5.562514107764e-01 -3.945537028208e+00
0.720000 -5.954427778275e-01 -3.891092935847e+00
0.730000 -6.340732694933e-01 -3.833427607818e+00
0.740000 -6.721113299839e-01 -3.772674073661e+00
0.750000 -7.095267509665e-01 -3.708968358065e+00
0.760000 -7.462906971452e-01 -3.642448616797e+00
0.770000 -7.823757233025e-01 -3.573254297391e+00
0.780000 -8.177557830930e-01 -3.501525332179e+00
0.790000 -8.524062299461e-01 -3.427401370313e+00
0.800000 -8.863038104993e-01 -3.351021054389e+00
0.810000 -9.194266510339e-01 -3.272521346313e+00
0.820000 -9.517542374255e-01 -3.192036906020e+00
0.830000 -9.832673891543e-01 -3.109699525696e+00
0.840000 -1.013948227939e+00 -3.025637621212e+00
0.850000 -1.043780141578e+00 -2.939975781642e+00
0.860000 -1.072747743572e+00 -2.852834376908e+00
0.870000 -1.100836829117e+00 -2.764329222917e+00
0.880000 -1.128034328031e+00 -2.674571302925e+00
0.890000 -1.154328255175e+00 -2.583666543310e+00
0.900000 -1.179707658897e+00 -2.491715641521e+00
0.910000 -1.204162568006e+00 -2.398813943589e+00
0.920000 -1.227683937769e+00 -2.305051368332e+00
0.930000 -1.250263595372e+00 -2.210512375166e+00
0.940000 -1.271894185272e+00 -2.115275972336e+00
0.950000 -1.292569114819e+00 -2.019415762309e+00
0.960000 -1.312282500518e+00 -1.923000021061e+00
0.970000 -1.331029115240e+00 -1.826091808057e+00
0.980000 -1.348804336679e+00 -1.728749103801e+00
0.990000 -1.365604097316e+00 -1.631024971951e+00
1.000000 -1.381424836118e+00 -1.532967743173e+00
1.010000 -1.396263452180e+00 -1.434621218047e+00
1.020000 -1.410117260479e+00 -1.336024886551e+00
1.030000 -1.422983949911e+00 -1.237214161843e+00
1.040000 -1.434861543716e+00 -1.138220626266e+00
1.050000 -1.445748362436e+00 -1.039072287681e+00
1.060000 -1.455642989470e+00 -9.397938444898e-01
1.070000 -1.464544239326e+00 -8.404069578307e-01
1.080000 -1.472451128626e+00 -7.409305296870e-01
1.090000 -1.479362849919e+00 -6.413809857698e-01
1.100000 -1.485278748342e+00 -5.417725622299e-01
1.110000 -1.490198301164e+00 -4.421175953870e-01
1.120000 -1.494121100249e+00 -3.424268138013e-01
1.130000 -1.497046837440e+00 -2.427096321272e-01
1.140000 -1.498975292892e+00 -1.429744462871e-01
1.150000 -1.499906326366e+00 -4.322892958598e-02
1.160000 -1.499839871484e+00 5.651967055349e-02
1.170000 -1.498775932955e+00 1.562642355049e-01
1.180000 -1.496714586774e+00 2.559974782495e-01
1.190000 -1.493655983390e+00 3.557116463232e-01
1.200000 -1.489600353847e+00 4.553982251462e-01
1.210000 -1.484548018887e+00 5.550476420153e-01
1.220000 -1.478499401007e+00 6.546489710822e-01
1.230000 -1.471455039465e+00 7.541896397083e-01
1.240000 -1.463415608213e+00 8.536551366708e-01
1.250000 -1.454381936732e+00 9.530287227937e-01
1.260000 -1.444355033757e+00 1.052291144697e+00
1.270000 -1.433336113838e+00 1.151420352488e+00
1.280000 -1.421326626707e+00 1.250391222381e+00
1.290000 -1.408328289390e+00 1.349175285367e+00
1.300000 -1.394343121000e+00 1.447740463269e+00
1.310000 -1.379373480125e+00 1.546050813678e+00
1.320000 -1.363422104726e+00 1.644066285469e+00
1.330000 -1.346492154416e+00 1.741742486795e+00
1.340000 -1.328587254990e+00 1.839030467679e+00
1.350000 -1.309711545062e+00 1.935876519497e+00
1.360000 -1.289869724600e+00 2.032221993863e+00
1.370000 -1.269067105185e+00 2.128003143620e+00
1.380000 -1.247309661728e+00 2.223150988787e+00
1.390000 -1.224604085409e+00 2.317591210488e+00
1.400000 -1.200957837518e+00 2.411244075988e+00
1.410000 -1.176379203889e+00 2.504024398071e+00
1.420000 -1.150877349557e+00 2.595841532002e+00
1.430000 -1.124462373249e+00 2.686599413346e+00
1.440000 -1.097145361290e+00 2.776196639809e+00
1.450000 -1.068938440453e+00 2.864526600169e+00
1.460000 -1.039854829286e+00 2.951477653142e+00
1.470000 -1.009908887390e+00 3.036933358726e+00
1.480000 -9.791161621119e-01 3.120772764248e+00
1.490000 -9.474934321052e-01 3.202870746818e+00
1.500000 -9.150587471756e-01 3.283098413410e+00
1.510000 -8.818314638370e-01 3.361323559104e+00
1.520000 -8.478322759935e-01 3.437411183340e+00
1.530000 -8.130832401702e-01 3.511224063210e+00
1.540000 -7.776077947293e-01 3.582623381960e+00
1.550000 -7.414307725310e-01 3.651469409911e+00
1.560000 -7.045784065310e-01 3.717622234067e+00
1.570000 -6.670783278496e-01 3.780942531640e+00
1.580000 -6.289595558983e-01 3.841292381725e+00
1.590000 -5.902524802151e-01 3.898536108375e+00
1.600000 -5.509888337307e-01 3.952541147351e+00
1.610000 -5.112016572681e-01 4.003178927962e+00
1.620000 -4.709252551715e-01 4.050325760638e+00
1.630000 -4.301951420553e-01 4.093863720213e+00
1.640000 -3.890479807672e-01 4.133681514398e+00
1.650000 -3.475215117674e-01 4.169675326607e+00
1.660000 -3.056544742351e-01 4.201749622184e+00
1.670000 -2.634865193237e-01 4.229817907134e+00
1.680000 -2.210581160924e-01 4.253803428804e+00
1.690000 -1.784104507476e-01 4.273639808475e+00
1.700000 -1.355853199229e-01 4.289271596581e+00
1.710000 -9.262501881601e-02 4.300654742251e+00
1.720000 -4.957222507791e-02 4.307756970031e+00
1.730000 -6.469879415403e-03 4.310558057964e+00
1.740000 3.663893608138e-02 4.309050012718e+00
1.750000 7.971112083895e-02 4.303237138987e+00
1.760000 1.227036788611e-01 4.293136002107e+00
1.770000 1.655738408811e-01 4.278775284443e+00
1.780000 2.082791845500e-01 4.260195537822e+00
1.790000 2.507777516375e-01 4.237448835877e+00
1.800000 2.930281612675e-01 4.210598331668e+00
1.810000 3.349897182709e-01 4.179717727354e+00
1.820000 3.766225158146e-01 4.144890663888e+00
1.830000 4.178875315487e-01 4.106210039751e+00
1.840000 4.587467166096e-01 4.063777268552e+00
1.850000 4.991630769197e-01 4.017701485923e+00
1.860000 5.391007463281e-01 3.968098716529e+00
1.870000 5.785250512503e-01 3.915091012140e+00
1.880000 6.174025665709e-01 3.858805571671e+00
1.890000 6.557011626837e-01 3.799373853824e+00
1.900000 6.933900436474e-01 3.736930692506e+00
1.910000 7.304397765338e-01 3.671613424610e+00
1.920000 7.668223121395e-01 3.603561038985e+00
1.930000 8.025109973135e-01 3.532913354585e+00
1.940000 8.374805792312e-01 3.459810234836e+00
1.950000 8.717072020102e-01 3.384390844308e+00
1.960000 9.051683961174e-01 3.306792952733e+00
1.970000 9.378430610649e-01 3.227152290445e+00
1.980000 9.697114419263e-01 3.145601958277e+00
1.990000 1.000755100230e+00 3.062271894051e+00
2.000000 1.030956879807e+00 2.977288396868e+00
2.010000 1.060300868168e+00 2.890773709603e+00
2.020000 1.088772353999e+00 2.802845659250e+00
2.030000 1.116357781353e+00 2.713617354107e+00
2.040000 1.143044701082e+00 2.623196936222e+00
2.050000 1.168821720077e+00 2.531687387034e+00
2.060000 1.193678448822e+00 2.439186383739e+00
2.070000 1.217605447752e+00 2.345786203629e+00
2.080000 1.240594172895e+00 2.251573673394e+00
2.090000 1.262636921220e+00 2.156630160230e+00
2.100000 1.283726776099e+00 2.061031601531e+00
2.110000 1.303857553251e+00 1.964848569882e+00
2.120000 1.323023747497e+00 1.868146370133e+00
2.130000 1.341220480653e+00 1.770985165366e+00
2.140000 1.358443450804e+00 1.673420128733e+00
2.150000 1.374688883228e+00 1.575501618224e+00
2.160000 1.389953483169e+00 1.477275371629e+00
2.170000 1.404234390660e+00 1.378782719130e+00
2.180000 1.417529137551e+00 1.280060811162e+00
2.190000 1.429835606884e+00 1.181142859351e+00
2.200000 1.441151994738e+00 1.082058388595e+00
2.210000 1.451476774656e+00 9.828334985136e-01
2.220000 1.460808664709e+00 8.834911327017e-01
2.230000 1.469146597310e+00 7.840513544250e-01
2.240000 1.476489691797e+00 6.845316275593e-01
2.250000 1.482837229861e+00 5.849471017505e-01
2.260000 1.488188633832e+00 4.853109009267e-01
2.270000 1.492543447879e+00 3.856344144296e-01
2.280000 1.495901322121e+00 2.859275901581e-01
2.290000 1.498261999682e+00 1.861992292215e-01
2.300000 1.499625306705e+00 8.645728168768e-02
2.310000 1.499991145316e+00 -1.329085691418e-02
2.320000 1.499359489567e+00 -1.130380486286e-01
2.330000 1.497730384344e+00 -2.127771159003e-01
2.340000 1.495103947249e+00 -3.125005444331e-01
2.350000 1.491480373455e+00 -4.122001863214e-01
2.360000 1.486859943523e+00 -5.118669637188e-01
2.370000 1.481243034181e+00 -6.114905733456e-01
2.380000 1.474630132056e+00 -7.110591921937e-01
2.390000 1.467021850337e+00 -8.105591848668e-01
2.400000 1.458418948358e+00 -9.099748130821e-01
2.410000 1.448822354075e+00 -1.009287947975e+00
2.420000 1.438233189399e+00 -1.108477785972e+00
2.430000 1.426652798356e+00 -1.207520569144e+00
2.440000 1.414082778016e+00 -1.306389311101e+00
2.450000 1.400525012134e+00 -1.405053529678e+00
2.460000 1.385981707422e+00 -1.503478987820e+00
2.470000 1.370455432377e+00 -1.601627444295e+00
2.480000 1.353949158536e+00 -1.699456416031e+00
2.490000 1.336466304057e+00 -1.796918954114e+00
2.500000 1.318010779454e+00 -1.893963435649e+00
2.510000 1.298587035344e+00 -1.990533373920e+00
2.520000 1.278200111976e+00 -2.086567249460e+00
2.530000 1.256855690354e+00 -2.181998364816e+00
2.540000 1.234560144679e+00 -2.276754725976e+00
2.550000 1.211320595835e+00 -2.370758953530e+00
2.560000 1.187144965609e+00 -2.463928226772e+00
2.570000 1.162042031299e+00 -2.556174263964e+00
2.580000 1.136021480330e+00 -2.647403342059e+00
2.590000 1.109093964458e+00 -2.737516359074e+00
2.600000 1.081271153148e+00 -2.826408942258e+00
2.610000 1.052565785613e+00 -2.913971604973e+00
2.620000 1.022991721049e+00 -3.000089955013e+00
2.630000 9.925639865129e-01 -3.084644956694e+00
2.640000 9.612988219147e-01 -3.167513248689e+00
2.650000 9.292137215391e-01 -3.248567519019e+00
2.660000 8.963274715344e-01 -3.327676938073e+00
2.670000 8.626601827777e-01 -3.404707649783e+00
2.680000 8.282333185387e-01 -3.479523320380e+00
2.690000 7.930697163701e-01 -3.551985743243e+00
2.700000 7.571936036738e-01 -3.621955497512e+00
2.710000 7.206306064198e-01 -3.689292657117e+00
2.720000 6.834077505315e-01 -3.753857545920e+00
2.730000 6.455534555014e-01 -3.815511533636e+00
2.740000 6.070975198588e-01 -3.874117866180e+00
2.750000 5.680710981778e-01 -3.929542523172e+00
2.760000 5.285066693953e-01 -3.981655094338e+00
2.770000 4.884379962911e-01 -4.030329665799e+00
2.780000 4.479000760794e-01 -4.075445706472e+00
2.790000 4.069290821616e-01 -4.116888944284e+00
2.800000 3.655622971937e-01 -4.154552221451e+00
2.810000 3.238380377326e-01 -4.188336317919e+00
2.820000 2.817955708353e-01 -4.218150731990e+00
2.830000 2.394750230928e-01 -4.243914407437e+00
2.840000 1.969172826866e-01 -4.265556396791e+00
2.850000 1.541638951570e-01 -4.283016451170e+00
2.860000 1.112569536632e-01 -4.296245527907e+00
2.870000 6.823898459884e-02 -4.305206208290e+00
2.880000 2.515282949738e-02 -4.309873019014e+00
2.890000 -1.795847578144e-02 -4.310232652357e+00
2.900000 -6.105182354976e-02 -4.306284081634e+00
2.910000 -1.040841574141e-01 -4.298038570118e+00
2.920000 -1.470125949521e-01 -4.285519573284e+00
2.930000 -1.897945488798e-01 -4.268762535912e+00
2.940000 -2.323878456704e-01 -4.247814587232e+00
2.950000 -2.747508406244e-01 -4.222734138845e+00
2.960000 -3.168425284473e-01 -4.193590391596e+00
2.970000 -3.586226484564e-01 -4.160462758881e+00
2.980000 -4.000517836249e-01 -4.123440214968e+00
2.990000 -4.410914527557e-01 -4.082620577841e+00
3.000000 -4.817041951817e-01 -4.038109736763e+00
3.010000 -5.218536474910e-01 -3.990020835221e+00
3.020000 -5.615046118861e-01 -3.938473420200e+00
3.030000 -6.006231158950e-01 -3.883592568711e+00
3.040000 -6.391764632604e-01 -3.825508002357e+00
3.050000 -6.771332759421e-01 -3.764353200332e+00
3.060000 -7.144635272670e-01 -3.700264520715e+00
3.070000 -7.511385663564e-01 -3.633380339225e+00
3.080000 -7.871311340515e-01 -3.563840213803e+00
3.090000 -8.224153706325e-01 -3.491784082476e+00
3.100000 -8.569668157010e-01 -3.417351501020e+00
3.110000 -8.907624006529e-01 -3.340680925896e+00
3.120000 -9.237804342189e-01 -3.261909046977e+00
3.130000 -9.560005815924e-01 -3.181170173527e+00
3.140000 -9.874038376895e-01 -3.098595675965e+00
3.150000 -1.017972495112e+00 -3.014313485011e+00
3.160000 -1.047690107390e+00 -2.928447648958e+00
3.170000 -1.076541448091e+00 -2.841117949031e+00
3.180000 -1.104512466370e+00 -2.752439572104e+00
3.190000 -1.131590239533e+00 -2.662522839421e+00
3.200000 -1.157762923159e+00 -2.571472989468e+00
3.210000 -1.183019699322e+00 -2.479390012680e+00
3.220000 -1.207350723412e+00 -2.386368535341e+00
3.230000 -1.230747070029e+00 -2.292497749785e+00
3.240000 -1.253200678408e+00 -2.197861387778e+00
3.250000 -1.274704297785e+00 -2.102537733889e+00
3.260000 -1.295251433086e+00 -2.006599675586e+00
3.270000 -1.314836291296e+00 -1.910114786796e+00
3.280000 -1.333453728822e+00 -1.813145441741e+00
3.290000 -1.351099200131e+00 -1.715748955923e+00
3.300000 -1.367768707940e+00 -1.617977751304e+00
3.310000 -1.383458755157e+00 -1.519879542844e+00
3.320000 -1.398166298797e+00 -1.421497543756e+00
3.330000 -1.411888706032e+00 -1.322870687023e+00
3.340000 -1.424623712538e+00 -1.224033860925e+00
3.350000 -1.436369383251e+00 -1.125018156522e+00
3.360000 -1.447124075668e+00 -1.025851125238e+00
3.370000 -1.456886405756e+00 -9.265570449194e-01
3.380000 -1.465655216566e+00 -8.271571928938e-01
3.390000 -1.473429549614e+00 -7.276701247698e-01
3.400000 -1.480208619062e+00 -6.281119578852e-01
3.410000 -1.485991788771e+00 -5.284966584636e-01
3.420000 -1.490778552231e+00 -4.288363316919e-01
3.430000 -1.494568515405e+00 -3.291415140598e-01
3.440000 -1.497361382512e+00 -2.294214674138e-01
3.450000 -1.499156944753e+00 -1.296844742770e-01
3.460000 -1.499955071998e+00 -2.993813406312e-02
3.470000 -1.499755707435e+00 6.981034012605e-02
3.480000 -1.498558865195e+00 1.695538243875e-01
3.490000 -1.496364630947e+00 2.692849868328e-01
3.500000 -1.493173165459e+00 3.689959905706e-01
3.510000 -1.488984711135e+00 4.686781971084e-01
3.520000 -1.483799601516e+00 5.683218704560e-01
3.530000 -1.477618273726e+00 6.679158822627e-01
3.540000 -1.470441283871e+00 7.674474183898e-01
3.550000 -1.462269325359e+00 8.669016874044e-01
3.560000 -1.453103250123e+00 9.662616315821e-01
3.570000 -1.442944092727e+00 1.065507641132e+00
3.580000 -1.431793097300e+00 1.164617272484e+00
3.590000 -1.419651747277e+00 1.263564971644e+00
3.600000 -1.406521797868e+00 1.362321803771e+00
3.610000 -1.392405311202e+00 1.460855190323e+00
3.620000 -1.377304694061e+00 1.559128655296e+00
3.630000 -1.361222738096e+00 1.657101582295e+00
3.640000 -1.344162662415e+00 1.754728984344e+00
3.650000 -1.326128158409e+00 1.851961288591e+00
3.660000 -1.307123436643e+00 1.948744138225e+00
3.670000 -1.287153275645e+00 2.045018214154e+00
3.680000 -1.266223072360e+00 2.140719079144e+00
3.690000 -1.244338894062e+00 2.235777047321e+00
3.700000 -1.221507531414e+00 2.330117082061e+00
3.710000 -1.197736552420e+00 2.423658725418e+00
3.720000 -1.173034356906e+00 2.516316062315e+00
3.730000 -1.147410231174e+00 2.607997722767e+00
3.740000 -1.120874402450e+00 2.698606925383e+00
3.750000 -1.093438092666e+00 2.788041565309e+00
3.760000 -1.065113571144e+00 2.876194349654e+00
3.770000 -1.035914205673e+00 2.962952983204e+00
3.780000 -1.005854511480e+00 3.048200406943e+00
3.790000 -9.749501975345e-01 3.131815091522e+00
3.800000 -9.432182096495e-01 3.213671387339e+00
3.810000 -9.106767697877e-01 3.293639932349e+00
3.820000 -8.773454110025e-01 3.371588118062e+00
3.830000 -8.432450074265e-01 3.447380613475e+00
3.840000 -8.083977987330e-01 3.520879945843e+00
3.850000 -7.728274085096e-01 3.591947136347e+00
3.860000 -7.365588560061e-01 3.660442387739e+00
3.870000 -6.996185607548e-01 3.726225820103e+00
3.880000 -6.620343396040e-01 3.789158249813e+00
3.890000 -6.238353957586e-01 3.849102005809e+00
3.900000 -5.850522994879e-01 3.905921776287e+00
3.910000 -5.457169602328e-01 3.959485477976e+00
3.920000 -5.058625899283e-01 4.009665139295e+00
3.930000 -4.655236574469e-01 4.056337787955e+00
3.940000 -4.247358341692e-01 4.099386332871e+00
3.950000 -3.835359307895e-01 4.138700429857e+00
3.960000 -3.419618255721e-01 4.174177320212e+00
3.970000 -3.000523843853e-01 4.205722631231e+00
3.980000 -2.578473729475e-01 4.233251127812e+00
3.990000 -2.153873618290e-01 4.256687404627e+00
4.000000 -1.727136248549e-01 4.275966508920e+00
4.010000 -1.298680316506e-01 4.291034484765e+00
4.020000 -8.689293515964e-02 4.301848830631e+00
4.030000 -4.383105503802e-02 4.308378863260e+00
4.040000 -7.253578944390e-04 4.310605982250e+00
4.050000 4.238106460698e-02 4.308523831212e+00
4.060000 8.544511872980e-02 4.302138352979e+00
4.070000 1.284238316665e-01 4.291467737985e+00
4.080000 1.712744734895e-01 4.276542266647e+00
4.090000 2.139546769995e-01 4.257404048196e+00
4.100000 2.564225544534e-01 4.234106660061e+00
4.110000 2.986368102007e-01 4.206714693351e+00
4.120000 3.405568483205e-01 4.175303211387e+00
4.130000 3.821428744284e-01 4.139957129400e+00
4.140000 4.233559909085e-01 4.100770524539e+00
4.150000 4.641582849192e-01 4.057845886096e+00
4.160000 5.045129086304e-01 4.011293316466e+00
4.170000 5.443841512485e-01 3.961229693657e+00
4.180000 5.837375025035e-01 3.907777806344e+00
4.190000 6.225397073754e-01 3.851065472310e+00
4.200000 6.607588119497e-01 3.791224650885e+00
4.210000 6.983642003931e-01 3.728390559471e+00
4.220000 7.353266231391e-01 3.662700803656e+00
4.230000 7.716182164662e-01 3.594294529632e+00
4.240000 8.072125137318e-01 3.523311606778e+00
4.250000 8.420844486018e-01 3.449891847339e+00
4.260000 8.762103506786e-01 3.374174269137e+00
4.270000 9.095679339845e-01 3.296296406230e+00
4.280000 9.421362788032e-01 3.216393671445e+00
4.290000 9.738958074134e-01 3.134598773720e+00
4.300000 1.004828254278e+00 3.051041192245e+00
4.310000 1.034916631258e+00 2.965846708495e+00
4.320000 1.064145188447e+00 2.879136996476e+00
4.330000 1.092499371188e+00 2.791029270710e+00
4.340000 1.119965773862e+00 2.701635990887e+00
4.350000 1.146532091006e+00 2.611064621531e+00
4.360000 1.172187066292e+00 2.519417444543e+00
4.370000 1.196920439896e+00 2.426791422131e+00
4.380000 1.220722894735e+00 2.333278107317e+00
4.390000 1.243586002043e+00 2.238963598986e+00
4.400000 1.265502166715e+00 2.143928538335e+00
4.410000 1.286464572809e+00 2.048248143447e+00
4.420000 1.306467129584e+00 1.951992278751e+00
4.430000 1.325504418385e+00 1.855225556121e+00
4.440000 1.343571640706e+00 1.758007464469e+00
4.450000 1.360664567674e+00 1.660392524801e+00
4.460000 1.376779491202e+00 1.562430467828e+00
4.470000 1.391913177030e+00 1.464166431423e+00
4.480000 1.406062819830e+00 1.365641175383e+00
4.490000 1.419226000538e+00 1.266891311148e+00
4.500000 1.431400646053e+00 1.167949544334e+00
4.510000 1.442584991425e+00 1.068844928163e+00
4.520000 1.452777544617e+00 9.696031260330e-01
4.530000 1.461977053945e+00 8.702466817099e-01
4.540000 1.470182478251e+00 7.707952957838e-01
4.550000 1.477392959861e+00 6.712661072272e-01
4.560000 1.483607800395e+00 5.716739790489e-01
4.570000 1.488826439442e+00 4.720317871943e-01
4.580000 1.493048436139e+00 3.723507119778e-01
4.590000 1.496273453682e+00 2.726405314539e-01
4.600000 1.498501246768e+00 1.729099162389e-01
4.610000 1.499731652006e+00 7.316672537787e-02
4.620000 1.499964581276e+00 -2.658169707512e-02
4.630000 1.499200018065e+00 -1.263282250501e-01
4.640000 1.497438016775e+00 -2.260656532783e-01
4.650000 1.494678704999e+00 -3.257864001731e-01
4.660000 1.490922288771e+00 -4.254822110171e-01
4.670000 1.486169060779e+00 -5.251438617244e-01
4.680000 1.480419411537e+00 -6.247608634848e-01
4.690000 1.473673843509e+00 -7.243211686605e-01
4.700000 1.465932988164e+00 -8.238108783802e-01
4.710000 1.457197625942e+00 -9.232139523760e-01
4.720000 1.447468709116e+00 -1.022511921716e+00
4.730000 1.436747387507e+00 -1.121683605217e+00
4.740000 1.425035037012e+00 -1.220704830474e+00
4.750000 1.412333290898e+00 -1.319548160581e+00
4.760000 1.398644073800e+00 -1.418182627824e+00
4.770000 1.383969638341e+00 -1.516573475781e+00
4.780000 1.368312604285e+00 -1.614681911471e+00
4.790000 1.351676000112e+00 -1.712464869391e+00
4.800000 1.334063306897e+00 -1.809874789496e+00
4.810000 1.315478504322e+00 -1.906859411354e+00
4.820000 1.295926118670e+00 -2.003361586937e+00
4.830000 1.275411272583e+00 -2.099319114682e+00
4.840000 1.253939736376e+00 -2.194664597636e+00
4.850000 1.231517980631e+00 -2.289325328663e+00
4.860000 1.208153229803e+00 -2.383223205813e+00
4.870000 1.183853516514e+00 -2.476274681043e+00
4.880000 1.158627736182e+00 -2.568390745564e+00
4.890000 1.132485701603e+00 -2.659476955051e+00
4.900000 1.105438197081e+00 -2.749433497949e+00
4.910000 1.077497031644e+00 -2.838155309961e+00
4.920000 1.048675090882e+00 -2.925532237636e+00
4.930000 1.018986386891e+00 -3.011449253724e+00
4.940000 9.884461058073e-01 -3.095786726591e+00
4.950000 9.570706523596e-01 -3.178420745598e+00
4.960000 9.248776908954e-01 -3.259223503793e+00
4.970000 8.918861822838e-01 -3.338063738679e+00
4.980000 8.581164161218e-01 -3.414807231124e+00
4.990000 8.235900376613e-01 -3.489317361685e+00
5.000000 7.883300688881e-01 -3.561455722783e+00
5.010000 7.523609232056e-01 -3.631082784245e+00
5.020000 7.157084132032e-01 -3.698058608750e+00
5.030000 6.783997510306e-01 -3.762243612733e+00
5.040000 6.404635409485e-01 -3.823499367279e+00
5.050000 6.019297636850e-01 -3.881689432537e+00
5.060000 5.628297522978e-01 -3.936680218229e+00
5.070000 5.231961593205e-01 -3.988341861911e+00
5.080000 4.830629150596e-01 -4.036549115855e+00
5.090000 4.424651770034e-01 -4.081182232699e+00
5.100000 4.014392704056e-01 -4.122127839495e+00
5.110000 3.600226202135e-01 -4.159279789380e+00
5.120000 3.182536746180e-01 -4.192539979944e+00
5.130000 2.761718206146e-01 -4.221819127336e+00
5.140000 2.338172920713e-01 -4.247037485458e+00
5.150000 1.912310709054e-01 -4.268125500004e+00
5.160000 1.484547820712e-01 -4.285024387818e+00
5.170000 1.055305831491e-01 -4.297686632964e+00
5.180000 6.250104941189e-02 -4.306076391977e+00
5.190000 1.940905530952e-02 -4.310169802074e+00
5.200000 -2.370234662958e-02 -4.309955187542e+00
5.210000 -6.679004844132e-02 -4.305433161069e+00
5.220000 -1.098110098510e-01 -4.296616618415e+00
5.230000 -1.527223808096e-01 -4.283530626527e+00
5.240000 -1.954816223815e-01 -4.266212206839e+00
5.250000 -2.380466249464e-01 -4.244710017151e+00
5.260000 -2.803758227245e-01 -4.219083937037e+00
5.270000 -3.224283036871e-01 -4.189404563123e+00
5.280000 -3.641639139870e-01 -4.155752621884e+00
5.290000 -4.055433561248e-01 -4.118218308680e+00
5.300000 -4.465282801606e-01 -4.076900562623e+00
5.310000 -4.870813673773e-01 -4.031906287577e+00
5.320000 -5.271664059121e-01 -3.983349529987e+00
5.330000 -5.667483579770e-01 -3.931350624482e+00
5.340000 -6.057934184018e-01 -3.876035318201e+00
5.350000 -6.442690643410e-01 -3.817533884555e+00
5.360000 -6.821440960929e-01 -3.755980236780e+00
5.370000 -7.193886690767e-01 -3.691511051044e+00
5.380000 -7.559743171137e-01 -3.624264908174e+00
5.390000 -7.918739672401e-01 -3.554381462268e+00
5.400000 -8.270619463591e-01 -3.482000643506e+00
5.410000 -8.615139801103e-01 -3.407261901549e+00
5.420000 -8.952071843901e-01 -3.330303494875e+00
5.430000 -9.281200500077e-01 -3.251261830417e+00
5.440000 -9.602324209984e-01 -3.170270856853e+00
5.450000 -9.915254671448e-01 -3.087461513945e+00
5.460000 -1.021981651277e+00 -3.002961239401e+00
5.470000 -1.051584691933e+00 -2.916893533905e+00
5.480000 -1.080319521955e+00 -2.829377584178e+00
5.490000 -1.108172243616e+00 -2.740527943242e+00
5.500000 -1.135130080820e+00 -2.650454266485e+00
5.510000 -1.161181328946e+00 -2.559261101568e+00
5.520000 -1.186315302852e+00 -2.467047729850e+00
5.530000 -1.210522283543e+00 -2.373908056640e+00
5.540000 -1.233793463984e+00 -2.279930547317e+00
5.550000 -1.256120894489e+00 -2.185198206239e+00
5.560000 -1.277497428109e+00 -2.089788595194e+00
5.570000 -1.297916666393e+00 -1.993773888138e+00
5.580000 -1.317372905872e+00 -1.897220958978e+00
5.590000 -1.335861085573e+00 -1.800191499194e+00
5.600000 -1.353376735856e+00 -1.702742162229e+00
5.610000 -1.369915928817e+00 -1.604924731661e+00
5.620000 -1.385475230489e+00 -1.506786310393e+00
5.630000 -1.400051655025e+00 -1.408369528206e+00
5.640000 -1.413642621053e+00 -1.309712765274e+00
5.650000 -1.426245910331e+00 -1.210850389394e+00
5.660000 -1.437859628841e+00 -1.111813004918e+00
5.670000 -1.448482170429e+00 -1.012627711560e+00
5.680000 -1.458112183072e+00 -9.133183714619e-01
5.690000 -1.466748537858e+00 -8.139058830891e-01
5.700000 -1.474390300734e+00 -7.144084607104e-01
5.710000 -1.481036707073e+00 -6.148419183895e-01
5.720000 -1.486687139102e+00 -5.152199575735e-01
5.730000 -1.491341106224e+00 -4.155544575076e-01
5.740000 -1.494998228252e+00 -3.158557678323e-01
5.750000 -1.497658221581e+00 -2.161330028296e-01
5.760000 -1.499320888309e+00 -1.163943368827e-01
5.770000 -1.499986108318e+00 -1.664730078385e-02
5.780000 -1.499653834324e+00 8.310092141101e-02
5.790000 -1.498324089890e+00 1.828431952459e-01
5.800000 -1.495996970419e+00 2.825721386887e-01
5.810000 -1.492672647116e+00 3.822798251551e-01
5.820000 -1.488351373916e+00 4.819574869861e-01
5.830000 -1.483033497377e+00 5.815952196688e-01
5.840000 -1.476719469523e+00 6.811816871401e-01
5.850000 -1.469409863634e+00 7.807038285853e-01
5.860000 -1.461105392951e+00 8.801465672288e-01
5.870000 -1.451806932289e+00 9.794925217238e-01
5.880000 -1.441515542517e+00 1.078721720865e+00
5.890000 -1.430232497872e+00 1.177811322492e+00
5.900000 -1.417959316067e+00 1.276735337601e+00
5.910000 -1.404697791120e+00 1.375464360848e+00
5.920000 -1.390450028850e+00 1.473965308816e+00
5.930000 -1.375218484944e+00 1.572201167595e+00
5.940000 -1.359006005498e+00 1.670130751428e+00
5.950000 -1.341815869915e+00 1.767708474385e+00
5.960000 -1.323651836010e+00 1.864884137218e+00
5.970000 -1.304518187171e+00 1.961602731761e+00
5.980000 -1.284419781375e+00 2.057804265442e+00
5.990000 -1.263362101862e+00 2.153423608628e+00
6.000000 -1.241351309202e+00 2.248390367737e+00
6.010000 -1.218394294507e+00 2.342628787140e+00
6.020000 -1.194498733460e+00 2.436057683037e+00
6.030000 -1.169673140846e+00 2.528590412526e+00
6.040000 -1.143926925209e+00 2.620134881141e+00
6.050000 -1.117270443224e+00 2.710593592091e+00
6.060000 -1.089715053367e+00 2.799863740361e+00
6.070000 -1.061273168416e+00 2.887837354683e+00
6.080000 -1.031958306274e+00 2.974401490149e+00
6.090000 -1.001785138613e+00 3.059438473934e+00
6.100000 -9.707695367950e-01 3.142826206228e+00
6.110000 -9.389286144888e-01 3.224438517955e+00
6.120000 -9.062807664359e-01 3.304145586324e+00
6.130000 -8.728457027623e-01 3.381814408581e+00
6.140000 -8.386444782643e-01 3.457309333592e+00
6.150000 -8.036995160905e-01 3.530492650065e+00
6.160000 -7.680346252630e-01 3.601225229327e+00
6.170000 -7.316750115039e-01 3.669367219636e+00
6.180000 -6.946472808703e-01 3.734778787990e+00
6.190000 -6.569794357441e-01 3.797320904430e+00
6.200000 -6.187008627817e-01 3.856856162782e+00
6.210000 -5.798423124885e-01 3.913249630831e+00
6.220000 -5.404358701650e-01 3.966369721966e+00
6.230000 -5.005149180492e-01 4.016089079493e+00
6.240000 -4.601140885752e-01 4.062285464071e+00
6.250000 -4.192692087678e-01 4.104842634085e+00
6.260000 -3.780172358935e-01 4.143651208357e+00
6.270000 -3.363961846006e-01 4.178609500294e+00
6.280000 -2.944450458876e-01 4.209624312506e+00
6.290000 -2.522036983505e-01 4.236611681086e+00
6.300000 -2.097128122659e-01 4.259497559099e+00
6.310000 -1.670137471685e-01 4.278218429427e+00
6.320000 -1.241484436773e-01 4.292721837920e+00
6.330000 -8.115931041010e-02 4.302966838855e+00
6.340000 -3.808910690025e-02 4.308924345872e+00
6.350000 5.019176507353e-03 4.310577382988e+00
6.360000 4.812244075952e-02 4.307921231742e+00
6.370000 9.117760114219e-02 4.300963472183e+00
6.380000 1.341417102032e-01 4.289723917047e+00
6.390000 1.769720794831e-01 4.274234440156e+00
6.400000 2.196263990063e-01 4.254538701737e+00
6.410000 2.620628535179e-01 4.230691774934e+00
6.420000 3.042402345050e-01 4.202759679281e+00
6.430000 3.461180471035e-01 4.170818828234e+00
6.440000 3.876566110696e-01 4.134955399039e+00
6.450000 4.288171550842e-01 4.095264634184e+00
6.460000 4.695619037533e-01 4.051850084447e+00
6.470000 5.098541567732e-01 4.004822804095e+00
6.480000 5.496583598352e-01 3.954300509114e+00
6.490000 5.889401669555e-01 3.900406709412e+00
6.500000 6.276664940235e-01 3.843269825870e+00
6.510000 6.658055634729e-01 3.783022302746e+00
6.520000 7.033269400784e-01 3.719799725483e+00
6.530000 7.402015579825e-01 3.653739953305e+00
6.540000 7.764017391445e-01 3.584982275221e+00
6.550000 8.119012034869e-01 3.513666597174e+00
6.560000 8.466750710880e-01 3.439932667134e+00
6.570000 8.806998568296e-01 3.363919343931e+00
6.580000 9.139534579666e-01 3.285763914621e+00
6.590000 9.464151351221e-01 3.205601464183e+00
6.600000 9.780654872502e-01 3.123564300322e+00
6.610000 1.008886421128e+00 3.039781435283e+00
6.620000 1.038861115956e+00 2.954378125648e+00
6.630000 1.067973983641e+00 2.867475470300e+00
6.640000 1.096210625362e+00 2.779190066049e+00
6.650000 1.123557784962e+00 2.689633719715e+00
6.660000 1.150003299756e+00 2.598913214972e+00
6.670000 1.175536049262e+00 2.507130131755e+00
6.680000 1.200145902391e+00 2.414380715701e+00
6.690000 1.223823663576e+00 2.320755794763e+00
6.700000 1.246561018287e+00 2.226340739969e+00
6.710000 1.268350478375e+00 2.131215467131e+00
6.720000 1.289185327629e+00 2.035454476262e+00
6.730000 1.309059567900e+00 1.939126925432e+00
6.740000 1.327967866138e+00 1.842296735845e+00
6.750000 1.345905502617e+00 1.745022725002e+00
6.760000 1.362868320638e+00 1.647358764917e+00
6.770000 1.378852677916e+00 1.549353962532e+00
6.780000 1.393855399889e+00 1.451052859622e+00
6.790000 1.407873735108e+00 1.352495649679e+00
6.800000 1.420905312882e+00 1.253718409454e+00
6.810000 1.432948103297e+00 1.154753343059e+00
6.820000 1.444000379743e+00 1.055629036701e+00
6.830000 1.454060684031e+00 9.563707223575e-01
6.840000 1.463127794190e+00 8.570005488731e-01
6.850000 1.471200695009e+00 7.575378591631e-01
6.860000 1.478278551374e+00 6.579994723695e-01
6.870000 1.484360684456e+00 5.583999699943e-01
6.880000 1.489446550774e+00 4.587519851749e-01
6.890000 1.493535724160e+00 3.590664944075e-01
6.900000 1.496627880662e+00 2.593531111371e-01
6.910000 1.498722786382e+00 1.596203807400e-01
6.920000 1.499820288277e+00 5.987607650456e-02
6.930000 1.499920307912e+00 -3.987250371710e-02
6.940000 1.499022838202e+00 -1.396182404640e-01
6.950000 1.497127943103e+00 -2.393538954786e-01
6.960000 1.494235760293e+00 -3.390718146137e-01
6.970000 1.490346506811e+00 -4.387636310807e-01
6.980000 1.485460487671e+00 -5.384199693098e-01
6.990000 1.479578107425e+00 -6.380301497384e-01
7.000000 1.472699884676e+00 -7.375818949064e-01
7.010000 1.464826469527e+00 -8.370610373156e-01
7.020000 1.455958663930e+00 -9.364512296117e-01
7.030000 1.446097444934e+00 -1.035733657759e+00
7.040000 1.435243990775e+00 -1.134886758011e+00
7.050000 1.423399709774e+00 -1.233885938633e+00
7.060000 1.410566272002e+00 -1.332703307471e+00
7.070000 1.396745643625e+00 -1.431307406685e+00
7.080000 1.381940123868e+00 -1.529662956081e+00
7.090000 1.366152384503e+00 -1.627730606734e+00
7.100000 1.349385511734e+00 -1.725466706769e+00
7.110000 1.331643050368e+00 -1.822823081350e+00
7.120000 1.312929050107e+00 -1.919746829182e+00
7.130000 1.293248113784e+00 -2.016180137974e+00
7.140000 1.272605447347e+00 -2.112060121543e+00
7.150000 1.251006911353e+00 -2.207318681395e+00
7.160000 1.228459073719e+00 -2.301882395764e+00
7.170000 1.204969263438e+00 -2.395672439240e+00
7.180000 1.180545624935e+00 -2.488604536184e+00
7.190000 1.155197172714e+00 -2.580588951195e+00
7.200000 1.128933845911e+00 -2.671530519880e+00
7.210000 1.101766562317e+00 -2.761328723140e+00
7.220000 1.073707271448e+00 -2.849877808032e+00
7.230000 1.044769006156e+00 -2.937066958112e+00
7.240000 1.014965932286e+00 -3.022780515867e+00
7.250000 9.843133958387e-01 -3.106898259487e+00
7.260000 9.528279670958e-01 -3.189295735815e+00
7.270000 9.205274811224e-01 -3.269844650748e+00
7.280000 8.874310740809e-01 -3.348413317767e+00
7.290000 8.535592147670e-01 -3.424867164551e+00
7.300000 8.189337307899e-01 -3.499069296856e+00
7.310000 7.835778288299e-01 -3.570881117966e+00
7.320000 7.475161084305e-01 -3.640163001104e+00
7.330000 7.107745688078e-01 -3.706775011214e+00
7.340000 6.733806082063e-01 -3.770577671532e+00
7.350000 6.353630153772e-01 -3.831432769339e+00
7.360000 5.967519528195e-01 -3.889204194306e+00
7.370000 5.575789314911e-01 -3.943758801862e+00
7.380000 5.178767767822e-01 -3.994967293156e+00
7.390000 4.776795856280e-01 -4.042705102348e+00
7.400000 4.370226747353e-01 -4.086853281330e+00
7.410000 3.959425200014e-01 -4.127299371414e+00
7.420000 3.544766873070e-01 -4.163938251206e+00
7.430000 3.126637549773e-01 -4.196672949696e+00
7.440000 2.705432283131e-01 -4.225415413665e+00
7.450000 2.281554467040e-01 -4.250087218771e+00
7.460000 1.855414839377e-01 -4.270620214165e+00
7.470000 1.427430424207e-01 -4.286957091238e+00
7.480000 9.980234211289e-02 -4.299051867989e+00
7.490000 5.676200506086e-02 -4.306870281677e+00
7.500000 1.366493647935e-02 -4.310390083712e+00
7.510000 -2.944579661337e-02 -4.309601232191e+00
7.520000 -7.252708816448e-02 -4.304505979079e+00
7.530000 -1.155359161949e-01 -4.295118850634e+00
7.540000 -1.584294651772e-01 -4.281466521425e+00
7.550000 -2.011652466234e-01 -4.263587583881e+00
7.560000 -2.437012168548e-01 -4.241532217007e+00
7.570000 -2.859958909636e-01 -4.215361759375e+00
7.580000 -3.280084520423e-01 -4.185148192955e+00
7.590000 -3.696988548227e-01 -4.150973545554e+00
7.600000 -4.110279229534e-01 -4.112929220731e+00
7.610000 -4.519574392373e-01 -4.071115264884e+00
7.620000 -4.924502282511e-01 -4.025639581866e+00
7.630000 -5.324702308746e-01 -3.976617105892e+00
7.640000 -5.719825703689e-01 -3.924168943675e+00
7.650000 -6.109536097481e-01 -3.868421496731e+00
7.660000 -6.493510003035e-01 -3.809505574530e+00
7.670000 -6.871437212387e-01 -3.747555508767e+00
7.680000 -7.243021104789e-01 -3.682708278448e+00
7.690000 -7.607978868077e-01 -3.615102654740e+00
7.700000 -7.966041635737e-01 -3.544878373735e+00
7.710000 -8.316954542824e-01 -3.472175344325e+00
7.720000 -8.660476704602e-01 -3.397132897433e+00
7.730000 -8.996381122310e-01 -3.319889081823e+00
7.740000 -9.324454520966e-01 -3.240580010715e+00
7.750000 -9.644497124453e-01 -3.159339262426e+00
7.760000 -9.956322373451e-01 -3.076297337300e+00
7.770000 -1.025975659191e+00 -2.991581172312e+00
7.780000 -1.055463860791e+00 -2.905313713847e+00
7.790000 -1.084081933468e+00 -2.817613548446e+00
7.800000 -1.111816131760e+00 -2.728594590602e+00
7.810000 -1.138653825280e+00 -2.638365826112e+00
7.820000 -1.164583448283e+00 -2.547031109003e+00
7.830000 -1.189594447460e+00 -2.454689009620e+00
7.840000 -1.213677228475e+00 -2.361432711159e+00
7.850000 -1.236823101684e+00 -2.267349951679e+00
7.860000 -1.259024227509e+00 -2.172523008463e+00
7.870000 -1.280273561853e+00 -2.077028721491e+00
7.880000 -1.300564801938e+00 -1.980938552772e+00
7.890000 -1.319892332908e+00 -1.884318678285e+00
7.900000 -1.338251175504e+00 -1.787230109339e+00
7.910000 -1.355636935095e+00 -1.689728840303e+00
7.920000 -1.372045752310e+00 -1.591866019737e+00
7.930000 -1.387474255490e+00 -1.493688142172e+00
7.940000 -1.401919515154e+00 -1.395237257933e+00
7.950000 -1.415379000648e+00 -1.296551198597e+00
7.960000 -1.427850539125e+00 -1.197663815901e+00
7.970000 -1.439332276966e+00 -1.098605232086e+00
7.980000 -1.449822643767e+00 -9.994020998973e-01
7.990000 -1.459320318964e+00 -9.000778706385e-01
8.000000 -1.467824201180e+00 -8.006530688769e-01
8.010000 -1.475333380342e+00 -7.011455725842e-01
8.020000 -1.481847112632e+00 -6.015708976567e-01
8.030000 -1.487364798295e+00 -5.019424859220e-01
8.040000 -1.491885962350e+00 -4.022719958792e-01
8.050000 -1.495410238213e+00 -3.025695955437e-01
8.060000 -1.497937354261e+00 -2.028442568797e-01
8.070000 -1.499467123350e+00 -1.031040513909e-01
8.080000 -1.499999435289e+00 -3.356446519023e-03
8.090000 -1.499534252281e+00 9.639139745017e-02
8.100000 -1.498071607340e+00 1.961323302313e-01
8.110000 -1.495611605676e+00 2.958589143762e-01
8.120000 -1.492154429052e+00 3.955631283424e-01
8.130000 -1.487700343109e+00 4.952360700528e-01
8.140000 -1.482249707651e+00 5.948676612393e-01
8.150000 -1.475802989884e+00 6.944463529203e-01
8.160000 -1.468360780593e+00 7.939588324338e-01
8.170000 -1.459923813236e+00 8.933897325373e-01
8.180000 -1.450492985942e+00 9.927213431947e-01
8.190000 -1.440069386372e+00 1.091933326795e+00
8.200000 -1.428654319406e+00 1.191002437687e+00
8.210000 -1.416249337618e+00 1.289902247070e+00
8.220000 -1.402856274465e+00 1.388602874449e+00
8.230000 -1.388477280129e+00 1.487070727051e+00
8.240000 -1.373114859924e+00 1.585268248766e+00
8.250000 -1.356771915154e+00 1.683153680424e+00
8.260000 -1.339451786315e+00 1.780680833349e+00
8.270000 -1.321158298487e+00 1.877798878422e+00
8.280000 -1.301895808747e+00 1.974452153004e+00
8.290000 -1.281669255427e+00 2.070579988326e+00
8.300000 -1.260484208980e+00 2.166116560103e+00
8.310000 -1.238346924225e+00 2.260990765295e+00
8.320000 -1.215264393674e+00 2.355126128091e+00
8.330000 -1.191244401663e+00 2.448440738283e+00
8.340000 -1.166295578909e+00 2.540847225273e+00
8.350000 -1.140427457157e+00 2.632252770981e+00
8.360000 -1.113650523489e+00 2.722559164884e+00
8.370000 -1.085976273860e+00 2.811662904325e+00
8.380000 -1.057417265403e+00 2.899455343075e+00
8.390000 -1.027987166998e+00 2.985822890887e+00
8.400000 -9.977008075849e-01 3.070647266470e+00
8.410000 -9.665742216688e-01 3.153805805902e+00
8.420000 -9.346246914668e-01 3.235171828010e+00
8.430000 -9.018707851086e-01 3.314615057670e+00
8.440000 -8.683323903134e-01 3.392002107301e+00
8.450000 -8.340307429625e-01 3.467197016085e+00
8.460000 -7.989884499917e-01 3.540061845598e+00
8.470000 -7.632295060506e-01 3.610457329650e+00
8.480000 -7.267793033987e-01 3.678243575175e+00
8.490000 -6.896646345471e-01 3.743280810024e+00
8.500000 -6.519136871982e-01 3.805430172483e+00
8.510000 -6.135560310974e-01 3.864554536372e+00
8.520000 -5.746225964708e-01 3.920519364550e+00
8.530000 -5.351456438064e-01 3.973193582782e+00
8.540000 -4.951587248152e-01 4.022450465031e+00
8.550000 -4.546966345058e-01 4.068168520548e+00
8.560000 -4.137953544042e-01 4.110232372521e+00
8.570000 -3.724919870554e-01 4.148533617605e+00
8.580000 -3.308246820521e-01 4.182971655439e+00
8.590000 -2.888325539466e-01 4.213454477175e+00
8.600000 -2.465555925086e-01 4.239899402251e+00
8.610000 -2.040345659016e-01 4.262233753020e+00
8.620000 -1.613109174482e-01 4.280395457477e+00
8.630000 -1.184266567520e-01 4.294333571168e+00
8.640000 -7.542424602485e-02 4.304008710413e+00
8.650000 -3.234648254376e-02 4.309393390218e+00
8.660000 1.076362177951e-02 4.310472261630e+00
8.670000 5.386296268883e-02 4.307242244844e+00
8.680000 9.690846667640e-02 4.299712555960e+00
8.690000 1.398572138080e-01 4.287904626961e+00
8.700000 1.826665592156e-01 4.271851920194e+00
8.710000 2.252942522119e-01 4.251599640240e+00
8.720000 2.676985520204e-01 4.227204347667e+00
8.730000 3.098383391653e-01 4.198733480613e+00
8.740000 3.516732216327e-01 4.166264791468e+00
8.750000 3.931636349946e-01 4.129885707078e+00
8.760000 4.342709357742e-01 4.089692621815e+00
8.770000 4.749574874309e-01 4.045790133637e+00
8.780000 5.151867384470e-01 3.998290233726e+00
8.790000 5.549232921055e-01 3.947311460619e+00
8.800000 5.941329676594e-01 3.892978029772e+00
8.810000 6.327828527009e-01 3.835418949386e+00
8.820000 6.708413466471e-01 3.774767132975e+00
8.830000 7.082781953604e-01 3.711158518607e+00
8.840000 7.450645170192e-01 3.644731204148e+00
8.850000 7.811728194434e-01 3.575624606985e+00
8.860000 8.165770091589e-01 3.503978655858e+00
8.870000 8.512523925605e-01 3.429933021473e+00
8.880000 8.851756695884e-01 3.353626391543e+00
8.890000 9.183249203914e-01 3.275195794931e+00
8.900000 9.506795854870e-01 3.194775978549e+00
8.910000 9.822204399624e-01 3.112498839670e+00
8.920000 1.012929562280e+00 3.028492915426e+00
8.930000 1.042790298271e+00 2.942882930361e+00
8.940000 1.071787220888e+00 2.855789402132e+00
8.950000 1.099906086313e+00 2.767328304724e+00
8.960000 1.127133786982e+00 2.677610787951e+00
8.970000 1.153458302073e+00 2.586742951433e+00
8.980000 1.178868646011e+00 2.494825670828e+00
8.990000 1.203354815489e+00 2.401954473723e+00
9.000000 1.226907735485e+00 2.308219462314e+00
9.010000 1.249519204735e+00 2.213705279803e+00
9.020000 1.271181841081e+00 2.118491117325e+00
9.030000 1.291889027082e+00 2.022650758135e+00
9.040000 1.311634856244e+00 1.926252655817e+00
9.050000 1.330414080198e+00 1.829360043274e+00
9.060000 1.348222057110e+00 1.732031069407e+00
9.070000 1.365054701586e+00 1.634318960445e+00
9.080000 1.380908436318e+00 1.536272203116e+00
9.090000 1.395780145649e+00 1.437934746950e+00
9.100000 1.409667131257e+00 1.339346223244e+00
9.110000 1.422567070114e+00 1.240542178403e+00
9.120000 1.434477974825e+00 1.141554319556e+00
9.130000 1.445398156505e+00 1.042410770579e+00
9.140000 1.455326190237e+00 9.431363368426e-01
9.150000 1.464260883242e+00 8.437527771957e-01
9.160000 1.472201245781e+00 7.442790818885e-01
9.170000 1.479146464879e+00 6.447317553136e-01
9.180000 1.485095880887e+00 5.451251026028e-01
9.190000 1.490048966931e+00 4.454715192658e-01
9.200000 1.494005311273e+00 3.457817831934e-01
9.210000 1.496964602595e+00 2.460653484586e-01
9.220000 1.498926618242e+00 1.463306404533e-01
9.230000 1.499891215404e+00 4.658535197578e-02
9.240000 1.499858325281e+00 -5.316326004943e-02
9.250000 1.498827950203e+00 -1.529080774940e-01
9.260000 1.496800163731e+00 -2.526418238365e-01
9.270000 1.493775113727e+00 -3.523567671006e-01
9.280000 1.489753028389e+00 -4.520444231683e-01
9.290000 1.484734225263e+00 -5.516952597441e-01
9.300000 1.478719123194e+00 -6.512984012947e-01
9.310000 1.471708257237e+00 -7.508413353503e-01
9.320000 1.463702296487e+00 -8.503096206393e-01
9.330000 1.454702064825e+00 -9.496865976277e-01
9.340000 1.444708564535e+00 -1.048953102150e+00
9.350000 1.433723002782e+00 -1.148087182954e+00
9.360000 1.421746820876e+00 -1.247063824136e+00
9.370000 1.408781726299e+00 -1.345854673585e+00
9.380000 1.394829727404e+00 -1.444427778773e+00
9.390000 1.379893170723e+00 -1.542747331357e+00
9.400000 1.363974780777e+00 -1.640773422310e+00
9.410000 1.347077702277e+00 -1.738461809473e+00
9.420000 1.329205544588e+00 -1.835763699604e+00
9.430000 1.310362428285e+00 -1.932625547262e+00
9.440000 1.290553033642e+00 -2.028988872999e+00
9.450000 1.269782650825e+00 -2.124790103552e+00
9.460000 1.248057231571e+00 -2.219960436908e+00
9.470000 1.225383442087e+00 -2.314425735242e+00
9.480000 1.201768716866e+00 -2.408106448851e+00
9.490000 1.177221313110e+00 -2.500917574326e+00
9.500000 1.151750365380e+00 -2.592768650195e+00
9.510000 1.125365940106e+00 -2.683563793314e+00
9.520000 1.098079089514e+00 -2.773201779179e+00
9.530000 1.069901904522e+00 -2.861576169221e+00
9.540000 1.040847566129e+00 -2.948575487952e+00
9.550000 1.010930394763e+00 -3.034083452503e+00
9.560000 9.801658970791e-01 -3.117979256800e+00
9.570000 9.485708096274e-01 -3.200137912097e+00
9.580000 9.161631388372e-01 -3.280430645105e+00
9.590000 8.829621967253e-01 -3.358725354275e+00
9.600000 8.489886317517e-01 -3.434887124111e+00
9.610000 8.142644542430e-01 -3.508778796573e+00
9.620000 7.788130558202e-01 -3.580261597748e+00
9.630000 7.426592222881e-01 -3.649195817077e+00
9.640000 7.058291394787e-01 -3.715441535386e+00
9.650000 6.683503915804e-01 -3.778859397026e+00
9.660000 6.302519515382e-01 -3.839311420371e+00
9.670000 5.915641631729e-01 -3.896661839951e+00
9.680000 5.523187147391e-01 -3.950777972543e+00
9.690000 5.125486037221e-01 -4.001531098651e+00
9.700000 4.722880927661e-01 -4.048797350050e+00
9.710000 4.315726567211e-01 -4.092458593373e+00
9.720000 3.904389208987e-01 -4.132403299264e+00
9.730000 3.489245907358e-01 -4.168527386247e+00
9.740000 3.070683731737e-01 -4.200735028354e+00
9.750000 2.649098901687e-01 -4.228939415637e+00
9.760000 2.224895848610e-01 -4.253063456965e+00
9.770000 1.798486210294e-01 -4.273040415061e+00
9.780000 1.370287765598e-01 -4.288814464469e+00
9.790000 9.407233174005e-02 -4.300341164104e+00
9.800000 5.102195327769e-02 -4.307587837191e+00
9.810000 7.920574996228e-03 -4.310533852755e+00
9.820000 -3.518872377741e-02 -4.309170804255e+00
9.830000 -7.826284108887e-02 -4.303502582581e+00
9.840000 -1.212587754290e-01 -4.293545342255e+00
9.850000 -1.641337479340e-01 -4.279327361367e+00
9.860000 -2.068453226564e-01 -4.260888797455e+00
9.870000 -2.493515238831e-01 -4.238281343134e+00
9.880000 -2.916109495191e-01 -4.211567786804e+00
9.890000 -3.335828796191e-01 -4.180821485153e+00
9.900000 -3.752273792221e-01 -4.146125755413e+00
9.910000 -4.165053947274e-01 -4.107573196312e+00
9.920000 -4.573788431484e-01 -4.065264947575e+00
9.930000 -4.978106936789e-01 -4.019309898346e+00
9.940000 -5.377650411153e-01 -3.969823855362e+00
9.950000 -5.772071707862e-01 -3.916928681823e+00
9.960000 -6.161036147518e-01 -3.860751417863e+00
9.970000 -6.544221991434e-01 -3.801423393269e+00
9.980000 -6.921320826171e-01 -3.739079342653e+00
9.990000 -7.292037859965e-01 -3.673856532663e+00
10.000000 -7.656092132704e-01 -3.605893910107e+00
10.010000 -8.013216641986e-01 -3.535331279000e+00
10.020000 -8.363158388504e-01 -3.462308513610e+00
10.030000 -8.705678344708e-01 -3.386964813614e+00
10.040000 -9.040551351227e-01 -3.309438006459e+00
10.050000 -9.367565946000e-01 -3.229863901007e+00
10.060000 -9.686524131428e-01 -3.148375695565e+00
10.070000 -9.997241085113e-01 -3.065103442448e+00
10.080000 -1.029954481992e+00 -2.980173570311e+00
10.090000 -1.059327579918e+00 -2.893708464685e+00
10.100000 -1.087828651285e+00 -2.805826106392e+00
10.110000 -1.115444102045e+00 -2.716639766838e+00
10.120000 -1.142161446622e+00 -2.626257758633e+00
10.130000 -1.167969257218e+00 -2.534783239475e+00
10.140000 -1.192857111412e+00 -2.442314066859e+00
10.150000 -1.216815538555e+00 -2.348942700848e+00
10.160000 -1.239835965429e+00 -2.254756151906e+00
10.170000 -1.261910661593e+00 -2.159835970661e+00
10.180000 -1.283032684842e+00 -2.064258276346e+00
10.190000 -1.303195827120e+00 -1.968093820659e+00
10.200000 -1.322394561255e+00 -1.871408083808e+00
10.210000 -1.340623988796e+00 -1.774261399560e+00
10.220000 -1.357879789246e+00 -1.676709106252e+00
10.230000 -1.374158170921e+00 -1.578801720834e+00
10.240000 -1.389455823663e+00 -1.480585133196e+00
10.250000 -1.403769873585e+00 -1.382100818210e+00
10.260000 -1.417097840027e+00 -1.283386063100e+00
10.270000 -1.429437594847e+00 -1.184474207991e+00
10.280000 -1.440787324187e+00 -1.085394897633e+00
10.290000 -1.451145492800e+00 -9.861743425628e-01
10.300000 -1.460510811038e+00 -8.868355881241e-01
10.310000 -1.468882204562e+00 -7.873987899610e-01
10.320000 -1.476258786837e+00 -6.878814948007e-01
10.330000 -1.482639834459e+00 -5.882989254867e-01
10.340000 -1.488024765347e+00 -4.886642693896e-01
10.350000 -1.492413119846e+00 -3.889889694621e-01
10.360000 -1.495804544736e+00 -2.892830173228e-01
10.370000 -1.498198780193e+00 -1.895552478659e-01
10.380000 -1.499595649694e+00 -8.981363497878e-02
10.390000 -1.499995052892e+00 9.934411976131e-03
10.400000 -1.499396961454e+00 1.096817512073e-01
10.410000 -1.497801417868e+00 2.094212113238e-01
10.420000 -1.495208537228e+00 3.091452941891e-01
10.430000 -1.491618511984e+00 4.088458780397e-01
10.440000 -1.487031619667e+00 5.085139211306e-01
10.450000 -1.481448233562e+00 6.081391662091e-01
10.460000 -1.474868836343e+00 7.077098461732e-01
10.470000 -1.467294036638e+00 8.072123913481e-01
10.480000 -1.458724588516e+00 9.066311389061e-01
10.490000 -1.449161413860e+00 1.005948045065e+00
10.500000 -1.438605627615e+00 1.105142400827e+00
10.510000 -1.427058565844e+00 1.204190552165e+00
10.520000 -1.414521816571e+00 1.303065625710e+00
10.530000 -1.400997253329e+00 1.401737261190e+00
10.540000 -1.386487071347e+00 1.500171352012e+00
10.550000 -1.370993826289e+00 1.598329795612e+00
10.560000 -1.354520475435e+00 1.696170255379e+00
10.570000 -1.337070421182e+00 1.793645936147e+00
10.580000 -1.318647556712e+00 1.890705375492e+00
10.590000 -1.299256313672e+00 1.987292253233e+00
10.600000 -1.278901711648e+00 2.083345221749e+00
10.610000 -1.257589409237e+00 2.178797759909e+00
10.620000 -1.235325756449e+00 2.273578053543e+00
10.630000 -1.212117848166e+00 2.367608905557e+00
10.640000 -1.187973578338e+00 2.460807678871e+00
10.650000 -1.162901694589e+00 2.553086275414e+00
10.660000 -1.136911852830e+00 2.644351154467e+00
10.670000 -1.110014671499e+00 2.734503393550e+00
10.680000 -1.082221784959e+00 2.823438794995e+00
10.690000 -1.053545895599e+00 2.911048041153e+00
10.700000 -1.024000824136e+00 2.997216900928e+00
10.710000 -9.936015575808e-01 3.081826490035e+00
10.720000 -9.623642943352e-01 3.164753586927e+00
10.730000 -9.303064858422e-01 3.245871005846e+00
10.740000 -8.974468742183e-01 3.325048027884e+00
10.750000 -8.638055252846e-01 3.402150890210e+00
10.760000 -8.294038564141e-01 3.477043332900e+00
10.770000 -7.942646586266e-01 3.549587201938e+00
10.780000 -7.584121123754e-01 3.619643106066e+00
10.790000 -7.218717965052e-01 3.687071124182e+00
10.800000 -6.846706898917e-01 3.751731559010e+00
10.810000 -6.468371653250e-01 3.813485731745e+00
10.820000 -6.084009752568e-01 3.872196811361e+00
10.830000 -5.693932290978e-01 3.927730671322e+00
10.840000 -5.298463618304e-01 3.979956765500e+00
10.850000 -4.897940937878e-01 4.028749014276e+00
10.860000 -4.492713815449e-01 4.073986691111e+00
10.870000 -4.083143599656e-01 4.115555299270e+00
10.880000 -3.669602755595e-01 4.153347427985e+00
10.890000 -3.252474114059e-01 4.187263577142e+00
10.900000 -2.832150040166e-01 4.217212939531e+00
10.910000 -2.409031526153e-01 4.243114129926e+00
10.920000 -1.983527214181e-01 4.264895850680e+00
10.930000 -1.556052356017e-01 4.282497484182e+00
10.940000 -1.127027717345e-01 4.295869603371e+00
10.950000 -6.968784353424e-02 4.304974392620e+00
10.960000 -2.660328388207e-02 4.309785972516e+00
10.970000 1.650787591609e-02 4.310290623507e+00
10.980000 5.960252858808e-02 4.306486904920e+00
10.990000 1.026376140145e-01 4.298385667478e+00
11.000000 1.455702419376e-01 4.286009959117e+00
11.010000 1.883578131968e-01 4.269394825587e+00
11.020000 2.309581384494e-01 4.248587008957e+00
11.030000 2.733295533760e-01 4.223644548713e+00
11.040000 3.154310294236e-01 4.194636291584e+00
11.050000 3.572222792077e-01 4.161641317526e+00
11.060000 3.986638557742e-01 4.124748290413e+00
11.070000 4.397172450159e-01 4.084054742926e+00
11.080000 4.803449506327e-01 4.039666305800e+00
11.090000 5.205105711319e-01 3.991695892100e+00
11.100000 5.601788684747e-01 3.940262847443e+00
11.110000 5.993158280808e-01 3.885492077119e+00
11.120000 6.378887100170e-01 3.827513160883e+00
11.130000 6.758660912984e-01 3.766459465851e+00
11.140000 7.132178993341e-01 3.702467267355e+00
11.150000 7.499154366455e-01 3.635674886971e+00
11.160000 7.859313970735e-01 3.566221856106e+00
11.170000 8.212398737677e-01 3.494248112631e+00
11.180000 8.558163593261e-01 3.419893237110e+00
11.190000 8.896377385098e-01 3.343295734132e+00
11.200000 9.226822740088e-01 3.264592363306e+00
11.210000 9.549295857760e-01 3.183917523391e+00
11.220000 9.863606244766e-01 3.101402692166e+00
11.230000 1.016957639619e+00 3.017175923616e+00
11.240000 1.046704142949e+00 2.931361403251e+00
11.250000 1.075584867684e+00 2.844079061519e+00
11.260000 1.103585724179e+00 2.755444244607e+00
11.270000 1.130693752576e+00 2.665567441312e+00
11.280000 1.156897073006e+00 2.574554064119e+00
11.290000 1.182184833859e+00 2.482504282210e+00
11.300000 1.206547158650e+00 2.389512903753e+00
11.310000 1.229975091934e+00 2.295669304595e+00
11.320000 1.252460544742e+00 2.201057400242e+00
11.330000 1.273996239939e+00 2.105755657937e+00
11.340000 1.294575657900e+00 2.009837145575e+00
11.350000 1.314192982850e+00 1.913369614189e+00
11.360000 1.332843050184e+00 1.816415610816e+00
11.370000 1.350521295067e+00 1.719032618622e+00
11.380000 1.367223702557e+00 1.621273221311e+00
11.390000 1.382946759493e+00 1.523185288988e+00
11.400000 1.397687408336e+00 1.424812182828e+00
11.410000 1.411443003149e+00 1.326192976085e+00
11.420000 1.424211267858e+00 1.227362689175e+00
11.430000 1.435990256933e+00 1.128352536794e+00
11.440000 1.446778318594e+00 1.029190185191e+00
11.450000 1.456574060637e+00 9.299000179592e-01
11.460000 1.465376318953e+00 8.305034088866e-01
11.470000 1.473184128814e+00 7.310190005802e-01
11.480000 1.479996698965e+00 6.314629877726e-01
11.490000 1.485813388570e+00 5.318494043684e-01
11.500000 1.490633687052e+00 4.321904134346e-01
11.510000 1.494457196839e+00 3.324965994732e-01
11.520000 1.497283619042e+00 2.327772624259e-01
11.530000 1.499112742087e+00 1.330407129570e-01
11.540000 1.499944433301e+00 3.329456864332e-02
11.550000 1.499778633460e+00 -6.645394924396e-02
11.560000 1.498615354316e+00 -1.661977186324e-01
11.570000 1.496454679087e+00 -2.659294194625e-01
11.580000 1.493296765927e+00 -3.656412366612e-01
11.590000 1.489141854354e+00 -4.653245635245e-01
11.600000 1.483990274656e+00 -5.649697057926e-01
11.610000 1.477842460238e+00 -6.645655867463e-01
11.620000 1.470698962921e+00 -7.640994537237e-01
11.630000 1.462560471164e+00 -8.635565865399e-01
11.640000 1.453427831190e+00 -9.629200083956e-01
11.650000 1.443302070996e+00 -1.062170199979e+00
11.660000 1.432184427191e+00 -1.161284817605e+00
11.670000 1.420076374644e+00 -1.260238416375e+00
11.680000 1.406979658863e+00 -1.359002179530e+00
11.690000 1.392896331053e+00 -1.457543655316e+00
11.700000 1.377828785757e+00 -1.555826502891e+00
11.710000 1.361779800995e+00 -1.653810248999e+00
11.720000 1.344752580777e+00 -1.751450057319e+00
11.730000 1.326750799849e+00 -1.848696512632e+00
11.740000 1.307778650524e+00 -1.945495422122e+00
11.750000 1.287840891406e+00 -2.041787636337e+00
11.760000 1.266942897798e+00 -2.137508892536e+00
11.770000 1.245090713556e+00 -2.232589683285e+00
11.780000 1.222291104132e+00 -2.326955153340e+00
11.790000 1.198551610489e+00 -2.420525027961e+00
11.800000 1.173880603573e+00 -2.513213575885e+00
11.810000 1.148287338971e+00 -2.604929610213e+00
11.820000 1.121782011368e+00 -2.695576530468e+00
11.830000 1.094375808362e+00 -2.785052408997e+00
11.840000 1.066080963188e+00 -2.873250124751e+00
11.850000 1.036910805867e+00 -2.960057547264e+00
11.860000 1.006879812243e+00 -3.045357773358e+00
11.870000 9.760036503997e-01 -3.129029418735e+00
11.880000 9.442992238685e-01 -3.210946966130e+00
11.890000 9.117847110771e-01 -3.290981171169e+00
11.900000 8.784796004451e-01 -3.368999526405e+00
11.910000 8.444047205490e-01 -3.444866783315e+00
11.920000 8.095822647788e-01 -3.518445531189e+00
11.930000 7.740358099252e-01 -3.589596830986e+00
11.940000 7.377903281591e-01 -3.658180901294e+00
11.950000 7.008721918993e-01 -3.724057852539e+00
11.960000 6.633091711083e-01 -3.787088464586e+00
11.970000 6.251304226076e-01 -3.847135001864e+00
11.980000 5.863664710710e-01 -3.904062059153e+00
11.990000 5.470491814246e-01 -3.957737430236e+00
12.000000 5.072117224663e-01 -4.008032990748e+00
12.010000 4.668885216096e-01 -4.054825585778e+00
12.020000 4.261152107508e-01 -4.097997912151e+00
12.030000 3.849285633666e-01 -4.137439384838e+00
12.040000 3.433664230540e-01 -4.173046976636e+00
12.050000 3.014676238339e-01 -4.204726020136e+00
12.060000 2.592719026513e-01 -4.232390961153e+00
12.070000 2.168198046108e-01 -4.255966053054e+00
12.080000 1.741525815902e-01 -4.275385982053e+00
12.090000 1.313120849698e-01 -4.290596414248e+00
12.100000 8.834065330524e-02 -4.301554456221e+00
12.110000 4.528099584536e-02 -4.308229022170e+00
12.120000 2.176072861838e-03 -4.310601101909e+00
12.130000 -4.093102619283e-02 -4.308663925557e+00
12.140000 -8.399720564930e-02 -4.302423022330e+00
12.150000 -1.269794866394e-01 -4.291896172519e+00
12.160000 -1.698351290997e-01 -4.277113253400e+00
12.170000 -2.125217517074e-01 -4.258115981497e+00
12.180000 -2.549974487296e-01 -4.234957555227e+00
12.190000 -2.972209028120e-01 -4.207702203438e+00
12.200000 -3.391514927984e-01 -4.176424646738e+00
12.210000 -3.807493957467e-01 -4.141209479709e+00
12.220000 -4.219756823926e-01 -4.102150483092e+00
12.230000 -4.627924054086e-01 -4.059349875866e+00
12.240000 -5.031626799099e-01 -4.012917517681e+00
12.250000 -5.430507557622e-01 -3.962970072495e+00
12.260000 -5.824220813598e-01 -3.909630144363e+00
12.270000 -6.212433586494e-01 -3.853025396268e+00
12.280000 -6.594825892851e-01 -3.793287662596e+00
12.290000 -6.971091119014e-01 -3.730552065362e+00
12.300000 -7.340936305924e-01 -3.664956143722e+00
12.310000 -7.704082347758e-01 -3.596639005507e+00
12.320000 -8.060264107025e-01 -3.525740508674e+00
12.330000 -8.409230449493e-01 -3.452400479633e+00
12.340000 -8.750744202952e-01 -3.376757974426e+00
12.350000 -9.084582044378e-01 -3.298950587701e+00
12.360000 -9.410534320492e-01 -3.219113813450e+00
12.370000 -9.728404807068e-01 -3.137380460466e+00
12.380000 -1.003801041259e+00 -3.053880124548e+00
12.390000 -1.033918083198e+00 -2.968738718587e+00
12.400000 -1.063175815630e+00 -2.882078060844e+00
12.410000 -1.091559644415e+00 -2.794015521011e+00
12.420000 -1.119056126050e+00 -2.704663722986e+00
12.430000 -1.145652918874e+00 -2.614130302711e+00
12.440000 -1.171338732105e+00 -2.522517718981e+00
12.450000 -1.196103273254e+00 -2.429923114720e+00
12.460000 -1.219937194399e+00 -2.336438225934e+00
12.470000 -1.242832037773e+00 -2.242149335317e+00
12.480000 -1.264780181105e+00 -2.147137267350e+00
12.490000 -1.285774783120e+00 -2.051477421659e+00
12.500000 -1.305809729539e+00 -1.955239841341e+00
12.510000 -1.324879579946e+00 -1.858489313056e+00
12.520000 -1.342979515800e+00 -1.761285495715e+00
12.530000 -1.360105289861e+00 -1.663683074717e+00
12.540000 -1.376253177294e+00 -1.565731938855e+00
12.550000 -1.391419928638e+00 -1.467477377147e+00
12.560000 -1.405602724837e+00 -1.368960293050e+00
12.570000 -1.418799134499e+00 -1.270217433713e+00
12.580000 -1.431007073511e+00 -1.171281632117e+00
12.590000 -1.442224767141e+00 -1.072182060159e+00
12.600000 -1.452450714714e+00 -9.729444909480e-01
12.610000 -1.461683656960e+00 -8.735915687591e-01
12.620000 -1.469922546090e+00 -7.741430853001e-01
12.630000 -1.477166518666e+00 -6.746162611154e-01
12.640000 -1.483414871312e+00 -5.750260311169e-01
12.650000 -1.488667039289e+00 -4.753853333866e-01
12.660000 -1.492922577980e+00 -3.757054005348e-01
12.670000 -1.496181147299e+00 -2.759960530143e-01
12.680000 -1.498442499040e+00 -1.762659939000e-01
12.690000 -1.499706467177e+00 -7.652310472677e-02
12.700000 -1.499972961135e+00 2.322525794956e-02
12.710000 -1.499241962018e+00 1.229719655555e-01
12.720000 -1.497513521823e+00 2.227098203189e-01
12.730000 -1.494787765612e+00 3.224312581438e-01
12.740000 -1.491064896661e+00 4.221280517835e-01
12.750000 -1.486345204576e+00 5.217910145782e-01
12.760000 -1.480629076369e+00 6.214097050641e-01
12.770000 -1.473917010475e+00 7.209721328211e-01
12.780000 -1.466209633713e+00 8.204644660020e-01
12.790000 -1.457507721155e+00 9.198707410833e-01
12.800000 -1.447812218891e+00 1.019172575489e+00
12.810000 -1.437124269645e+00 1.118348883864e+00
12.820000 -1.425445241214e+00 1.217375598933e+00
12.830000 -1.412776757666e+00 1.316225398010e+00
12.840000 -1.399120733253e+00 1.414867436434e+00
12.850000 -1.384479408938e+00 1.513267089360e+00
12.860000 -1.368855391466e+00 1.611385703538e+00
12.870000 -1.352251694867e+00 1.709180360929e+00
12.880000 -1.334671784248e+00 1.806603656167e+00
12.890000 -1.316119621744e+00 1.903603490137e+00
12.900000 -1.296599714445e+00 2.000122882100e+00
12.910000 -1.276117164102e+00 2.096099802986e+00
12.920000 -1.254677718385e+00 2.191467032691e+00
12.930000 -1.232287823448e+00 2.286152044312e+00
12.940000 -1.208954677499e+00 2.380076918459e+00
12.950000 -1.184686285079e+00 2.473158290798e+00
12.960000 -1.159491511683e+00 2.565307336109e+00
12.970000 -1.133380138356e+00 2.656429792109e+00
12.980000 -1.106362915841e+00 2.746426026248e+00
12.990000 -1.078451617831e+00 2.835191148602e+00
13.000000 -1.049659092869e+00 2.922615173760e+00
13.010000 -1.019999314356e+00 3.008583234399e+00
13.020000 -9.894874281807e-01 3.092975848846e+00
13.030000 -9.581397973794e-01 3.175669244547e+00
13.040000 -9.259740432898e-01 3.256535738817e+00
13.050000 -8.930090826030e-01 3.335444177648e+00
13.060000 -8.592651597369e-01 3.412260432669e+00
13.070000 -8.247638739497e-01 3.486847955559e+00
13.080000 -7.895282006257e-01 3.559068388378e+00
13.090000 -7.535825061821e-01 3.628782227364e+00
13.100000 -7.169525560784e-01 3.695849536765e+00
13.110000 -6.796655154468e-01 3.760130708299e+00
13.120000 -6.417499419124e-01 3.821487260800e+00
13.130000 -6.032357702308e-01 3.879782673621e+00
13.140000 -5.641542884400e-01 3.934883246394e+00
13.150000 -5.245381053029e-01 3.986658976843e+00
13.160000 -4.844211089032e-01 4.034984447522e+00
13.170000 -4.438384163525e-01 4.079739711685e+00
13.180000 -4.028263146695e-01 4.120811167887e+00
13.190000 -3.614221929947e-01 4.158092412595e+00
13.200000 -3.196644664176e-01 4.191485059847e+00
13.210000 -2.775924917978e-01 4.220899517027e+00
13.220000 -2.352464760770e-01 4.246255706078e+00
13.230000 -1.926673776763e-01 4.267483719885e+00
13.240000 -1.498968016793e-01 4.284524404303e+00
13.250000 -1.069768895902e-01 4.297329857148e+00
13.260000 -6.395020453635e-02 4.305863836620e+00
13.270000 -2.085961285781e-02 4.310102072861e+00
13.280000 2.225183692087e-02 4.310032477835e+00
13.290000 6.534103669889e-02 4.305655250224e+00
13.300000 1.083649419254e-01 4.296982873702e+00
13.310000 1.512806941729e-01 4.284040008612e+00
13.320000 1.940457420976e-01 4.266863278745e+00
13.330000 2.366179597478e-01 4.245500956570e+00
13.340000 2.789557612290e-01 4.220012551778e+00
13.350000 3.210182107834e-01 4.190468309486e+00
13.360000 3.627651274187e-01 4.156948625669e+00
13.370000 4.041571832968e-01 4.119543388525e+00
13.380000 4.451559951892e-01 4.078351255342e+00
13.390000 4.857242084036e-01 4.033478875135e+00
13.400000 5.258255726919e-01 3.985040067746e+00
13.410000 5.654250097586e-01 3.933154970364e+00
13.420000 6.044886720992e-01 3.877949162379e+00
13.430000 6.429839930061e-01 3.819552779338e+00
13.440000 6.808797276859e-01 3.758099626337e+00
13.450000 7.181459855329e-01 3.693726300654e+00
13.460000 7.547542536990e-01 3.626571332718e+00
13.470000 7.906774121872e-01 3.556774353682e+00
13.480000 8.258897407727e-01 3.484475296982e+00
13.490000 8.603669181269e-01 3.409813640270e+00
13.500000 8.940860135781e-01 3.332927693137e+00
13.510000 9.270254719896e-01 3.253953934989e+00
13.520000 9.591650922778e-01 3.173026406496e+00
13.530000 9.904860001195e-01 3.090276157007e+00
13.540000 1.020970615418e+00 3.005830749470e+00
13.550000 1.050602615109e+00 2.919813823497e+00
13.560000 1.079366891888e+00 2.832344716485e+00
13.570000 1.107249509439e+00 2.743538141976e+00
13.580000 1.134237654727e+00 2.653503923866e+00
13.590000 1.160319587916e+00 2.562346784547e+00
13.600000 1.185484590418e+00 2.470166184635e+00
13.610000 1.209722911609e+00 2.377056211622e+00
13.620000 1.233025714651e+00 2.283105514511e+00
13.630000 1.255385021899e+00 2.188397281330e+00
13.640000 1.276793660277e+00 2.093009256307e+00
13.650000 1.297245207025e+00 1.997013793442e+00
13.660000 1.316733936146e+00 1.900477943229e+00
13.670000 1.335254765890e+00 1.803463569327e+00
13.680000 1.352803207533e+00 1.706027492093e+00
13.690000 1.369375315731e+00 1.608221656007e+00
13.700000 1.384967640653e+00 1.510093318191e+00
13.710000 1.399577182095e+00 1.411685255393e+00
13.720000 1.413201345761e+00 1.313035986996e+00
13.730000 1.425837901835e+00 1.214180011821e+00
13.740000 1.437484945997e+00 1.115148056700e+00
13.750000 1.448140862969e+00 1.015967334973e+00
13.760000 1.457804292697e+00 9.166618133050e-01
13.770000 1.466474099235e+00 8.172524853709e-01
13.780000 1.474149342404e+00 7.177576511650e-01
13.790000 1.480829252259e+00 6.181932008574e-01
13.800000 1.486513206421e+00 5.185729022749e-01
13.810000 1.491200710304e+00 4.189086912314e-01
13.820000 1.494891380246e+00 3.192109640607e-01
13.830000 1.497584929585e+00 2.194888718157e-01
13.840000 1.499281157682e+00 1.197506156924e-01
13.850000 1.499979941899e+00 2.000374331523e-02
13.860000 1.499681232549e+00 -7.974455442264e-02
13.870000 1.498385050811e+00 -1.794871462282e-01
13.880000 1.496091489624e+00 -2.792166632303e-01
13.890000 1.492800717546e+00 -3.789252019924e-01
13.900000 1.488512985584e+00 -4.786040279706e-01
13.910000 1.483228636987e+00 -5.782432797045e-01
13.920000 1.476948119990e+00 -6.778316740777e-01
13.930000 1.469672003505e+00 -7.773562130588e-01
13.940000 1.461400995729e+00 -8.768018924161e-01
13.950000 1.452135965657e+00 -9.761514130082e-01
13.960000 1.441877967469e+00 -1.075384895372e+00
13.970000 1.430628267749e+00 -1.174479598470e+00
13.980000 1.418388375499e+00 -1.273409643606e+00
13.990000 1.405160074877e+00 -1.372145744697e+00
14.000000 1.390945460605e+00 -1.470654946249e+00
14.010000 1.375746975952e+00 -1.568900370600e+00
14.020000 1.359567453193e+00 -1.666840976163e+00
14.030000 1.342410156429e+00 -1.764431328625e+00
14.040000 1.324278826621e+00 -1.861621387257e+00
14.050000 1.305177728684e+00 -1.958356308681e+00
14.060000 1.285111700447e+00 -2.054576270663e+00
14.070000 1.264086203271e+00 -2.150216318642e+00
14.080000 1.242107374074e+00 -2.245206237928e+00
14.090000 1.219182078512e+00 -2.339470454581e+00
14.100000 1.195317964983e+00 -2.432927968164e+00
14.110000 1.170523519149e+00 -2.525492319568e+00
14.120000 1.144808118591e+00 -2.617071597210e+00
14.130000 1.118182087205e+00 -2.707568484809e+00
14.140000 1.090656748895e+00 -2.796880353938e+00
14.150000 1.062244480126e+00 -2.884899404325e+00
14.160000 1.032958760809e+00 -2.971512854727e+00
14.170000 1.002814223031e+00 -3.056603186833e+00
14.180000 9.718266970720e-01 -3.140048444300e+00
14.190000 9.400132541453e-01 -3.221722588549e+00
14.200000 9.073922453010e-01 -3.301495912357e+00
14.210000 8.739833358981e-01 -3.379235511650e+00
14.220000 8.398075350680e-01 -3.454805815159e+00
14.230000 8.048872195950e-01 -3.528069170761e+00
14.240000 7.692461516528e-01 -3.598886486468e+00
14.250000 7.329094898656e-01 -3.667117923061e+00
14.260000 6.959037931916e-01 -3.732623634378e+00
14.270000 6.582570171780e-01 -3.795264550281e+00
14.280000 6.199985021860e-01 -3.854903196279e+00
14.290000 5.811589532524e-01 -3.911404542836e+00
14.300000 5.417704113293e-01 -3.964636876432e+00
14.310000 5.018662157238e-01 -4.014472683605e+00
14.320000 4.614809576572e-01 -4.060789538435e+00
14.330000 4.206504249551e-01 -4.103470983338e+00
14.340000 3.794115379904e-01 -4.142407392536e+00
14.350000 3.378022771044e-01 -4.177496807350e+00
14.360000 2.958616018434e-01 -4.208645732326e+00
14.370000 2.536293624579e-01 -4.235769881380e+00
14.380000 2.111462042158e-01 -4.258794863494e+00
14.390000 1.684534651880e-01 -4.277656798095e+00
14.400000 1.255930682539e-01 -4.292302851023e+00
14.410000 8.260740816751e-02 -4.302691683056e+00
14.420000 3.953923459281e-02 -4.308793804125e+00
14.430000 -3.568467914996e-03 -4.310591827764e+00
14.440000 -4.667260196246e-02 -4.308080621793e+00
14.450000 -8.973008035086e-02 -4.301267352904e+00
14.460000 -1.326979490205e-01 -4.290171424417e+00
14.470000 -1.755335088392e-01 -4.274824308211e+00
14.480000 -2.181944351848e-01 -4.255269273445e+00
14.490000 -2.606388943081e-01 -4.231561016312e+00
14.500000 -3.028256555110e-01 -4.203765196534e+00
14.510000 -3.447141982388e-01 -4.171957887658e+00
14.520000 -3.862648132642e-01 -4.136224949388e+00
14.530000 -4.274386972266e-01 -4.096661331184e+00
14.540000 -4.681980398878e-01 -4.053370317105e+00
14.550000 -5.085061035687e-01 -4.006462722445e+00
14.560000 -5.483272943368e-01 -3.956056053020e+00
14.570000 -5.876272246291e-01 -3.902273638081e+00
14.580000 -6.263727670984e-01 -3.845243747692e+00
14.590000 -6.645320995829e-01 -3.785098705128e+00
14.600000 -7.020747412009e-01 -3.721974004344e+00
14.610000 -7.389715796698e-01 -3.656007441931e+00
14.620000 -7.751948900396e-01 -3.587338272196e+00
14.630000 -8.107183451137e-01 -3.516106393152e+00
14.640000 -8.455170179026e-01 -3.442451570230e+00
14.650000 -8.795673765183e-01 -3.366512703561e+00
14.660000 -9.128472719738e-01 -3.288427143641e+00
14.670000 -9.453359193911e-01 -3.208330059210e+00
14.680000 -9.770138731580e-01 -3.126353860176e+00
14.690000 -1.007862996595e+00 -3.042627677482e+00
14.700000 -1.037866426708e+00 -2.957276900941e+00
14.710000 -1.067008534613e+00 -2.870422775262e+00
14.720000 -1.095274882213e+00 -2.782182053736e+00
14.730000 -1.122652175688e+00 -2.692666708455e+00
14.740000 -1.149128216382e+00 -2.601983695338e+00
14.750000 -1.174691849595e+00 -2.510234771818e+00
14.760000 -1.199332911818e+00 -2.417516364636e+00
14.770000 -1.223042176888e+00 -2.323919484922e+00
14.780000 -1.245811301517e+00 -2.229529687516e+00
14.790000 -1.267632770638e+00 -2.134427071354e+00
14.800000 -1.288499842944e+00 -2.038686317667e+00
14.810000 -1.308406496991e+00 -1.942376762735e+00
14.820000 -1.327347378199e+00 -1.845562501960e+00
14.830000 -1.345317747031e+00 -1.748302522138e+00
14.840000 -1.362313428641e+00 -1.650650858877e+00
14.850000 -1.378330764208e+00 -1.552656776309e+00
14.860000 -1.393366564167e+00 -1.454364966387e+00
14.870000 -1.407418063536e+00 -1.355815765226e+00
14.880000 -1.420482879472e+00 -1.257045384202e+00
14.890000 -1.432558971220e+00 -1.158086153647e+00
14.900000 -1.443644602545e+00 -1.058966777266e+00
14.910000 -1.453738306765e+00 -9.597125955330e-01
14.920000 -1.462838854456e+00 -8.603458565616e-01
14.930000 -1.470945223896e+00 -7.608859931206e-01
14.940000 -1.478056574318e+00 -6.613499046422e-01
14.950000 -1.484172221989e+00 -5.617522432350e-01
14.960000 -1.489291619183e+00 -4.621057028660e-01
14.970000 -1.493414336047e+00 -3.624213110112e-01
14.980000 -1.496540045403e+00 -2.627087221916e-01
14.990000 -1.498668510490e+00 -1.629765129155e-01
15.000000 -1.499799575661e+00 -6.323247763097e-02
15.010000 -1.499933160043e+00 3.651607463988e-02
15.020000 -1.499069254168e+00 1.362620232651e-01
15.030000 -1.497207919578e+00 2.359981388158e-01
15.040000 -1.494349291392e+00 3.357167859664e-01
15.050000 -1.490493583858e+00 4.354096267270e-01
15.060000 -1.485641098858e+00 5.350673242780e-01
15.070000 -1.479792237373e+00 6.346792477218e-01
15.080000 -1.472947513903e+00 7.342331781267e-01
15.090000 -1.465107573810e+00 8.337150163191e-01
15.100000 -1.456273213577e+00 9.331084929766e-01
15.110000 -1.446445403951e+00 1.032394881690e+00
15.120000 -1.435625315943e+00 1.131552715793e+00
15.130000 -1.423814349635e+00 1.230557509901e+00
15.140000 -1.411014165745e+00 1.329381487277e+00
15.150000 -1.397226719889e+00 1.427993314286e+00
15.160000 -1.382454299459e+00 1.526357843419e+00
15.170000 -1.366699563021e+00 1.624435866545e+00
15.180000 -1.349965582128e+00 1.722183880238e+00
15.190000 -1.332255885416e+00 1.819553865264e+00
15.200000 -1.313574504823e+00 1.916493082481e+00
15.210000 -1.293926023767e+00 2.012943887626e+00
15.220000 -1.273315627071e+00 2.108843567643e+00
15.230000 -1.251749152414e+00 2.204124201393e+00
15.240000 -1.229233143043e+00 2.298712547720e+00
15.250000 -1.205774901459e+00 2.392529963994e+00
15.260000 -1.181382543763e+00 2.485492358345e+00
15.270000 -1.156065054292e+00 2.577510178820e+00
15.280000 -1.129832340186e+00 2.668488442752e+00
15.290000 -1.102695285437e+00 2.758326809524e+00
15.300000 -1.074665803996e+00 2.846919699824e+00
15.310000 -1.045756891441e+00 2.934156464271e+00
15.320000 -1.015982674710e+00 3.019921604058e+00
15.330000 -9.853584593598e-01 3.104095045865e+00
15.340000 -9.539007737932e-01 3.186552472893e+00
15.350000 -9.216274099019e-01 3.267165713316e+00
15.360000 -8.885574595269e-01 3.345803186855e+00
15.370000 -8.547113461648e-01 3.422330409441e+00
15.380000 -8.201108513380e-01 3.496610555195e+00
15.390000 -7.847791350609e-01 3.568505074043e+00
15.400000 -7.487407498572e-01 3.637874362399e+00
15.410000 -7.120216478129e-01 3.704578483353e+00
15.420000 -6.746491801901e-01 3.768477931822e+00
15.430000 -6.366520891765e-01 3.829434439086e+00
15.440000 -5.980604914084e-01 3.887311810154e+00
15.450000 -5.589058529734e-01 3.941976786422e+00
15.460000 -5.192209556800e-01 3.993299925223e+00
15.470000 -4.790398544690e-01 4.041156487030e+00
15.480000 -4.383978259394e-01 4.085427320428e+00
15.490000 -3.973313080604e-01 4.125999734420e+00
15.500000 -3.558778312510e-01 4.162768347273e+00
15.510000 -3.140759411149e-01 4.195635900965e+00
15.520000 -2.719651132317e-01 4.224514030296e+00
15.530000 -2.295856605090e-01 4.249323976043e+00
15.540000 -1.869786337108e-01 4.269997231969e+00
15.550000 -1.441857158696e-01 4.286476116266e+00
15.560000 -1.012491113855e-01 4.298714258886e+00
15.570000 -5.821143069189e-02 4.306676997393e+00
15.580000 -1.511557143762e-02 4.310341675219e+00
15.590000 2.799540281249e-02 4.309697837707e+00
15.600000 7.107838531651e-02 4.304747322861e+00
15.610000 1.140903492697e-01 4.295504245383e+00
15.620000 1.569884702242e-01 4.281994874231e+00
15.630000 1.997302467543e-01 4.264257405644e+00
15.640000 2.422736183371e-01 4.242341635174e+00
15.650000 2.845770794578e-01 4.216308533799e+00
15.660000 3.265997890130e-01 4.186229734631e+00
15.670000 3.683016741504e-01 4.152186937960e+00
15.680000 4.096435277722e-01 4.114271243453e+00
15.690000 4.505870990195e-01 4.072582419188e+00
15.700000 4.910951761560e-01 4.027228117869e+00
15.710000 5.311316613769e-01 3.978323050950e+00
15.720000 5.706616371750e-01 3.925988131636e+00
15.730000 6.096514240096e-01 3.870349597674e+00
15.740000 6.480686291285e-01 3.811538124645e+00
15.750000 6.858821865025e-01 3.749687940036e+00
15.760000 7.230623879292e-01 3.684935947811e+00
15.770000 7.595809054587e-01 3.617420872459e+00
15.780000 7.954108053784e-01 3.547282430697e+00
15.790000 8.305265540726e-01 3.474660538056e+00
15.800000 8.649040161395e-01 3.399694556630e+00
15.810000 8.985204452052e-01 3.322522589244e+00
15.820000 9.313544679244e-01 3.243280824302e+00
15.830000 9.633860616913e-01 3.162102934566e+00
15.840000 9.945965266157e-01 3.079119532168e+00
15.850000 1.024968452335e+00 2.994457681260e+00
15.860000 1.054485680241e+00 2.908240468831e+00
15.870000 1.083133261711e+00 2.820586633519e+00
15.880000 1.110897412911e+00 2.731610251504e+00
15.890000 1.137765466741e+00 2.641420478026e+00
15.900000 1.163725822472e+00 2.550121342540e+00
15.910000 1.188767893592e+00 2.457811595125e+00
15.920000 1.212882054374e+00 2.364584601439e+00
15.930000 1.236059585621e+00 2.270528283248e+00
15.940000 1.258292620039e+00 2.175725101411e+00
15.950000 1.279574087649e+00 2.080252078097e+00
15.960000 1.299897661601e+00 1.984180854956e+00
15.970000 1.319257704748e+00 1.887577784018e+00
15.980000 1.337649217282e+00 1.790504048117e+00
15.990000 1.355067785711e+00 1.693015807777e+00
16.000000 1.371509533437e+00 1.595164371606e+00
16.010000 1.386971073143e+00 1.496996387420e+00
16.020000 1.401449461186e+00 1.398554051502e+00
16.030000 1.414942154173e+00 1.299875333572e+00
16.040000 1.427446967857e+00 1.200994215273e+00
16.050000 1.438962038478e+00 1.101940940161e+00
16.060000 1.449485786660e+00 1.002742273410e+00
16.070000 1.459016883946e+00 9.034217696168e-01
16.080000 1.467554222053e+00 8.040000473019e-01
16.090000 1.475096884892e+00 7.044950688885e-01
16.100000 1.481644123430e+00 6.049224250893e-01
16.110000 1.487195333394e+00 5.052956228085e-01
16.120000 1.491750035886e+00 4.056263758015e-01
16.130000 1.495307860910e+00 3.059248974575e-01
16.140000 1.497868533836e+00 2.062001951862e-01
16.150000 1.499431864814e+00 1.064603659756e-01
16.160000 1.499997741155e+00 6.712892768283e-03
16.170000 1.499566122669e+00 -9.303505864496e-02
16.180000 1.498137039982e+00 -1.927763424743e-01
16.190000 1.495710595820e+00 -2.925035357638e-01
16.200000 1.492286969267e+00 -3.922086414484e-01
16.210000 1.487866422991e+00 -4.918827918922e-01
16.220000 1.482449313429e+00 -5.915159532005e-01
16.230000 1.476036103927e+00 -6.910966306530e-01
16.240000 1.468627380816e+00 -7.906115756764e-01
16.250000 1.460223872413e+00 -8.900454948653e-01
16.260000 1.450826470919e+00 -9.893807616679e-01
16.270000 1.440436257180e+00 -1.088597131475e+00
16.280000 1.429054528289e+00 -1.187671460994e+00
16.290000 1.416682827960e+00 -1.286577432940e+00
16.300000 1.403322979630e+00 -1.385285287250e+00
16.310000 1.388977122215e+00 -1.483761560204e+00
16.320000 1.373647748426e+00 -1.581968833023e+00
16.330000 1.357337745555e+00 -1.679865491723e+00
16.340000 1.340050438592e+00 -1.777405500203e+00
16.350000 1.321789635551e+00 -1.874538188734e+00
16.360000 1.302559674817e+00 -1.971208060249e+00
16.370000 1.282365474346e+00 -2.067354616997e+00
16.380000 1.261212582477e+00 -2.162912210328e+00
16.390000 1.239107230139e+00 -2.257809916528e+00
16.400000 1.216056384147e+00 -2.351971441767e+00
16.410000 1.192067801304e+00 -2.445315059330e+00
16.420000 1.167150082960e+00 -2.537753582372e+00
16.430000 1.141312729656e+00 -2.629194375466e+00
16.440000 1.114566195451e+00 -2.719539408168e+00
16.450000 1.086921941493e+00 -2.808685353761e+00
16.460000 1.058392488376e+00 -2.896523736138e+00
16.470000 1.028991466770e+00 -2.982941127606e+00
16.480000 9.987336658235e-01 -3.067819400026e+00
16.490000 9.676350787697e-01 -3.151036031327e+00
16.500000 9.357129451969e-01 -3.232464468955e+00
16.510000 9.029857893906e-01 -3.311974551218e+00
16.520000 8.694734541726e-01 -3.389432986819e+00
16.530000 8.351971296542e-01 -3.464703892154e+00
16.540000 8.001793763295e-01 -3.537649385074e+00
16.550000 7.644441419527e-01 -3.608130232947e+00
16.560000 7.280167716705e-01 -3.676006551894e+00
16.570000 6.909240109148e-01 -3.741138553076e+00
16.580000 6.531940006090e-01 -3.803387330912e+00
16.590000 6.148562642966e-01 -3.862615687083e+00
16.600000 5.759416868673e-01 -3.918688983215e+00
16.610000 5.364824846323e-01 -3.971476014192e+00
16.620000 4.965121665835e-01 -4.020849893225e+00
16.630000 4.560654867678e-01 -4.066688939041e+00
16.640000 4.151783878027e-01 -4.108877554990e+00
16.650000 3.738879356680e-01 -4.147307089392e+00
16.660000 3.322322460148e-01 -4.181876666244e+00
16.670000 2.902504023431e-01 -4.212493975304e+00
16.680000 2.479823665088e-01 -4.239076010779e+00
16.690000 2.054688821275e-01 -4.261549748207e+00
16.700000 1.627513715446e-01 -4.279852749754e+00
16.710000 1.198718271325e-01 -4.293933688974e+00
16.720000 7.687269776514e-02 -4.303752787135e+00
16.730000 3.379677138976e-02 -4.309282154431e+00
16.740000 -9.312945323484e-03 -4.310506030789e+00
16.750000 -5.241334922602e-02 -4.307420922526e+00
16.760000 -9.546136377401e-02 -4.300035632701e+00
16.770000 -1.384140618800e-01 -4.288371184677e+00
16.780000 -1.812287874675e-01 -4.272460640113e+00
16.790000 -2.238632746823e-01 -4.252348814220e+00
16.800000 -2.662757637520e-01 -4.228091892731e+00
16.810000 -3.084251125369e-01 -4.199756956468e+00
16.820000 -3.502709028813e-01 -4.167421420758e+00
16.830000 -3.917735409521e-01 -4.131172398055e+00
16.840000 -4.328943508424e-01 -4.091105993112e+00
16.850000 -4.735956608143e-01 -4.047326540791e+00
16.860000 -5.138408816582e-01 -3.999945797085e+00
16.870000 -5.535945767560e-01 -3.949082094261e+00
16.880000 -5.928225235434e-01 -3.894859471080e+00
16.890000 -6.314917661776e-01 -3.837406788913e+00
16.900000 -6.695706593217e-01 -3.776856844245e+00
16.910000 -7.070289030625e-01 -3.713345487546e+00
16.920000 -7.438375690726e-01 -3.647010757828e+00
16.930000 -7.799691182191e-01 -3.577992041414e+00
16.940000 -8.153974099009e-01 -3.506429262584e+00
16.950000 -8.500977034708e-01 -3.432462112773e+00
16.960000 -8.840466521564e-01 -3.356229324046e+00
16.970000 -9.172222899517e-01 -3.277867991521e+00
16.980000 -9.496040119868e-01 -3.197512948438e+00
16.990000 -9.811725489204e-01 -3.115296196583e+00
17.000000 -1.011909935918e+00 -3.031346393835e+00
17.010000 -1.041799476797e+00 -2.945788399764e+00
17.020000 -1.070825703914e+00 -2.858742879378e+00
17.030000 -1.098974334385e+00 -2.770325964424e+00
17.040000 -1.126232223202e+00 -2.680648971018e+00
17.050000 -1.152587313805e+00 -2.589818171826e+00
17.060000 -1.178028586639e+00 -2.497934620573e+00
17.070000 -1.202546006217e+00 -2.405094026316e+00
17.080000 -1.226130467165e+00 -2.311386674592e+00
17.090000 -1.248773739708e+00 -2.216897392397e+00
17.100000 -1.270468415013e+00 -2.121705553804e+00
17.110000 -1.291207850784e+00 -2.025885122948e+00
17.120000 -1.310986117472e+00 -1.929504731142e+00
17.130000 -1.329797945407e+00 -1.832627784885e+00
17.140000 -1.347638673170e+00 -1.735312601654e+00
17.150000 -1.364504197440e+00 -1.637612570461e+00
17.160000 -1.380390924579e+00 -1.539576334322e+00
17.170000 -1.395295724127e+00 -1.441247991966e+00
17.180000 -1.409215884418e+00 -1.342667316275e+00
17.190000 -1.422149070452e+00 -1.243869987177e+00
17.200000 -1.434093284162e+00 -1.144887836878e+00
17.210000 -1.445046827190e+00 -1.045749105569e+00
17.220000 -1.455008266273e+00 -9.464787058984e-01
17.230000 -1.463976401308e+00 -8.470984947388e-01
17.240000 -1.471950236168e+00 -7.476275509281e-01
17.250000 -1.478928952326e+00 -6.480824578654e-01
17.260000 -1.484911885325e+00 -5.484775899909e-01
17.270000 -1.489898504126e+00 -4.488254023354e-01
17.280000 -1.493888393372e+00 -3.491367224528e-01
17.290000 -1.496881238575e+00 -2.494210441691e-01
17.300000 -1.498876814255e+00 -1.496868226807e-01
17.310000 -1.499874975029e+00 -4.994177061557e-02
17.320000 -1.499875649668e+00 4.980684526387e-02
17.330000 -1.498878838124e+00 1.495519069907e-01
17.340000 -1.496884611528e+00 2.492861482045e-01
17.350000 -1.493893115160e+00 3.490018570808e-01
17.360000 -1.489904574386e+00 4.486905796280e-01
17.370000 -1.484919303567e+00 5.483428236244e-01
17.380000 -1.478937717914e+00 6.479477635190e-01
17.390000 -1.471960348297e+00 7.474929466801e-01
17.400000 -1.463987858980e+00 8.469640014599e-01
17.410000 -1.455021068267e+00 9.463443476417e-01
17.420000 -1.445060972027e+00 1.045614909955e+00
17.430000 -1.434108770068e+00 1.144753835473e+00
17.440000 -1.422165895318e+00 1.243736215867e+00
17.450000 -1.409234045751e+00 1.342533815627e+00
17.460000 -1.395315219005e+00 1.441114807579e+00
17.470000 -1.380411749599e+00 1.539443517171e+00
17.480000 -1.364526348662e+00 1.637480177215e+00
17.490000 -1.347662146055e+00 1.735180694986e+00
17.500000 -1.329822734762e+00 1.832496433754e+00
17.510000 -1.311012217380e+00 1.929374011056e+00
17.520000 -1.291235254541e+00 2.025755116195e+00
17.530000 -1.270497115056e+00 2.121576349652e+00
17.540000 -1.248803727548e+00 2.216769087262e+00
17.550000 -1.226161733311e+00 2.311259372162e+00
17.560000 -1.202578540105e+00 2.404967837636e+00
17.570000 -1.178062376558e+00 2.497809664075e+00
17.580000 -1.152622346823e+00 2.589694573310e+00
17.590000 -1.126268485092e+00 2.680526863581e+00
17.600000 -1.099011809552e+00 2.770205488315e+00
17.610000 -1.070864375326e+00 2.858624181800e+00
17.620000 -1.041839325916e+00 2.945671634600e+00
17.630000 -1.011950942634e+00 3.031231721304e+00
17.640000 -9.812146914895e-01 3.115183782819e+00
17.650000 -9.496472669772e-01 3.197402964996e+00
17.660000 -9.172666321896e-01 3.277760614799e+00
17.670000 -8.840920546813e-01 3.356124734632e+00
17.680000 -8.501441374970e-01 3.432360494714e+00
17.690000 -8.154448447870e-01 3.506330802575e+00
17.700000 -7.800175214455e-01 3.577896927919e+00
17.710000 -7.438869062286e-01 3.646919180129e+00
17.720000 -7.070791378429e-01 3.713257634728e+00
17.730000 -6.696217535340e-01 3.776772904127e+00
17.740000 -6.315436797604e-01 3.837326946930e+00
17.750000 -5.928752145955e-01 3.894783909126e+00
17.760000 -5.536480015778e-01 3.949010989506e+00
17.770000 -5.138949948053e-01 3.999879320779e+00
17.780000 -4.736504151623e-01 4.047264857060e+00
17.790000 -4.329496976641e-01 4.091049257772e+00
17.800000 -3.918294300068e-01 4.131120757447e+00
17.810000 -3.503272825152e-01 4.167375010633e+00
17.820000 -3.084819297942e-01 4.199715900914e+00
17.830000 -2.663329644969e-01 4.228056303184e+00
17.840000 -2.239208037305e-01 4.252318788553e+00
17.850000 -1.812865887259e-01 4.272436261820e+00
17.860000 -1.384720784941e-01 4.288352522177e+00
17.870000 -9.551953828231e-02 4.300022738751e+00
17.880000 -5.247162371908e-02 4.307413833769e+00
17.890000 -9.371261606927e-03 4.310504767438e+00
17.900000 3.373847162967e-02 4.309286720093e+00
17.910000 7.681447279494e-02 4.303763168781e+00
17.920000 1.198137350053e-01 4.293949857049e+00
17.930000 1.626934699359e-01 4.279874658439e+00
17.940000 2.054112281741e-01 4.261577335807e+00
17.950000 2.479250166521e-01 4.239109200252e+00
17.960000 2.901934121791e-01 4.212532674915e+00
17.970000 3.321756701504e-01 4.181920770329e+00
17.980000 3.738318275857e-01 4.147356479229e+00
17.990000 4.151227997349e-01 4.108932099755e+00
18.000000 4.560104695808e-01 4.066748496849e+00
18.010000 4.964577696719e-01 4.020914312223e+00
18.020000 5.364287558252e-01 3.971545133712e+00
18.030000 5.758886723461e-01 3.918762634948e+00
18.040000 6.148040085242e-01 3.862693696278e+00
18.050000 6.531425462717e-01 3.803469517574e+00
18.060000 6.908733988757e-01 3.741224733161e+00
18.070000 7.279670409349e-01 3.676096538477e+00
18.080000 7.643953296452e-01 3.608223837357e+00
18.090000 8.001315176821e-01 3.537746417987e+00
18.100000 8.351502580050e-01 3.464804164631e+00
18.110000 8.694276009747e-01 3.389536311284e+00
18.120000 9.029409842307e-01 3.312080742374e+00
18.130000 9.356692158222e-01 3.232573344621e+00
18.140000 9.675924511231e-01 3.151147413203e+00
18.150000 9.986921640862e-01 3.067933114385e+00
18.160000 1.028951113411e+00 2.983057005898e+00
18.170000 1.058353304204e+00 2.896641615524e+00
18.180000 1.086883945721e+00 2.808805077566e+00
18.190000 1.114529405756e+00 2.719660826257e+00
18.200000 1.141277162246e+00 2.629317344545e+00
18.210000 1.167115752646e+00 2.537877966226e+00
18.220000 1.192034721571e+00 2.445440728984e+00
18.230000 1.216024567226e+00 2.352098275589e+00
18.240000 1.239076687083e+00 2.257937800274e+00
18.250000 1.261183323232e+00 2.163041037128e+00
18.260000 1.282337507825e+00 2.067484287296e+00
18.270000 1.302533008977e+00 1.971338481700e+00
18.280000 1.321764277459e+00 1.874669276047e+00
18.290000 1.340026394498e+00 1.777537174958e+00
18.300000 1.357315020958e+00 1.679997682154e+00
18.310000 1.373626348141e+00 1.582101473766e+00
18.320000 1.388957050434e+00 1.483894592024e+00
18.330000 1.403304239982e+00 1.385418656744e+00
18.340000 1.416665423569e+00 1.286711092220e+00
18.350000 1.429038461826e+00 1.187805367353e+00
18.360000 1.440421530916e+00 1.088731247044e+00
18.370000 1.450813086767e+00 9.895150530530e-01
18.380000 1.460211831977e+00 8.901799327822e-01
18.390000 1.468616685423e+00 7.907461345731e-01
18.400000 1.476026754668e+00 6.912312883272e-01
18.410000 1.482441311189e+00 5.916506904118e-01
18.420000 1.487859768476e+00 4.920175919703e-01
18.430000 1.492281663029e+00 3.923434898976e-01
18.440000 1.495706638274e+00 2.926384198660e-01
18.450000 1.498134431426e+00 1.929112508893e-01
18.460000 1.499564863292e+00 9.316998101012e-02
18.470000 1.499997831046e+00 -6.577966239540e-03
18.480000 1.499433303967e+00 -1.063254448956e-01
18.490000 1.497871322148e+00 -2.060652893951e-01
18.500000 1.495311998179e+00 -3.057900174250e-01
18.510000 1.491755521800e+00 -4.054915330283e-01
18.520000 1.487202167519e+00 -5.051608302266e-01
18.530000 1.481652305195e+00 -6.047876974611e-01
18.540000 1.475106413570e+00 -7.043604232041e-01
18.550000 1.467565096731e+00 -8.038655031737e-01
18.560000 1.459029103506e+00 -9.032873496712e-01
18.570000 1.449499349738e+00 -1.002608003675e+00
18.580000 1.438976943433e+00 -1.101806850446e+00
18.590000 1.427463212729e+00 -1.200860339546e+00
18.600000 1.414959736642e+00 -1.299741710329e+00
18.610000 1.401468378522e+00 -1.398420724119e+00
18.620000 1.386991322159e+00 -1.496863404500e+00
18.630000 1.371531110432e+00 -1.595031787312e+00
18.640000 1.355090686413e+00 -1.692883682145e+00
18.650000 1.337673436790e+00 -1.790372447347e+00
18.660000 1.319283237466e+00 -1.887446780750e+00
18.670000 1.299924501175e+00 -1.984050528513e+00
18.680000 1.279602226896e+00 -2.080122514699e+00
18.690000 1.258322050881e+00 -2.175596394360e+00
18.700000 1.236090299009e+00 -2.270400533066e+00
18.710000 1.212914040219e+00 -2.364457915977e+00
18.720000 1.188801140689e+00 -2.457686089611e+00
18.730000 1.163760318427e+00 -2.549997139588e+00
18.740000 1.137801197897e+00 -2.641297707584e+00
18.750000 1.110934364275e+00 -2.731489050741e+00
18.760000 1.083171416883e+00 -2.820467146655e+00
18.770000 1.054525021342e+00 -2.908122846891e+00
18.780000 1.025008959945e+00 -2.994342081765e+00
18.790000 9.946381797069e-01 -3.079006118746e+00
18.800000 9.634288375699e-01 -3.161991876486e+00
18.810000 9.313983421772e-01 -3.243172295941e+00
18.820000 8.985653916511e-01 -3.322416769459e+00
18.830000 8.649500067880e-01 -3.399591628063e+00
18.840000 8.305735590898e-01 -3.474560686359e+00
18.850000 7.954587930608e-01 -3.547185843680e+00
18.860000 7.596298422162e-01 -3.617327739170e+00
18.870000 7.231122382774e-01 -3.684846457550e+00
18.880000 6.859329130653e-01 -3.749602281304e+00
18.890000 6.481201926513e-01 -3.811456484050e+00
18.900000 6.097037833842e-01 -3.870272158790e+00
18.910000 5.707147494755e-01 -3.925915073826e+00
18.920000 5.311854819077e-01 -3.978254548178e+00
18.930000 4.911496585120e-01 -4.027164337494e+00
18.940000 4.506421951578e-01 -4.072523520772e+00
18.950000 4.096991880966e-01 -4.114217377584e+00
18.960000 3.683578476062e-01 -4.152138245113e+00
18.970000 3.266564231943e-01 -4.186186344074e+00
18.980000 2.846341207247e-01 -4.216270562570e+00
18.990000 2.423310119429e-01 -4.242309187129e+00
19.000000 1.997879369821e-01 -4.264230570602e+00
19.010000 1.570464005309e-01 -4.281973727222e+00
19.020000 1.141484624377e-01 -4.295488846015e+00
19.030000 7.113662361056e-02 -4.304737714808e+00
19.040000 2.805370814151e-02 -4.309694048331e+00
19.050000 -1.505725735606e-02 -4.310343715337e+00
19.060000 -5.815316616523e-02 -4.306684861181e+00
19.070000 -1.011909545797e-01 -4.298727923927e+00
19.080000 -1.441277246438e-01 -4.286495543749e+00
19.090000 -1.869208654546e-01 -4.270022367022e+00
19.100000 -2.295281719842e-01 -4.249354748203e+00
19.110000 -2.719079604187e-01 -4.224550354108e+00
19.120000 -3.140191790664e-01 -4.195677676700e+00
19.130000 -3.558215139527e-01 -4.162815461755e+00
19.140000 -3.972754883015e-01 -4.126052061946e+00
19.150000 -4.383425551916e-01 -4.085484723777e+00
19.160000 -4.789851827770e-01 -4.041218818530e+00
19.170000 -5.191669315622e-01 -3.993367027883e+00
19.180000 -5.588525233347e-01 -3.942048495098e+00
19.190000 -5.980079014642e-01 -3.887387952739e+00
19.200000 -6.366002823895e-01 -3.829514837711e+00
19.210000 -6.745981982184e-01 -3.768562404052e+00
19.220000 -7.119715304705e-01 -3.704666843370e+00
19.230000 -7.486915350858e-01 -3.637966422152e+00
19.240000 -7.847308589135e-01 -3.568600644361e+00
19.250000 -8.200635479730e-01 -3.496709446846e+00
19.260000 -8.546650478505e-01 -3.422432434145e+00
19.270000 -8.885121966559e-01 -3.345908158219e+00
19.280000 -9.215832110148e-01 -3.267273447710e+00
19.290000 -9.538576656101e-01 -3.186662790245e+00
19.300000 -9.853164668197e-01 -3.104207770387e+00
19.310000 -1.015941821018e+00 -3.020036564887e+00
19.320000 -1.045717198117e+00 -2.934273496033e+00
19.330000 -1.074627290939e+00 -2.847038643122e+00
19.340000 -1.102657970980e+00 -2.758447511348e+00
19.350000 -1.129796241165e+00 -2.668610756810e+00
19.360000 -1.156030186116e+00 -2.577633965805e+00
19.370000 -1.181348920482e+00 -2.485617486128e+00
19.380000 -1.205742535839e+00 -2.392656307752e+00
19.390000 -1.229202046637e+00 -2.298839990004e+00
19.400000 -1.251719335639e+00 -2.204252632144e+00
19.410000 -1.273287099279e+00 -2.108972884147e+00
19.420000 -1.293898793322e+00 -2.013073994427e+00
19.430000 -1.313548579168e+00 -1.916623891251e+00
19.440000 -1.332231271147e+00 -1.819685294631e+00
19.450000 -1.349942285061e+00 -1.722315855581e+00
19.460000 -1.366677588258e+00 -1.624568319758e+00
19.470000 -1.382433651456e+00 -1.526490712647e+00
19.480000 -1.397207402511e+00 -1.428126543635e+00
19.490000 -1.410996182328e+00 -1.329515026510e+00
19.500000 -1.423797703041e+00 -1.230691314107e+00
19.510000 -1.435610008611e+00 -1.131686745049e+00
19.520000 -1.446431437942e+00 -1.032529100708e+00
19.530000 -1.456260590625e+00 -9.332428707374e-01
19.540000 -1.465096295357e+00 -8.338495256994e-01
19.550000 -1.472937581139e+00 -7.343677955199e-01
19.560000 -1.479783651268e+00 -6.348139526519e-01
19.570000 -1.485633860192e+00 -5.352020990092e-01
19.580000 -1.490487693248e+00 -4.355444558699e-01
19.590000 -1.494344749309e+00 -3.358516560814e-01
19.600000 -1.497204726369e+00 -2.361330380146e-01
19.610000 -1.499067410070e+00 -1.363969408107e-01
19.620000 -1.499932665186e+00 -3.665100054541e-02
19.630000 -1.499800430080e+00 6.309755300403e-02
19.640000 -1.498670714126e+00 1.628415992592e-01
19.650000 -1.496543598095e+00 2.625738296535e-01
19.660000 -1.493419237532e+00 3.622864505960e-01
19.670000 -1.489297869083e+00 4.619708868362e-01
19.680000 -1.484179819796e+00 5.616174855110e-01
19.690000 -1.478065519373e+00 6.612152212000e-01
19.700000 -1.470955515372e+00 7.607514023878e-01
19.710000 -1.462850491325e+00 8.602113798106e-01
19.720000 -1.453751287776e+00 9.595782572701e-01
19.730000 -1.443658926180e+00 1.058832605615e+00
19.740000 -1.432574635663e+00 1.157952180730e+00
19.750000 -1.420499882565e+00 1.256911646506e+00
19.760000 -1.407436402733e+00 1.355682303971e+00
19.770000 -1.393386236486e+00 1.454231827867e+00
19.780000 -1.378351766176e+00 1.552524012240e+00
19.790000 -1.362335756241e+00 1.650518526711e+00
19.800000 -1.345341395642e+00 1.748170685370e+00
19.810000 -1.327372342534e+00 1.845431230407e+00
19.820000 -1.308432771033e+00 1.942246132794e+00
19.830000 -1.288527419878e+00 2.038556412546e+00
19.840000 -1.267661642782e+00 2.134297981264e+00
19.850000 -1.245841460253e+00 2.229401509837e+00
19.860000 -1.223073612586e+00 2.323792324319e+00
19.870000 -1.199365613766e+00 2.417390333135e+00
19.880000 -1.174725805923e+00 2.510109988836e+00
19.890000 -1.149163413989e+00 2.601860287655e+00
19.900000 -1.122688600170e+00 2.692544810128e+00
19.910000 -1.095312517787e+00 2.782061805955e+00
19.920000 -1.067047364051e+00 2.870304326136e+00
19.930000 -1.037906431264e+00 2.957160405220e+00
19.940000 -1.007904155946e+00 3.042513296198e+00
19.950000 -9.770561653402e-01 3.126241760218e+00
19.960000 -9.453793207421e-01 3.208220412812e+00
19.970000 -9.128917570840e-01 3.288320127797e+00
19.980000 -8.796129181861e-01 3.366408499366e+00
19.990000 -8.455635870967e-01 3.442350362131e+00
20.000000 -8.107659109435e-01 3.516008368132e+00
