2.800000000000e+02 0.000000000000e+00 -2.384305835010e+00
2.790000000000e+02 2.400925705326e+00 -2.417583905599e+00
2.780000000000e+02 4.835244842290e+00 -2.451093070405e+00
2.770000000000e+02 7.303189626338e+00 -2.484835576772e+00
2.760000000000e+02 9.804994535000e+00 -2.518813701609e+00
2.750000000000e+02 1.234089633772e+01 -2.553029751924e+00
2.740000000000e+02 1.491113412622e+01 -2.587486065369e+00
2.730000000000e+02 1.751594934544e+01 -2.622185010794e+00
2.720000000000e+02 2.015558582500e+01 -2.657128988820e+00
2.710000000000e+02 2.283028981125e+01 -2.692320432415e+00
2.700000000000e+02 2.554030999996e+01 -2.727761807492e+00
2.690000000000e+02 2.828589756952e+01 -2.763455613518e+00
2.680000000000e+02 3.106730621482e+01 -2.799404384134e+00
2.670000000000e+02 3.388479218175e+01 -2.835610687792e+00
2.660000000000e+02 3.673861430233e+01 -2.872077128408e+00
2.650000000000e+02 3.962903403051e+01 -2.908806346028e+00
2.640000000000e+02 4.255631547861e+01 -2.945801017508e+00
2.630000000000e+02 4.552072545452e+01 -2.983063857213e+00
2.620000000000e+02 4.852253349955e+01 -3.020597617731e+00
2.610000000000e+02 5.156201192701e+01 -3.058405090604e+00
2.600000000000e+02 5.463943586153e+01 -3.096489107077e+00
2.590000000000e+02 5.775508327916e+01 -3.134852538860e+00
2.580000000000e+02 6.090923504822e+01 -3.173498298919e+00
2.570000000000e+02 6.410217497097e+01 -3.212429342273e+00
2.560000000000e+02 6.733418982603e+01 -3.251648666817e+00
2.550000000000e+02 7.060556941173e+01 -3.291159314167e+00
2.540000000000e+02 7.391660659022e+01 -3.330964370519e+00
2.530000000000e+02 7.726759733249e+01 -3.371066967533e+00
2.520000000000e+02 8.065884076434e+01 -3.411470283240e+00
2.510000000000e+02 8.409063921313e+01 -3.452177542965e+00
2.500000000000e+02 8.756329825561e+01 -3.493192020281e+00
2.490000000000e+02 9.107712676662e+01 -3.534517037977e+00
2.480000000000e+02 9.463243696881e+01 -3.576155969061e+00
2.470000000000e+02 9.822954448339e+01 -3.618112237777e+00
2.460000000000e+02 1.018687683819e+02 -3.660389320654e+00
2.450000000000e+02 1.055504312388e+02 -3.702990747583e+00
2.440000000000e+02 1.092748591859e+02 -3.745920102911e+00
2.430000000000e+02 1.130423819668e+02 -3.789181026577e+00
2.420000000000e+02 1.168533329934e+02 -3.832777215265e+00
2.410000000000e+02 1.207080494033e+02 -3.876712423590e+00
2.400000000000e+02 1.246068721178e+02 -3.920990465320e+00
2.390000000000e+02 1.285501459024e+02 -3.965615214619e+00
2.380000000000e+02 1.325382194275e+02 -4.010590607329e+00
2.370000000000e+02 1.365714453305e+02 -4.055920642289e+00
2.360000000000e+02 1.406501802798e+02 -4.101609382674e+00
2.350000000000e+02 1.447747850399e+02 -4.147660957387e+00
2.340000000000e+02 1.489456245373e+02 -4.194079562471e+00
2.330000000000e+02 1.531630679291e+02 -4.240869462573e+00
2.320000000000e+02 1.574274886717e+02 -4.288034992436e+00
2.310000000000e+02 1.617392645919e+02 -4.335580558432e+00
2.300000000000e+02 1.660987779596e+02 -4.383510640144e+00
2.290000000000e+02 1.705064155614e+02 -4.431829791979e+00
2.280000000000e+02 1.749625687764e+02 -4.480542644836e+00
2.270000000000e+02 1.794676336536e+02 -4.529653907808e+00
2.260000000000e+02 1.840220109909e+02 -4.579168369938e+00
2.250000000000e+02 1.886261064159e+02 -4.629090902019e+00
2.240000000000e+02 1.932803304688e+02 -4.679426458448e+00
2.230000000000e+02 1.979850986867e+02 -4.730180079125e+00
2.220000000000e+02 2.027408316900e+02 -4.781356891406e+00
2.210000000000e+02 2.075479552713e+02 -4.832962112115e+00
2.200000000000e+02 2.124069004855e+02 -4.885001049609e+00
2.190000000000e+02 2.173181037425e+02 -4.937479105895e+00
2.180000000000e+02 2.222820069018e+02 -4.990401778818e+00
2.170000000000e+02 2.272990573699e+02 -5.043774664304e+00
2.160000000000e+02 2.323697081990e+02 -5.097603458665e+00
2.150000000000e+02 2.374944181888e+02 -5.151893960975e+00
2.140000000000e+02 2.426736519905e+02 -5.206652075512e+00
2.130000000000e+02 2.479078802134e+02 -5.261883814269e+00
2.120000000000e+02 2.531975795334e+02 -5.317595299536e+00
2.110000000000e+02 2.585432328052e+02 -5.373792766566e+00
2.100000000000e+02 2.639453291762e+02 -5.430482566309e+00
2.090000000000e+02 2.694043642039e+02 -5.487671168227e+00
2.080000000000e+02 2.749208399757e+02 -5.545365163202e+00
2.070000000000e+02 2.804952652317e+02 -5.603571266516e+00
2.060000000000e+02 2.861281554910e+02 -5.662296320931e+00
2.050000000000e+02 2.918200331804e+02 -5.721547299856e+00
2.040000000000e+02 2.975714277666e+02 -5.781331310608e+00
2.030000000000e+02 3.033828758923e+02 -5.841655597776e+00
2.020000000000e+02 3.092549215146e+02 -5.902527546684e+00
2.010000000000e+02 3.151881160479e+02 -5.963954686959e+00
2.000000000000e+02 3.211830185099e+02 -6.025944696212e+00
1.990000000000e+02 3.272401956714e+02 -6.088505403826e+00
1.980000000000e+02 3.333602222103e+02 -6.151644794868e+00
1.970000000000e+02 3.395436808689e+02 -6.215371014120e+00
1.960000000000e+02 3.457911626158e+02 -6.279692370235e+00
1.950000000000e+02 3.521032668121e+02 -6.344617340024e+00
1.940000000000e+02 3.584806013817e+02 -6.410154572876e+00
1.930000000000e+02 3.649237829858e+02 -6.476312895329e+00
1.920000000000e+02 3.714334372030e+02 -6.543101315771e+00
1.910000000000e+02 3.780101987131e+02 -6.610529029300e+00
1.900000000000e+02 3.846547114862e+02 -6.678605422746e+00
1.890000000000e+02 3.913676289777e+02 -6.747340079845e+00
1.880000000000e+02 3.981496143270e+02 -6.816742786586e+00
1.870000000000e+02 4.050013405631e+02 -6.886823536735e+00
1.860000000000e+02 4.119234908150e+02 -6.957592537540e+00
1.850000000000e+02 4.189167585283e+02 -7.029060215620e+00
1.840000000000e+02 4.259818476870e+02 -7.101237223060e+00
1.830000000000e+02 4.331194730430e+02 -7.174134443697e+00
1.820000000000e+02 4.403303603503e+02 -7.247762999625e+00
1.810000000000e+02 4.476152466071e+02 -7.322134257925e+00
1.800000000000e+02 4.549748803039e+02 -7.397259837608e+00
1.790000000000e+02 4.624100216794e+02 -7.473151616812e+00
1.780000000000e+02 4.699214429828e+02 -7.549821740234e+00
1.770000000000e+02 4.775099287446e+02 -7.627282626829e+00
1.760000000000e+02 4.851762760549e+02 -7.705546977765e+00
1.750000000000e+02 4.929212948490e+02 -7.784627784667e+00
1.740000000000e+02 5.007458082032e+02 -7.864538338144e+00
1.730000000000e+02 5.086506526371e+02 -7.945292236619e+00
1.720000000000e+02 5.166366784265e+02 -8.026903395475e+00
1.710000000000e+02 5.247047499253e+02 -8.109386056521e+00
1.700000000000e+02 5.328557458961e+02 -8.192754797809e+00
1.690000000000e+02 5.410905598521e+02 -8.277024543798e+00
1.680000000000e+02 5.494101004086e+02 -8.362210575887e+00
1.670000000000e+02 5.578152916451e+02 -8.448328543341e+00
1.660000000000e+02 5.663070734791e+02 -8.535394474612e+00
1.650000000000e+02 5.748864020512e+02 -8.623424789080e+00
1.640000000000e+02 5.835542501216e+02 -8.712436309237e+00
1.630000000000e+02 5.923116074799e+02 -8.802446273317e+00
1.620000000000e+02 6.011594813673e+02 -8.893472348417e+00
1.610000000000e+02 6.100988969122e+02 -8.985532644099e+00
1.600000000000e+02 6.191308975796e+02 -9.078645726523e+00
1.590000000000e+02 6.282565456350e+02 -9.172830633120e+00
1.580000000000e+02 6.374769226233e+02 -9.268106887829e+00
1.570000000000e+02 6.467931298634e+02 -9.364494516930e+00
1.560000000000e+02 6.562062889582e+02 -9.462014065492e+00
1.550000000000e+02 6.657175423222e+02 -9.560686614475e+00
1.540000000000e+02 6.753280537263e+02 -9.660533798504e+00
1.530000000000e+02 6.850390088604e+02 -9.761577824358e+00
1.520000000000e+02 6.948516159153e+02 -9.863841490190e+00
1.510000000000e+02 7.047671061841e+02 -9.967348205541e+00
1.500000000000e+02 7.147867346835e+02 -1.007212201215e+01
1.490000000000e+02 7.249117807971e+02 -1.017818760563e+01
1.480000000000e+02 7.351435489405e+02 -1.028557035803e+01
1.470000000000e+02 7.454833692493e+02 -1.039429634132e+01
1.460000000000e+02 7.559325982912e+02 -1.050439235191e+01
1.450000000000e+02 7.664926198031e+02 -1.061588593613e+01
1.440000000000e+02 7.771648454540e+02 -1.072880541682e+01
1.430000000000e+02 7.879507156360e+02 -1.084317992106e+01
1.420000000000e+02 7.988517002819e+02 -1.095903940912e+01
1.410000000000e+02 8.098692997142e+02 -1.107641470458e+01
1.400000000000e+02 8.210050455235e+02 -1.119533752581e+01
1.390000000000e+02 8.322605014799e+02 -1.131584051888e+01
1.380000000000e+02 8.436372644777e+02 -1.143795729182e+01
1.370000000000e+02 8.551369655149e+02 -1.156172245049e+01
1.360000000000e+02 8.667612707099e+02 -1.168717163600e+01
1.350000000000e+02 8.785118823562e+02 -1.181434156388e+01
1.340000000000e+02 8.903905400169e+02 -1.194327006494e+01
1.330000000000e+02 9.023990216612e+02 -1.207399612813e+01
1.320000000000e+02 9.145391448450e+02 -1.220655994524e+01
1.310000000000e+02 9.268127679369e+02 -1.234100295779e+01
1.300000000000e+02 9.392217913920e+02 -1.247736790604e+01
1.290000000000e+02 9.517681590766e+02 -1.261569888037e+01
1.280000000000e+02 9.644538596446e+02 -1.275604137508e+01
1.270000000000e+02 9.772809279696e+02 -1.289844234476e+01
1.260000000000e+02 9.902514466343e+02 -1.304295026340e+01
1.250000000000e+02 1.003367547481e+03 -1.318961518638e+01
1.240000000000e+02 1.016631413225e+03 -1.333848881552e+01
1.230000000000e+02 1.030045279135e+03 -1.348962456728e+01
1.220000000000e+02 1.043611434782e+03 -1.364307764448e+01
1.210000000000e+02 1.057332225867e+03 -1.379890511152e+01
1.200000000000e+02 1.071210056116e+03 -1.395716597348e+01
1.190000000000e+02 1.085247389267e+03 -1.411792125924e+01
1.180000000000e+02 1.099446751134e+03 -1.428123410890e+01
1.170000000000e+02 1.113810731764e+03 -1.444716986575e+01
1.160000000000e+02 1.128341987691e+03 -1.461579617304e+01
1.150000000000e+02 1.143043244283e+03 -1.478718307591e+01
1.140000000000e+02 1.157917298199e+03 -1.496140312874e+01
1.130000000000e+02 1.172967019955e+03 -1.513853150830e+01
1.120000000000e+02 1.188195356602e+03 -1.531864613298e+01
1.110000000000e+02 1.203605334534e+03 -1.550182778869e+01
1.100000000000e+02 1.219200062419e+03 -1.568816026157e+01
1.090000000000e+02 1.234982734271e+03 -1.587773047822e+01
1.080000000000e+02 1.250956632660e+03 -1.607062865379e+01
1.070000000000e+02 1.267125132082e+03 -1.626694844848e+01
1.060000000000e+02 1.283491702482e+03 -1.646678713303e+01
1.050000000000e+02 1.300059912956e+03 -1.667024576382e+01
1.040000000000e+02 1.316833435625e+03 -1.687742936818e+01
1.030000000000e+02 1.333816049704e+03 -1.708844714065e+01
1.020000000000e+02 1.351011645772e+03 -1.730341265096e+01
1.010000000000e+02 1.368424230258e+03 -1.752244406450e+01
1.000000000000e+02 1.386057930149e+03 -1.774566437625e+01
9.900000000000e+01 1.403916997946e+03 -1.797320165902e+01
9.800000000000e+01 1.422005816872e+03 -1.820518932714e+01
9.700000000000e+01 1.440328906348e+03 -1.844176641665e+01
9.600000000000e+01 1.458890927767e+03 -1.868307788325e+01
9.500000000000e+01 1.477696690570e+03 -1.892927491931e+01
9.400000000000e+01 1.496751158647e+03 -1.918051529139e+01
9.300000000000e+01 1.516059457091e+03 -1.943696369982e+01
9.200000000000e+01 1.535626879320e+03 -1.969879216206e+01
9.100000000000e+01 1.555458894598e+03 -1.996618042158e+01
9.000000000000e+01 1.575561155976e+03 -2.023931638451e+01
8.900000000000e+01 1.595939508687e+03 -2.051839658594e+01
8.800000000000e+01 1.616599999017e+03 -2.080362668854e+01
8.700000000000e+01 1.637548883702e+03 -2.109522201597e+01
8.600000000000e+01 1.658792639866e+03 -2.139340812399e+01
8.500000000000e+01 1.680337975559e+03 -2.169842141235e+01
8.400000000000e+01 1.702191840926e+03 -2.201050978103e+01
8.300000000000e+01 1.724361440051e+03 -2.232993333444e+01
8.200000000000e+01 1.746854243539e+03 -2.265696513784e+01
8.100000000000e+01 1.769678001875e+03 -2.299189203047e+01
8.000000000000e+01 1.792840759634e+03 -2.333501550042e+01
7.900000000000e+01 1.816350870592e+03 -2.368665262682e+01
7.800000000000e+01 1.840217013821e+03 -2.404713709533e+01
7.700000000000e+01 1.864448210834e+03 -2.441682029378e+01
7.600000000000e+01 1.889053843872e+03 -2.479607249533e+01
7.500000000000e+01 1.914043675420e+03 -2.518528413750e+01
7.400000000000e+01 1.939427869055e+03 -2.558486720607e+01
7.300000000000e+01 1.965217011734e+03 -2.599525673419e+01
7.200000000000e+01 1.991422137643e+03 -2.641691242780e+01
7.100000000000e+01 2.018054753738e+03 -2.685032043022e+01
7.000000000000e+01 2.045126867130e+03 -2.729599523958e+01
