2.800000000000e+02 0.000000000000e+00 -2.384305835010e+00
2.790000000000e+02 2.384305835010e+00 -2.417547930459e+00
2.780000000000e+02 4.801853765469e+00 -2.450947156037e+00
2.770000000000e+02 7.252800921506e+00 -2.484502693228e+00
2.760000000000e+02 9.737303614733e+00 -2.518213692525e+00
2.750000000000e+02 1.225551730726e+01 -2.552079273528e+00
2.740000000000e+02 1.480759658079e+01 -2.586098525056e+00
2.730000000000e+02 1.739369510584e+01 -2.620270505292e+00
2.720000000000e+02 2.001396561114e+01 -2.654594241951e+00
2.710000000000e+02 2.266855985309e+01 -2.689068732468e+00
2.700000000000e+02 2.535762858555e+01 -2.723692944225e+00
2.690000000000e+02 2.808132152978e+01 -2.758465814795e+00
2.680000000000e+02 3.083978734457e+01 -2.793386252219e+00
2.670000000000e+02 3.363317359679e+01 -2.828453135312e+00
2.660000000000e+02 3.646162673210e+01 -2.863665314001e+00
2.650000000000e+02 3.932529204610e+01 -2.899021609685e+00
2.640000000000e+02 4.222431365579e+01 -2.934520815642e+00
2.630000000000e+02 4.515883447143e+01 -2.970161697451e+00
2.620000000000e+02 4.812899616888e+01 -3.005942993460e+00
2.610000000000e+02 5.113493916234e+01 -3.041863415282e+00
2.600000000000e+02 5.417680257762e+01 -3.077921648327e+00
2.590000000000e+02 5.725472422595e+01 -3.114116352369e+00
2.580000000000e+02 6.036884057832e+01 -3.150446162149e+00
2.570000000000e+02 6.351928674047e+01 -3.186909688017e+00
2.560000000000e+02 6.670619642849e+01 -3.223505516606e+00
2.550000000000e+02 6.992970194509e+01 -3.260232211555e+00
2.540000000000e+02 7.318993415665e+01 -3.297088314259e+00
2.530000000000e+02 7.648702247091e+01 -3.334072344669e+00
2.520000000000e+02 7.982109481557e+01 -3.371182802125e+00
2.510000000000e+02 8.319227761770e+01 -3.408418166240e+00
2.500000000000e+02 8.660069578394e+01 -3.445776897815e+00
2.490000000000e+02 9.004647268176e+01 -3.483257439805e+00
2.480000000000e+02 9.352973012156e+01 -3.520858218329e+00
2.470000000000e+02 9.705058833989e+01 -3.558577643719e+00
2.460000000000e+02 1.006091659836e+02 -3.596414111621e+00
2.450000000000e+02 1.042055800952e+02 -3.634366004135e+00
2.440000000000e+02 1.078399460994e+02 -3.672431691012e+00
2.430000000000e+02 1.115123777904e+02 -3.710609530884e+00
2.420000000000e+02 1.152229873213e+02 -3.748897872560e+00
2.410000000000e+02 1.189718851938e+02 -3.787295056354e+00
2.400000000000e+02 1.227591802502e+02 -3.825799415476e+00
2.390000000000e+02 1.265849796657e+02 -3.864409277465e+00
2.380000000000e+02 1.304493889431e+02 -3.903122965676e+00
2.370000000000e+02 1.343525119088e+02 -3.941938800822e+00
2.360000000000e+02 1.382944507096e+02 -3.980855102563e+00
2.350000000000e+02 1.422753058122e+02 -4.019870191150e+00
2.340000000000e+02 1.462951760033e+02 -4.058982389126e+00
2.330000000000e+02 1.503541583925e+02 -4.098190023079e+00
2.320000000000e+02 1.544523484155e+02 -4.137491425449e+00
2.310000000000e+02 1.585898398410e+02 -4.176884936392e+00
2.300000000000e+02 1.627667247774e+02 -4.216368905701e+00
2.290000000000e+02 1.669830936831e+02 -4.255941694788e+00
2.280000000000e+02 1.712390353779e+02 -4.295601678711e+00
2.270000000000e+02 1.755346370566e+02 -4.335347248275e+00
2.260000000000e+02 1.798699843048e+02 -4.375176812185e+00
2.250000000000e+02 1.842451611170e+02 -4.415088799252e+00
2.240000000000e+02 1.886602499163e+02 -4.455081660675e+00
2.230000000000e+02 1.931153315770e+02 -4.495153872365e+00
2.220000000000e+02 1.976104854493e+02 -4.535303937349e+00
2.210000000000e+02 2.021457893867e+02 -4.575530388221e+00
2.200000000000e+02 2.067213197749e+02 -4.615831789664e+00
2.190000000000e+02 2.113371515646e+02 -4.656206741035e+00
2.180000000000e+02 2.159933583056e+02 -4.696653879009e+00
2.170000000000e+02 2.206900121846e+02 -4.737171880290e+00
2.160000000000e+02 2.254271840649e+02 -4.777759464393e+00
2.150000000000e+02 2.302049435293e+02 -4.818415396481e+00
2.140000000000e+02 2.350233589258e+02 -4.859138490275e+00
2.130000000000e+02 2.398824974160e+02 -4.899927611034e+00
2.120000000000e+02 2.447824250271e+02 -4.940781678592e+00
2.110000000000e+02 2.497232067057e+02 -4.981699670479e+00
2.100000000000e+02 2.547049063761e+02 -5.022680625093e+00
2.090000000000e+02 2.597275870012e+02 -5.063723644958e+00
2.080000000000e+02 2.647913106462e+02 -5.104827900044e+00
2.070000000000e+02 2.698961385462e+02 -5.145992631161e+00
2.060000000000e+02 2.750421311774e+02 -5.187217153423e+00
2.050000000000e+02 2.802293483308e+02 -5.228500859790e+00
2.040000000000e+02 2.854578491906e+02 -5.269843224677e+00
2.030000000000e+02 2.907276924153e+02 -5.311243807645e+00
2.020000000000e+02 2.960389362229e+02 -5.352702257164e+00
2.010000000000e+02 3.013916384801e+02 -5.394218314453e+00
2.000000000000e+02 3.067858567946e+02 -5.435791817400e+00
1.990000000000e+02 3.122216486120e+02 -5.477422704560e+00
1.980000000000e+02 3.176990713165e+02 -5.519111019233e+00
1.970000000000e+02 3.232181823357e+02 -5.560856913623e+00
1.960000000000e+02 3.287790392494e+02 -5.602660653085e+00
1.950000000000e+02 3.343816999025e+02 -5.644522620448e+00
1.940000000000e+02 3.400262225229e+02 -5.686443320436e+00
1.930000000000e+02 3.457126658433e+02 -5.728423384163e+00
1.920000000000e+02 3.514410892275e+02 -5.770463573727e+00
1.910000000000e+02 3.572115528012e+02 -5.812564786895e+00
1.900000000000e+02 3.630241175881e+02 -5.854728061875e+00
1.890000000000e+02 3.688788456500e+02 -5.896954582191e+00
1.880000000000e+02 3.747758002322e+02 -5.939245681650e+00
1.870000000000e+02 3.807150459138e+02 -5.981602849415e+00
1.860000000000e+02 3.866966487633e+02 -6.024027735172e+00
1.850000000000e+02 3.927206764984e+02 -6.066522154411e+00
1.840000000000e+02 3.987871986528e+02 -6.109088093810e+00
1.830000000000e+02 4.048962867467e+02 -6.151727716737e+00
1.820000000000e+02 4.110480144634e+02 -6.194443368853e+00
1.810000000000e+02 4.172424578322e+02 -6.237237583852e+00
1.800000000000e+02 4.234796954161e+02 -6.280113089306e+00
1.790000000000e+02 4.297598085054e+02 -6.323072812645e+00
1.780000000000e+02 4.360828813180e+02 -6.366119887269e+00
1.770000000000e+02 4.424490012053e+02 -6.409257658782e+00
1.760000000000e+02 4.488582588641e+02 -6.452489691386e+00
1.750000000000e+02 4.553107485555e+02 -6.495819774395e+00
1.740000000000e+02 4.618065683299e+02 -6.539251928924e+00
1.730000000000e+02 4.683458202588e+02 -6.582790414710e+00
1.720000000000e+02 4.749286106735e+02 -6.626439737118e+00
1.710000000000e+02 4.815550504106e+02 -6.670204654292e+00
1.700000000000e+02 4.882252550649e+02 -6.714090184501e+00
1.690000000000e+02 4.949393452494e+02 -6.758101613658e+00
1.680000000000e+02 5.016974468631e+02 -6.802244503029e+00
1.670000000000e+02 5.084996913661e+02 -6.846524697143e+00
1.660000000000e+02 5.153462160632e+02 -6.890948331912e+00
1.650000000000e+02 5.222371643952e+02 -6.935521842960e+00
1.640000000000e+02 5.291726862381e+02 -6.980251974188e+00
1.630000000000e+02 5.361529382123e+02 -7.025145786570e+00
1.620000000000e+02 5.431780839989e+02 -7.070210667199e+00
1.610000000000e+02 5.502482946661e+02 -7.115454338595e+00
1.600000000000e+02 5.573637490047e+02 -7.160884868278e+00
1.590000000000e+02 5.645246338730e+02 -7.206510678641e+00
1.580000000000e+02 5.717311445516e+02 -7.252340557107e+00
1.570000000000e+02 5.789834851087e+02 -7.298383666615e+00
1.560000000000e+02 5.862818687753e+02 -7.344649556422e+00
1.550000000000e+02 5.936265183317e+02 -7.391148173270e+00
1.540000000000e+02 6.010176665050e+02 -7.437889872898e+00
1.530000000000e+02 6.084555563779e+02 -7.484885431956e+00
1.520000000000e+02 6.159404418099e+02 -7.532146060311e+00
1.510000000000e+02 6.234725878702e+02 -7.579683413783e+00
1.500000000000e+02 6.310522712840e+02 -7.627509607329e+00
1.490000000000e+02 6.386797808913e+02 -7.675637228690e+00
1.480000000000e+02 6.463554181200e+02 -7.724079352546e+00
1.470000000000e+02 6.540794974725e+02 -7.772849555186e+00
1.460000000000e+02 6.618523470277e+02 -7.821961929730e+00
1.450000000000e+02 6.696743089574e+02 -7.871431101930e+00
1.440000000000e+02 6.775457400594e+02 -7.921272246594e+00
1.430000000000e+02 6.854670123060e+02 -7.971501104638e+00
1.420000000000e+02 6.934385134106e+02 -8.022134000837e+00
1.410000000000e+02 7.014606474114e+02 -8.073187862290e+00
1.400000000000e+02 7.095338352737e+02 -8.124680237638e+00
1.390000000000e+02 7.176585155114e+02 -8.176629317096e+00
1.380000000000e+02 7.258351448285e+02 -8.229053953327e+00
1.370000000000e+02 7.340641987818e+02 -8.281973683210e+00
1.360000000000e+02 7.423461724650e+02 -8.335408750560e+00
1.350000000000e+02 7.506815812156e+02 -8.389380129849e+00
1.340000000000e+02 7.590709613454e+02 -8.443909550980e+00
1.330000000000e+02 7.675148708964e+02 -8.499019525190e+00
1.320000000000e+02 7.760138904216e+02 -8.554733372130e+00
1.310000000000e+02 7.845686237937e+02 -8.611075248208e+00
1.300000000000e+02 7.931796990419e+02 -8.668070176252e+00
1.290000000000e+02 8.018477692182e+02 -8.725744076590e+00
1.280000000000e+02 8.105735132948e+02 -8.784123799613e+00
1.270000000000e+02 8.193576370944e+02 -8.843237159918e+00
1.260000000000e+02 8.282008742543e+02 -8.903112972135e+00
1.250000000000e+02 8.371039872264e+02 -8.963781088519e+00
1.240000000000e+02 8.460677683149e+02 -9.025272438432e+00
1.230000000000e+02 8.550930407534e+02 -9.087619069826e+00
1.220000000000e+02 8.641806598232e+02 -9.150854192847e+00
1.210000000000e+02 8.733315140160e+02 -9.215012225690e+00
1.200000000000e+02 8.825465262417e+02 -9.280128842854e+00
1.190000000000e+02 8.918266550846e+02 -9.346241025944e+00
1.180000000000e+02 9.011728961105e+02 -9.413387117168e+00
1.170000000000e+02 9.105862832277e+02 -9.481606875726e+00
1.160000000000e+02 9.200678901034e+02 -9.550941537256e+00
1.150000000000e+02 9.296188316407e+02 -9.621433876533e+00
1.140000000000e+02 9.392402655172e+02 -9.693128273657e+00
1.130000000000e+02 9.489333937909e+02 -9.766070783920e+00
1.120000000000e+02 9.586994645748e+02 -9.840309211638e+00
1.110000000000e+02 9.685397737864e+02 -9.915893188168e+00
1.100000000000e+02 9.784556669746e+02 -9.992874254429e+00
1.090000000000e+02 9.884485412290e+02 -1.007130594820e+01
1.080000000000e+02 9.985198471772e+02 -1.015124389656e+01
1.070000000000e+02 1.008671091074e+03 -1.023274591374e+01
1.060000000000e+02 1.018903836988e+03 -1.031587210491e+01
1.050000000000e+02 1.029219709092e+03 -1.040068497610e+01
1.040000000000e+02 1.039620394069e+03 -1.048724955096e+01
1.030000000000e+02 1.050107643620e+03 -1.057563349457e+01
1.020000000000e+02 1.060683277114e+03 -1.066590724498e+01
1.010000000000e+02 1.071349184359e+03 -1.075814415301e+01
1.000000000000e+02 1.082107328512e+03 -1.085242063085e+01
9.900000000000e+01 1.092959749143e+03 -1.094881631019e+01
9.800000000000e+01 1.103908565453e+03 -1.104741421053e+01
9.700000000000e+01 1.114955979664e+03 -1.114830091847e+01
9.600000000000e+01 1.126104280582e+03 -1.125156677879e+01
9.500000000000e+01 1.137355847361e+03 -1.135730609822e+01
9.400000000000e+01 1.148713153459e+03 -1.146561736294e+01
9.300000000000e+01 1.160178770822e+03 -1.157660347079e+01
9.200000000000e+01 1.171755374293e+03 -1.169037197941e+01
9.100000000000e+01 1.183445746272e+03 -1.180703537164e+01
9.000000000000e+01 1.195252781644e+03 -1.192671133940e+01
8.900000000000e+01 1.207179492983e+03 -1.204952308776e+01
8.800000000000e+01 1.219229016071e+03 -1.217559966074e+01
8.700000000000e+01 1.231404615732e+03 -1.230507629066e+01
8.600000000000e+01 1.243709692022e+03 -1.243809477312e+01
8.500000000000e+01 1.256147786796e+03 -1.257480386967e+01
8.400000000000e+01 1.268722590665e+03 -1.271535974066e+01
8.300000000000e+01 1.281437950406e+03 -1.285992641087e+01
8.200000000000e+01 1.294297876817e+03 -1.300867627083e+01
8.100000000000e+01 1.307306553088e+03 -1.316179061699e+01
8.000000000000e+01 1.320468343705e+03 -1.331946023432e+01
7.900000000000e+01 1.333787803939e+03 -1.348188602523e+01
7.800000000000e+01 1.347269689964e+03 -1.364927968899e+01
7.700000000000e+01 1.360918969653e+03 -1.382186445664e+01
7.600000000000e+01 1.374740834110e+03 -1.399987588643e+01
7.500000000000e+01 1.388740709996e+03 -1.418356272582e+01
7.400000000000e+01 1.402924272722e+03 -1.437318784645e+01
7.300000000000e+01 1.417297460568e+03 -1.456902925945e+01
7.200000000000e+01 1.431866489828e+03 -1.477138121891e+01
7.100000000000e+01 1.446637871047e+03 -1.498055542291e+01
7.000000000000e+01 1.461618426470e+03 -1.519688232176e+01
