2.800000000000e+02 0.000000000000e+00 0.000000000000e+00 -2.384305835010e+00
2.790000000000e+02 2.400927053807e+00 2.400927053794e+00 -2.417587965066e+00
2.780000000000e+02 4.835255743010e+00 4.835255742984e+00 -2.451109534907e+00
2.770000000000e+02 7.303226800895e+00 7.303226800856e+00 -2.484873137743e+00
2.760000000000e+02 9.805083572694e+00 9.805083572642e+00 -2.518881404368e+00
2.750000000000e+02 1.234107205351e+01 1.234107205344e+01 -2.553137003841e+00
2.740000000000e+02 1.491144092692e+01 1.491144092684e+01 -2.587642644186e+00
2.730000000000e+02 1.751644160432e+01 1.751644160422e+01 -2.622401073105e+00
2.720000000000e+02 2.015632826493e+01 2.015632826482e+01 -2.657415078708e+00
2.710000000000e+02 2.283135789661e+01 2.283135789649e+01 -2.692687490255e+00
2.700000000000e+02 2.554179033737e+01 2.554179033723e+01 -2.728221178925e+00
2.690000000000e+02 2.828788831767e+01 2.828788831752e+01 -2.764019058589e+00
2.680000000000e+02 3.106991750354e+01 3.106991750337e+01 -2.800084086609e+00
2.670000000000e+02 3.388814654043e+01 3.388814654025e+01 -2.836419264652e+00
2.660000000000e+02 3.674284709797e+01 3.674284709777e+01 -2.873027639521e+00
2.650000000000e+02 3.963429391552e+01 3.963429391531e+01 -2.909912304013e+00
2.640000000000e+02 4.256276484859e+01 4.256276484836e+01 -2.947076397781e+00
2.630000000000e+02 4.552854091614e+01 4.552854091589e+01 -2.984523108231e+00
2.620000000000e+02 4.853190634879e+01 4.853190634852e+01 -3.022255671433e+00
2.610000000000e+02 5.157314863795e+01 5.157314863767e+01 -3.060277373051e+00
2.600000000000e+02 5.465255858590e+01 5.465255858559e+01 -3.098591549296e+00
2.590000000000e+02 5.777043035678e+01 5.777043035646e+01 -3.137201587906e+00
2.580000000000e+02 6.092706152869e+01 6.092706152835e+01 -3.176110929141e+00
2.570000000000e+02 6.412275314664e+01 6.412275314628e+01 -3.215323066806e+00
2.560000000000e+02 6.735780977667e+01 6.735780977629e+01 -3.254841549296e+00
2.550000000000e+02 7.063253956094e+01 7.063253956054e+01 -3.294669980668e+00
2.540000000000e+02 7.394725427396e+01 7.394725427354e+01 -3.334812021737e+00
2.530000000000e+02 7.730226937992e+01 7.730226937948e+01 -3.375271391193e+00
2.520000000000e+02 8.069790409109e+01 8.069790409063e+01 -3.416051866756e+00
2.510000000000e+02 8.413448142747e+01 8.413448142699e+01 -3.457157286348e+00
2.500000000000e+02 8.761232827759e+01 8.761232827708e+01 -3.498591549296e+00
2.490000000000e+02 9.113177546051e+01 9.113177545998e+01 -3.540358617569e+00
2.480000000000e+02 9.469315778911e+01 9.469315778856e+01 -3.582462517038e+00
2.470000000000e+02 9.829681413464e+01 9.829681413407e+01 -3.624907338769e+00
2.460000000000e+02 1.019430874926e+02 1.019430874920e+02 -3.667697240353e+00
2.450000000000e+02 1.056323250497e+02 1.056323250491e+02 -3.710836447255e+00
2.440000000000e+02 1.093648782530e+02 1.093648782524e+02 -3.754329254214e+00
2.430000000000e+02 1.131411028792e+02 1.131411028786e+02 -3.798180026662e+00
2.420000000000e+02 1.169613591066e+02 1.169613591059e+02 -3.842393202188e+00
2.410000000000e+02 1.208260115876e+02 1.208260115869e+02 -3.886973292034e+00
2.400000000000e+02 1.247354295235e+02 1.247354295227e+02 -3.931924882629e+00
2.390000000000e+02 1.286899867400e+02 1.286899867392e+02 -3.977252637162e+00
2.380000000000e+02 1.326900617654e+02 1.326900617646e+02 -4.022961297195e+00
2.370000000000e+02 1.367360379093e+02 1.367360379084e+02 -4.069055684317e+00
2.360000000000e+02 1.408283033433e+02 1.408283033425e+02 -4.115540701838e+00
2.350000000000e+02 1.449672511844e+02 1.449672511835e+02 -4.162421336530e+00
2.340000000000e+02 1.491532795786e+02 1.491532795776e+02 -4.209702660407e+00
2.330000000000e+02 1.533867917871e+02 1.533867917861e+02 -4.257389832558e+00
2.320000000000e+02 1.576681962748e+02 1.576681962738e+02 -4.305488101020e+00
2.310000000000e+02 1.619979067999e+02 1.619979067989e+02 -4.354002804707e+00
2.300000000000e+02 1.663763425056e+02 1.663763425045e+02 -4.402939375383e+00
2.290000000000e+02 1.708039280142e+02 1.708039280131e+02 -4.452303339689e+00
2.280000000000e+02 1.752810935230e+02 1.752810935219e+02 -4.502100321226e+00
2.270000000000e+02 1.798082749022e+02 1.798082749011e+02 -4.552336042688e+00
2.260000000000e+02 1.843859137953e+02 1.843859137941e+02 -4.603016328057e+00
2.250000000000e+02 1.890144577211e+02 1.890144577198e+02 -4.654147104851e+00
2.240000000000e+02 1.936943601788e+02 1.936943601775e+02 -4.705734406439e+00
2.230000000000e+02 1.984260807549e+02 1.984260807536e+02 -4.757784374408e+00
2.220000000000e+02 2.032100852326e+02 2.032100852313e+02 -4.810303261007e+00
2.210000000000e+02 2.080468457037e+02 2.080468457023e+02 -4.863297431649e+00
2.200000000000e+02 2.129368406831e+02 2.129368406817e+02 -4.916773367478e+00
2.190000000000e+02 2.178805552257e+02 2.178805552242e+02 -4.970737668017e+00
2.180000000000e+02 2.228784810463e+02 2.228784810448e+02 -5.025197053883e+00
2.170000000000e+02 2.279311166420e+02 2.279311166405e+02 -5.080158369572e+00
2.160000000000e+02 2.330389674178e+02 2.330389674161e+02 -5.135628586333e+00
2.150000000000e+02 2.382025458140e+02 2.382025458124e+02 -5.191614805110e+00
2.140000000000e+02 2.434223714385e+02 2.434223714368e+02 -5.248124259576e+00
2.130000000000e+02 2.486989712001e+02 2.486989711984e+02 -5.305164319249e+00
2.120000000000e+02 2.540328794467e+02 2.540328794449e+02 -5.362742492692e+00
2.110000000000e+02 2.594246381055e+02 2.594246381037e+02 -5.420866430812e+00
2.100000000000e+02 2.648747968272e+02 2.648747968253e+02 -5.479543930248e+00
2.090000000000e+02 2.703839131335e+02 2.703839131315e+02 -5.538782936856e+00
2.080000000000e+02 2.759525525679e+02 2.759525525659e+02 -5.598591549296e+00
2.070000000000e+02 2.815812888507e+02 2.815812888487e+02 -5.658978022726e+00
2.060000000000e+02 2.872707040372e+02 2.872707040350e+02 -5.719950772597e+00
2.050000000000e+02 2.930213886796e+02 2.930213886774e+02 -5.781518378564e+00
2.040000000000e+02 2.988339419938e+02 2.988339419916e+02 -5.843689588511e+00
2.030000000000e+02 3.047089720295e+02 3.047089720272e+02 -5.906473322695e+00
2.020000000000e+02 3.106470958444e+02 3.106470958420e+02 -5.969878678009e+00
2.010000000000e+02 3.166489396833e+02 3.166489396808e+02 -6.033914932380e+00
2.000000000000e+02 3.227151391613e+02 3.227151391588e+02 -6.098591549296e+00
1.990000000000e+02 3.288463394519e+02 3.288463394493e+02 -6.163918182462e+00
1.980000000000e+02 3.350431954792e+02 3.350431954765e+02 -6.229904680609e+00
1.970000000000e+02 3.413063721155e+02 3.413063721128e+02 -6.296561092443e+00
1.960000000000e+02 3.476365443843e+02 3.476365443815e+02 -6.363897671745e+00
1.950000000000e+02 3.540343976673e+02 3.540343976644e+02 -6.431924882629e+00
1.940000000000e+02 3.605006279178e+02 3.605006279148e+02 -6.500653404966e+00
1.930000000000e+02 3.670359418791e+02 3.670359418761e+02 -6.570094139969e+00
1.920000000000e+02 3.736410573089e+02 3.736410573058e+02 -6.640258215962e+00
1.910000000000e+02 3.803167032093e+02 3.803167032061e+02 -6.711156994322e+00
1.900000000000e+02 3.870636200627e+02 3.870636200594e+02 -6.782802075612e+00
1.890000000000e+02 3.938825600743e+02 3.938825600709e+02 -6.855205305910e+00
1.880000000000e+02 4.007742874208e+02 4.007742874174e+02 -6.928378783338e+00
1.870000000000e+02 4.077395785062e+02 4.077395785026e+02 -7.002334864804e+00
1.860000000000e+02 4.147792222232e+02 4.147792222195e+02 -7.077086172952e+00
1.850000000000e+02 4.218940202232e+02 4.218940202195e+02 -7.152645603350e+00
1.840000000000e+02 4.290847871929e+02 4.290847871891e+02 -7.229026331904e+00
1.830000000000e+02 4.363523511380e+02 4.363523511340e+02 -7.306241822520e+00
1.820000000000e+02 4.436975536754e+02 4.436975536714e+02 -7.384305835010e+00
1.810000000000e+02 4.511212503333e+02 4.511212503292e+02 -7.463232433274e+00
1.800000000000e+02 4.586243108594e+02 4.586243108551e+02 -7.543035993740e+00
1.790000000000e+02 4.662076195374e+02 4.662076195330e+02 -7.623731214100e+00
1.780000000000e+02 4.738720755133e+02 4.738720755088e+02 -7.705333122329e+00
1.770000000000e+02 4.816185931302e+02 4.816185931256e+02 -7.787857086019e+00
1.760000000000e+02 4.894481022724e+02 4.894481022676e+02 -7.871318822023e+00
1.750000000000e+02 4.973615487199e+02 4.973615487150e+02 -7.955734406439e+00
1.740000000000e+02 5.053598945127e+02 5.053598945076e+02 -8.041120284928e+00
1.730000000000e+02 5.134441183256e+02 5.134441183205e+02 -8.127493283400e+00
1.720000000000e+02 5.216152158543e+02 5.216152158490e+02 -8.214870619063e+00
1.710000000000e+02 5.298742002118e+02 5.298742002064e+02 -8.303269911869e+00
1.700000000000e+02 5.382221023375e+02 5.382221023319e+02 -8.392709196355e+00
1.690000000000e+02 5.466599714176e+02 5.466599714119e+02 -8.483206933911e+00
1.680000000000e+02 5.551888753186e+02 5.551888753127e+02 -8.574782025486e+00
1.670000000000e+02 5.638099010330e+02 5.638099010269e+02 -8.667453824745e+00
1.660000000000e+02 5.725241551390e+02 5.725241551328e+02 -8.761242151705e+00
1.650000000000e+02 5.813327642740e+02 5.813327642676e+02 -8.856167306872e+00
1.640000000000e+02 5.902368756220e+02 5.902368756154e+02 -8.952250085881e+00
1.630000000000e+02 5.992376574169e+02 5.992376574101e+02 -9.049511794695e+00
1.620000000000e+02 6.083362994597e+02 6.083362994528e+02 -9.147974265345e+00
1.610000000000e+02 6.175340136538e+02 6.175340136466e+02 -9.247659872277e+00
1.600000000000e+02 6.268320345550e+02 6.268320345476e+02 -9.348591549296e+00
1.590000000000e+02 6.362316199398e+02 6.362316199322e+02 -9.450792807157e+00
1.580000000000e+02 6.457340513918e+02 6.457340513840e+02 -9.554287751827e+00
1.570000000000e+02 6.553406349059e+02 6.553406348978e+02 -9.659101103436e+00
1.560000000000e+02 6.650527015122e+02 6.650527015039e+02 -9.765258215962e+00
1.550000000000e+02 6.748716079205e+02 6.748716079120e+02 -9.872785097683e+00
1.540000000000e+02 6.847987371846e+02 6.847987371759e+02 -9.981708432413e+00
1.530000000000e+02 6.948354993893e+02 6.948354993803e+02 -1.009205560158e+01
1.520000000000e+02 7.049833323589e+02 7.049833323496e+02 -1.020385470719e+01
1.510000000000e+02 7.152437023899e+02 7.152437023804e+02 -1.031713459565e+01
1.500000000000e+02 7.256181050081e+02 7.256181049982e+02 -1.043192488263e+01
1.490000000000e+02 7.361080657497e+02 7.361080657396e+02 -1.054825597883e+01
1.480000000000e+02 7.467151409708e+02 7.467151409604e+02 -1.066615911686e+01
1.470000000000e+02 7.574409186824e+02 7.574409186717e+02 -1.078566637923e+01
1.460000000000e+02 7.682870194150e+02 7.682870194040e+02 -1.090681072738e+01
1.450000000000e+02 7.792550971129e+02 7.792550971015e+02 -1.102962603205e+01
1.440000000000e+02 7.903468400584e+02 7.903468400467e+02 -1.115414710485e+01
1.430000000000e+02 8.015639718299e+02 8.015639718178e+02 -1.128040973111e+01
1.420000000000e+02 8.129082522920e+02 8.129082522796e+02 -1.140845070423e+01
1.410000000000e+02 8.243814786217e+02 8.243814786089e+02 -1.153830786135e+01
1.400000000000e+02 8.359854863705e+02 8.359854863573e+02 -1.167002012072e+01
1.390000000000e+02 8.477221505646e+02 8.477221505510e+02 -1.180362752052e+01
1.380000000000e+02 8.595933868454e+02 8.595933868313e+02 -1.193917125944e+01
1.370000000000e+02 8.716011526507e+02 8.716011526362e+02 -1.207669373908e+01
1.360000000000e+02 8.837474484399e+02 8.837474484249e+02 -1.221623860812e+01
1.350000000000e+02 8.960343189634e+02 8.960343189480e+02 -1.235785080856e+01
1.340000000000e+02 9.084638545808e+02 9.084638545649e+02 -1.250157662392e+01
1.330000000000e+02 9.210381926264e+02 9.210381926100e+02 -1.264746372975e+01
1.320000000000e+02 9.337595188282e+02 9.337595188113e+02 -1.279556124627e+01
1.310000000000e+02 9.466300687796e+02 9.466300687621e+02 -1.294591979357e+01
1.300000000000e+02 9.596521294680e+02 9.596521294499e+02 -1.309859154930e+01
1.290000000000e+02 9.728280408620e+02 9.728280408434e+02 -1.325363030899e+01
1.280000000000e+02 9.861601975613e+02 9.861601975420e+02 -1.341109154930e+01
1.270000000000e+02 9.996510505099e+02 9.996510504900e+02 -1.357103249418e+01
1.260000000000e+02 1.013303108778e+03 1.013303108758e+03 -1.373351218422e+01
1.250000000000e+02 1.027118941416e+03 1.027118941395e+03 -1.389859154930e+01
1.240000000000e+02 1.041101179379e+03 1.041101179357e+03 -1.406633348478e+01
1.230000000000e+02 1.055252517534e+03 1.055252517511e+03 -1.423680293141e+01
1.220000000000e+02 1.069575716746e+03 1.069575716722e+03 -1.441006695913e+01
1.210000000000e+02 1.084073606051e+03 1.084073606027e+03 -1.458619485508e+01
1.200000000000e+02 1.098749084919e+03 1.098749084894e+03 -1.476525821596e+01
1.190000000000e+02 1.113605125613e+03 1.113605125587e+03 -1.494733104509e+01
1.180000000000e+02 1.128644775642e+03 1.128644775615e+03 -1.513248985438e+01
1.170000000000e+02 1.143871160329e+03 1.143871160301e+03 -1.532081377152e+01
1.160000000000e+02 1.159287485477e+03 1.159287485448e+03 -1.551238465274e+01
1.150000000000e+02 1.174897040159e+03 1.174897040129e+03 -1.570728720147e+01
1.140000000000e+02 1.190703199629e+03 1.190703199597e+03 -1.590560909316e+01
1.130000000000e+02 1.206709428353e+03 1.206709428320e+03 -1.610744110682e+01
1.120000000000e+02 1.222919283188e+03 1.222919283154e+03 -1.631287726358e+01
1.110000000000e+02 1.239336416694e+03 1.239336416659e+03 -1.652201497272e+01
1.100000000000e+02 1.255964580596e+03 1.255964580560e+03 -1.673495518566e+01
1.090000000000e+02 1.272807629411e+03 1.272807629374e+03 -1.695180255847e+01
1.080000000000e+02 1.289869524235e+03 1.289869524196e+03 -1.717266562337e+01
1.070000000000e+02 1.307154336708e+03 1.307154336667e+03 -1.739765696986e+01
1.060000000000e+02 1.324666253168e+03 1.324666253126e+03 -1.762689343609e+01
1.050000000000e+02 1.342409579001e+03 1.342409578957e+03 -1.786049631120e+01
1.040000000000e+02 1.360388743194e+03 1.360388743149e+03 -1.809859154930e+01
1.030000000000e+02 1.378608303116e+03 1.378608303068e+03 -1.834130999590e+01
1.020000000000e+02 1.397072949525e+03 1.397072949476e+03 -1.858878762773e+01
1.010000000000e+02 1.415787511828e+03 1.415787511777e+03 -1.884116580672e+01
1.000000000000e+02 1.434756963598e+03 1.434756963544e+03 -1.909859154930e+01
9.900000000000e+01 1.453986428368e+03 1.453986428313e+03 -1.936121781192e+01
9.800000000000e+01 1.473481185726e+03 1.473481185668e+03 -1.962920379419e+01
9.700000000000e+01 1.493246677713e+03 1.493246677652e+03 -1.990271526064e+01
9.600000000000e+01 1.513288515557e+03 1.513288515494e+03 -2.018192488263e+01
9.500000000000e+01 1.533612486764e+03 1.533612486698e+03 -2.046701260193e+01
9.400000000000e+01 1.554224562576e+03 1.554224562507e+03 -2.075816601738e+01
9.300000000000e+01 1.575130905831e+03 1.575130905760e+03 -2.105558079661e+01
9.200000000000e+01 1.596337879255e+03 1.596337879180e+03 -2.135946111451e+01
9.100000000000e+01 1.617852054191e+03 1.617852054113e+03 -2.167002012072e+01
9.000000000000e+01 1.639680219829e+03 1.639680219748e+03 -2.198748043818e+01
8.900000000000e+01 1.661829392937e+03 1.661829392852e+03 -2.231207469536e+01
8.800000000000e+01 1.684306828151e+03 1.684306828062e+03 -2.264404609475e+01
8.700000000000e+01 1.707120028846e+03 1.707120028752e+03 -2.298364902056e+01
8.600000000000e+01 1.730276758642e+03 1.730276758544e+03 -2.333114968883e+01
8.500000000000e+01 1.753785053581e+03 1.753785053478e+03 -2.368682684341e+01
8.400000000000e+01 1.777653235017e+03 1.777653234909e+03 -2.405097250168e+01
8.300000000000e+01 1.801889923293e+03 1.801889923180e+03 -2.442389275412e+01
8.200000000000e+01 1.826504052232e+03 1.826504052114e+03 -2.480590862247e+01
8.100000000000e+01 1.851504884527e+03 1.851504884402e+03 -2.519735698139e+01
8.000000000000e+01 1.876902028078e+03 1.876902027947e+03 -2.559859154930e+01
7.900000000000e+01 1.902705453372e+03 1.902705453234e+03 -2.600998395436e+01
7.800000000000e+01 1.928925511950e+03 1.928925511805e+03 -2.643192488263e+01
7.700000000000e+01 1.955572956081e+03 1.955572955928e+03 -2.686482531553e+01
7.600000000000e+01 1.982658959713e+03 1.982658959552e+03 -2.730911786509e+01
7.500000000000e+01 2.010195140822e+03 2.010195140651e+03 -2.776525821596e+01
7.400000000000e+01 2.038193585244e+03 2.038193585064e+03 -2.823372668443e+01
7.300000000000e+01 2.066666872148e+03 2.066666871958e+03 -2.871502990546e+01
7.200000000000e+01 2.095628101252e+03 2.095628101052e+03 -2.920970266041e+01
7.100000000000e+01 2.125090921948e+03 2.125090921735e+03 -2.971830985915e+01
7.000000000000e+01 2.155069564489e+03 2.155069564264e+03 -3.024144869215e+01
