2.800000000000e+02 0.000000000000e+00 -2.384305835010e+00
2.790000000000e+02 2.399579425735e+00 -2.413533048573e+00
2.780000000000e+02 4.824384329109e+00 -2.434718912263e+00
2.770000000000e+02 7.266277919540e+00 -2.447690887881e+00
2.760000000000e+02 9.717006529519e+00 -2.452388294583e+00
2.750000000000e+02 1.216831253240e+01 -2.448863884203e+00
2.740000000000e+02 1.461204719436e+01 -2.437282134883e+00
2.730000000000e+02 1.704028020785e+01 -2.417914348062e+00
2.720000000000e+02 1.944540281799e+01 -2.391130789444e+00
2.710000000000e+02 2.182022176439e+01 -2.357390252335e+00
2.700000000000e+02 2.415804169748e+01 -2.317227531984e+00
2.690000000000e+02 2.645273425772e+01 -2.271239375695e+00
2.680000000000e+02 2.869879259353e+01 -2.220069511732e+00
2.670000000000e+02 3.089137069989e+01 -2.164393360625e+00
2.660000000000e+02 3.302630754909e+01 -2.104902998446e+00
2.650000000000e+02 3.510013652491e+01 -2.042292878613e+00
2.640000000000e+02 3.711008113777e+01 -1.977246734364e+00
2.630000000000e+02 3.905403837210e+01 -1.910425986281e+00
2.620000000000e+02 4.093055129027e+01 -1.842459876415e+00
2.610000000000e+02 4.273877268840e+01 -1.773937449874e+00
2.600000000000e+02 4.447842167278e+01 -1.705401412323e+00
2.590000000000e+02 4.614973501334e+01 -1.637343811990e+00
2.580000000000e+02 4.775341504527e+01 -1.570203430207e+00
2.570000000000e+02 4.929057574867e+01 -1.504364716358e+00
2.560000000000e+02 5.076268845446e+01 -1.440158071039e+00
2.550000000000e+02 5.217152841911e+01 -1.377861264059e+00
2.540000000000e+02 5.351912329388e+01 -1.317701769521e+00
2.530000000000e+02 5.480770429907e+01 -1.259859806310e+00
2.520000000000e+02 5.603966070825e+01 -1.204471886266e+00
2.510000000000e+02 5.721749805946e+01 -1.151634691852e+00
2.500000000000e+02 5.834380034294e+01 -1.101409127847e+00
2.490000000000e+02 5.942119627202e+01 -1.053824415880e+00
2.480000000000e+02 6.045232962428e+01 -1.008882124783e+00
2.470000000000e+02 6.143983354511e+01 -9.665600528179e-01
2.460000000000e+02 6.238630863254e+01 -9.268158989479e-01
2.450000000000e+02 6.329430456862e+01 -8.895906790678e-01
2.440000000000e+02 6.416630502741e+01 -8.548118592349e-01
2.430000000000e+02 6.500471556804e+01 -8.223961913932e-01
2.420000000000e+02 6.581185421300e+01 -7.922522479959e-01
2.410000000000e+02 6.658994441212e+01 -7.642826604783e-01
2.400000000000e+02 6.734111010157e+01 -7.383860729725e-01
2.390000000000e+02 6.806737258069e+01 -7.144588272754e-01
2.380000000000e+02 6.877064894726e+01 -6.923963981615e-01
2.370000000000e+02 6.945275185195e+01 -6.720945999443e-01
2.360000000000e+02 7.011539035398e+01 -6.534505859993e-01
2.350000000000e+02 7.076017168182e+01 -6.363636629799e-01
2.340000000000e+02 7.138860372437e+01 -6.207359408895e-01
2.330000000000e+02 7.200209809852e+01 -6.064728391852e-01
2.320000000000e+02 7.260197365884e+01 -5.934834678094e-01
2.310000000000e+02 7.318946033303e+01 -5.816809005940e-01
2.300000000000e+02 7.376570318369e+01 -5.709823569430e-01
2.290000000000e+02 7.433176661193e+01 -5.613093061322e-01
2.280000000000e+02 7.488863863200e+01 -5.525875070322e-01
2.270000000000e+02 7.543723515814e+01 -5.447469945856e-01
2.260000000000e+02 7.597840425546e+01 -5.377220229819e-01
2.250000000000e+02 7.651293031601e+01 -5.314509741877e-01
2.240000000000e+02 7.704153812922e+01 -5.258762393142e-01
2.230000000000e+02 7.756489682288e+01 -5.209440792356e-01
2.220000000000e+02 7.808362365659e+01 -5.166044699197e-01
2.210000000000e+02 7.859828765493e+01 -5.128109370801e-01
2.200000000000e+02 7.910941307154e+01 -5.095203840106e-01
2.190000000000e+02 7.961748267898e+01 -5.066929158074e-01
2.180000000000e+02 8.012294088218e+01 -5.042916626084e-01
2.170000000000e+02 8.062619665547e+01 -5.022826039903e-01
2.160000000000e+02 8.112762630535e+01 -5.006343962340e-01
2.150000000000e+02 8.162757606256e+01 -4.993182038077e-01
2.140000000000e+02 8.212636450815e+01 -4.983075361077e-01
2.130000000000e+02 8.262428483926e+01 -4.975780902352e-01
2.120000000000e+02 8.312160698097e+01 -4.971076003691e-01
2.110000000000e+02 8.361857955091e+01 -4.968756941134e-01
2.100000000000e+02 8.411543168392e+01 -4.968637560427e-01
2.090000000000e+02 8.461237472375e+01 -4.970547985510e-01
2.080000000000e+02 8.510960378943e+01 -4.974333400039e-01
2.070000000000e+02 8.560729922329e+01 -4.979852901159e-01
2.060000000000e+02 8.610562792795e+01 -4.986978424096e-01
2.050000000000e+02 8.660474459925e+01 -4.995593735637e-01
2.040000000000e+02 8.710479286187e+01 -5.005593494206e-01
2.030000000000e+02 8.760590631417e+01 -5.016882373936e-01
2.020000000000e+02 8.810820948853e+01 -5.029374249980e-01
2.010000000000e+02 8.861181873314e+01 -5.042991442144e-01
2.000000000000e+02 8.911684302100e+01 -5.057664013877e-01
1.990000000000e+02 8.962338469139e+01 -5.073329123627e-01
1.980000000000e+02 9.013154012903e+01 -5.089930425586e-01
1.970000000000e+02 9.064140038566e+01 -5.107417516875e-01
1.960000000000e+02 9.115305174845e+01 -5.125745428323e-01
1.950000000000e+02 9.166657625971e+01 -5.144874156031e-01
1.940000000000e+02 9.218205219152e+01 -5.164768231070e-01
1.930000000000e+02 9.269955447924e+01 -5.185396324699e-01
1.920000000000e+02 9.321915511717e+01 -5.206730886669e-01
1.910000000000e+02 9.374092351962e+01 -5.228747814269e-01
1.900000000000e+02 9.426492685027e+01 -5.251426149877e-01
1.890000000000e+02 9.479123032270e+01 -5.274747804934e-01
1.880000000000e+02 9.531989747453e+01 -5.298697308353e-01
1.870000000000e+02 9.585099041750e+01 -5.323261577507e-01
1.860000000000e+02 9.638457006577e+01 -5.348429710056e-01
1.850000000000e+02 9.692069634434e+01 -5.374192794970e-01
1.840000000000e+02 9.745942837945e+01 -5.400543741234e-01
1.830000000000e+02 9.800082467275e+01 -5.427477122814e-01
1.820000000000e+02 9.854494326062e+01 -5.454989038562e-01
1.810000000000e+02 9.909184186027e+01 -5.483076985833e-01
1.800000000000e+02 9.964157800378e+01 -5.511739746679e-01
1.790000000000e+02 1.001942091614e+02 -5.540977285574e-01
1.780000000000e+02 1.007497928550e+02 -5.570790657688e-01
1.770000000000e+02 1.013083867631e+02 -5.601181926823e-01
1.760000000000e+02 1.018700488180e+02 -5.632154092185e-01
1.750000000000e+02 1.024348372959e+02 -5.663711023230e-01
1.740000000000e+02 1.030028109011e+02 -5.695857401891e-01
1.730000000000e+02 1.035740288444e+02 -5.728598671548e-01
1.720000000000e+02 1.041485509173e+02 -5.761940992157e-01
1.710000000000e+02 1.047264375615e+02 -5.795891200995e-01
1.700000000000e+02 1.053077499345e+02 -5.830456778556e-01
1.690000000000e+02 1.058925499733e+02 -5.865645819129e-01
1.680000000000e+02 1.064809004535e+02 -5.901467005676e-01
1.670000000000e+02 1.070728650478e+02 -5.937929588629e-01
1.660000000000e+02 1.076685083816e+02 -5.975043368290e-01
1.650000000000e+02 1.082678960871e+02 -6.012818680517e-01
1.640000000000e+02 1.088710948563e+02 -6.051266385444e-01
1.630000000000e+02 1.094781724934e+02 -6.090397858983e-01
1.620000000000e+02 1.100891979653e+02 -6.130224986893e-01
1.610000000000e+02 1.107042414533e+02 -6.170760161221e-01
1.600000000000e+02 1.113233744026e+02 -6.212016278946e-01
1.590000000000e+02 1.119466695740e+02 -6.254006742673e-01
1.580000000000e+02 1.125742010934e+02 -6.296745463232e-01
1.570000000000e+02 1.132060445037e+02 -6.340246864087e-01
1.560000000000e+02 1.138422768160e+02 -6.384525887423e-01
1.550000000000e+02 1.144829765618e+02 -6.429598001853e-01
1.540000000000e+02 1.151282238462e+02 -6.475479211642e-01
1.530000000000e+02 1.157781004019e+02 -6.522186067414e-01
1.520000000000e+02 1.164326896447e+02 -6.569735678261e-01
1.510000000000e+02 1.170920767296e+02 -6.618145725244e-01
1.500000000000e+02 1.177563486089e+02 -6.667434476224e-01
1.490000000000e+02 1.184255940920e+02 -6.717620802031e-01
1.480000000000e+02 1.190999039060e+02 -6.768724193939e-01
1.470000000000e+02 1.197793707589e+02 -6.820764782445e-01
1.460000000000e+02 1.204640894048e+02 -6.873763357367e-01
1.450000000000e+02 1.211541567105e+02 -6.927741389255e-01
1.440000000000e+02 1.218496717250e+02 -6.982721052143e-01
1.430000000000e+02 1.225507357506e+02 -7.038725247674e-01
1.420000000000e+02 1.232574524175e+02 -7.095777630604e-01
1.410000000000e+02 1.239699277601e+02 -7.153902635755e-01
1.400000000000e+02 1.246882702964e+02 -7.213125506435e-01
1.390000000000e+02 1.254125911106e+02 -7.273472324398e-01
1.380000000000e+02 1.261430039381e+02 -7.334970041380e-01
1.370000000000e+02 1.268796252546e+02 -7.397646512295e-01
1.360000000000e+02 1.276225743677e+02 -7.461530530150e-01
1.350000000000e+02 1.283719735131e+02 -7.526651862759e-01
1.340000000000e+02 1.291279479532e+02 -7.593041291345e-01
1.330000000000e+02 1.298906260813e+02 -7.660730651113e-01
1.320000000000e+02 1.306601395285e+02 -7.729752873910e-01
1.310000000000e+02 1.314366232759e+02 -7.800142033057e-01
1.300000000000e+02 1.322202157711e+02 -7.871933390494e-01
1.290000000000e+02 1.330110590492e+02 -7.945163446336e-01
1.280000000000e+02 1.338092988595e+02 -8.019869991003e-01
1.270000000000e+02 1.346150847974e+02 -8.096092160042e-01
1.260000000000e+02 1.354285704412e+02 -8.173870491812e-01
1.250000000000e+02 1.362499134960e+02 -8.253246988189e-01
1.240000000000e+02 1.370792759430e+02 -8.334265178475e-01
1.230000000000e+02 1.379168241952e+02 -8.416970186697e-01
1.220000000000e+02 1.387627292612e+02 -8.501408802498e-01
1.210000000000e+02 1.396171669147e+02 -8.587629555844e-01
1.200000000000e+02 1.404803178729e+02 -8.675682795781e-01
1.190000000000e+02 1.413523679823e+02 -8.765620773488e-01
1.180000000000e+02 1.422335084134e+02 -8.857497729904e-01
1.170000000000e+02 1.431239358641e+02 -8.951369988207e-01
1.160000000000e+02 1.440238527730e+02 -9.047296051476e-01
1.150000000000e+02 1.449334675424e+02 -9.145336705841e-01
1.140000000000e+02 1.458529947718e+02 -9.245555129512e-01
1.130000000000e+02 1.467826555031e+02 -9.348017008049e-01
1.120000000000e+02 1.477226774774e+02 -9.452790656299e-01
1.110000000000e+02 1.486732954041e+02 -9.559947147450e-01
1.100000000000e+02 1.496347512438e+02 -9.669560449670e-01
1.090000000000e+02 1.506072945045e+02 -9.781707570873e-01
1.080000000000e+02 1.515911825538e+02 -9.896468712149e-01
1.070000000000e+02 1.525866809458e+02 -1.001392743048e+00
1.060000000000e+02 1.535940637656e+02 -1.013417081136e+00
1.050000000000e+02 1.546136139908e+02 -1.025728965214e+00
1.040000000000e+02 1.556456238728e+02 -1.038337865663e+00
1.030000000000e+02 1.566903953374e+02 -1.051253664205e+00
1.020000000000e+02 1.577482404073e+02 -1.064486675908e+00
1.010000000000e+02 1.588194816465e+02 -1.078047672592e+00
1.000000000000e+02 1.599044526303e+02 -1.091947907760e+00
9.900000000000e+01 1.610034984392e+02 -1.106199143154e+00
9.800000000000e+01 1.621169761818e+02 -1.120813677054e+00
9.700000000000e+01 1.632452555462e+02 -1.135804374482e+00
9.600000000000e+01 1.643887193823e+02 -1.151184699423e+00
9.500000000000e+01 1.655477643183e+02 -1.166968749251e+00
9.400000000000e+01 1.667228014122e+02 -1.183171291518e+00
9.300000000000e+01 1.679142568411e+02 -1.199807803301e+00
9.200000000000e+01 1.691225726321e+02 -1.216894513319e+00
9.100000000000e+01 1.703482074359e+02 -1.234448447035e+00
9.000000000000e+01 1.715916373478e+02 -1.252487475011e+00
8.900000000000e+01 1.728533567781e+02 -1.271030364759e+00
8.800000000000e+01 1.741338793768e+02 -1.290096836421e+00
8.700000000000e+01 1.754337390160e+02 -1.309707622572e+00
8.600000000000e+01 1.767534908338e+02 -1.329884532530e+00
8.500000000000e+01 1.780937123456e+02 -1.350650521549e+00
8.400000000000e+01 1.794550046267e+02 -1.372029765354e+00
8.300000000000e+01 1.808379935727e+02 -1.394047740463e+00
8.200000000000e+01 1.822433312428e+02 -1.416731310857e+00
8.100000000000e+01 1.836716972943e+02 -1.440108821569e+00
8.000000000000e+01 1.851238005126e+02 -1.464210199830e+00
7.900000000000e+01 1.866003804487e+02 -1.489067064500e+00
7.800000000000e+01 1.881022091684e+02 -1.514712844573e+00
7.700000000000e+01 1.896300931266e+02 -1.541182907632e+00
7.600000000000e+01 1.911848751746e+02 -1.568514699232e+00
7.500000000000e+01 1.927674367126e+02 -1.596747894305e+00
7.400000000000e+01 1.943787000011e+02 -1.625924561801e+00
7.300000000000e+01 1.960196306430e+02 -1.656089343899e+00
7.200000000000e+01 1.976912402533e+02 -1.687289651335e+00
7.100000000000e+01 1.993945893332e+02 -1.719575876509e+00
7.000000000000e+01 2.011307903667e+02 -1.753001626282e+00
