2.800000000000e+02 0.000000000000e+00 -2.384305835010e+00
2.790000000000e+02 2.390908478728e+00 -2.377331321731e+00
2.780000000000e+02 4.734992271195e+00 -2.293221141891e+00
2.770000000000e+02 6.959338739208e+00 -2.143799928680e+00
2.760000000000e+02 9.006954309876e+00 -1.947576996339e+00
2.750000000000e+02 1.084141674594e+01 -1.725416461171e+00
2.740000000000e+02 1.244708119007e+01 -1.496587502270e+00
2.730000000000e+02 1.382588874276e+01 -1.276237696153e+00
2.720000000000e+02 1.499247233243e+01 -1.074497989702e+00
2.710000000000e+02 1.596909504967e+01 -8.968283585281e-01
2.700000000000e+02 1.678138549223e+01 -7.450176645682e-01
2.690000000000e+02 1.745524641389e+01 -6.183456264086e-01
2.680000000000e+02 1.801490813543e+01 -5.146128533129e-01
2.670000000000e+02 1.848190173321e+01 -4.309214359463e-01
2.660000000000e+02 1.887467983904e+01 -3.641998998996e-01
2.650000000000e+02 1.920864426310e+01 -3.115178362206e-01
2.640000000000e+02 1.949639848328e+01 -2.702485539854e-01
2.630000000000e+02 1.974810153988e+01 -2.381321615451e-01
2.620000000000e+02 1.997184690051e+01 -2.132791318747e-01
2.610000000000e+02 2.017402341973e+01 -1.941420143203e-01
2.600000000000e+02 2.035963752469e+01 -1.794729567825e-01
2.590000000000e+02 2.053258917054e+01 -1.682775171577e-01
2.580000000000e+02 2.069590166884e+01 -1.597704651540e-01
2.570000000000e+02 2.085190931950e+01 -1.533362902663e-01
2.560000000000e+02 2.100240835915e+01 -1.484953740530e-01
2.550000000000e+02 2.114877705385e+01 -1.448758195886e-01
2.540000000000e+02 2.129207042185e+01 -1.421904523769e-01
2.530000000000e+02 2.143309443526e+01 -1.402183132283e-01
2.520000000000e+02 2.157246382335e+01 -1.387899272511e-01
2.510000000000e+02 2.171064689348e+01 -1.377756769581e-01
2.500000000000e+02 2.184800014889e+01 -1.370766865777e-01
2.490000000000e+02 2.198479493452e+01 -1.366177139578e-01
2.480000000000e+02 2.212123788435e+01 -1.363416329824e-01
2.470000000000e+02 2.225748656903e+01 -1.362051671474e-01
2.460000000000e+02 2.239366143992e+01 -1.361756017211e-01
2.450000000000e+02 2.252985492451e+01 -1.362282576808e-01
2.440000000000e+02 2.266613833692e+01 -1.363445562685e-01
2.430000000000e+02 2.280256711700e+01 -1.365105398636e-01
2.420000000000e+02 2.293918479411e+01 -1.367157443125e-01
2.410000000000e+02 2.307602597981e+01 -1.369523411843e-01
2.400000000000e+02 2.321311862308e+01 -1.372144867886e-01
2.390000000000e+02 2.335048570657e+01 -1.374978291836e-01
2.380000000000e+02 2.348814651998e+01 -1.377991356186e-01
2.370000000000e+02 2.362611761439e+01 -1.381160115761e-01
2.360000000000e+02 2.376441351636e+01 -1.384466893270e-01
2.350000000000e+02 2.390304726121e+01 -1.387898691235e-01
2.340000000000e+02 2.404203079097e+01 -1.391446001678e-01
2.330000000000e+02 2.418137525080e+01 -1.395101915714e-01
2.320000000000e+02 2.432109120968e+01 -1.398861458837e-01
2.310000000000e+02 2.446118882454e+01 -1.402721095670e-01
2.300000000000e+02 2.460167796245e+01 -1.406678361718e-01
2.290000000000e+02 2.474256829144e+01 -1.410731590093e-01
2.280000000000e+02 2.488386934832e+01 -1.414879709141e-01
2.270000000000e+02 2.502559058930e+01 -1.419122092855e-01
2.260000000000e+02 2.516774142799e+01 -1.423458450564e-01
2.250000000000e+02 2.531033126412e+01 -1.427888745725e-01
2.240000000000e+02 2.545336950541e+01 -1.432413136300e-01
2.230000000000e+02 2.559686558438e+01 -1.437031931066e-01
2.220000000000e+02 2.574082897158e+01 -1.441745557686e-01
2.210000000000e+02 2.588526918604e+01 -1.446554539445e-01
2.200000000000e+02 2.603019580390e+01 -1.451459478356e-01
2.190000000000e+02 2.617561846545e+01 -1.456461042933e-01
2.180000000000e+02 2.632154688136e+01 -1.461559959404e-01
2.170000000000e+02 2.646799083803e+01 -1.466757005426e-01
2.160000000000e+02 2.661496020247e+01 -1.472053005638e-01
2.150000000000e+02 2.676246492683e+01 -1.477448828564e-01
2.140000000000e+02 2.691051505267e+01 -1.482945384491e-01
2.130000000000e+02 2.705912071505e+01 -1.488543624081e-01
2.120000000000e+02 2.720829214651e+01 -1.494244537500e-01
2.110000000000e+02 2.735803968104e+01 -1.500049153947e-01
2.100000000000e+02 2.750837375794e+01 -1.505958541476e-01
2.090000000000e+02 2.765930492571e+01 -1.511973807029e-01
2.080000000000e+02 2.781084384602e+01 -1.518096096641e-01
2.070000000000e+02 2.796300129755e+01 -1.524326595775e-01
2.060000000000e+02 2.811578818006e+01 -1.530666529758e-01
2.050000000000e+02 2.826921551835e+01 -1.537117164295e-01
2.040000000000e+02 2.842329446638e+01 -1.543679806066e-01
2.030000000000e+02 2.857803631138e+01 -1.550355803369e-01
2.020000000000e+02 2.873345247812e+01 -1.557146546827e-01
2.010000000000e+02 2.888955453312e+01 -1.564053470142e-01
2.000000000000e+02 2.904635418908e+01 -1.571078050893e-01
1.990000000000e+02 2.920386330929e+01 -1.578221811387e-01
1.980000000000e+02 2.936209391220e+01 -1.585486319544e-01
1.970000000000e+02 2.952105817601e+01 -1.592873189839e-01
1.960000000000e+02 2.968076844341e+01 -1.600384084275e-01
1.950000000000e+02 2.984123722641e+01 -1.608020713412e-01
1.940000000000e+02 3.000247721128e+01 -1.615784837435e-01
1.930000000000e+02 3.016450126358e+01 -1.623678267273e-01
1.920000000000e+02 3.032732243329e+01 -1.631702865761e-01
1.910000000000e+02 3.049095396015e+01 -1.639860548861e-01
1.900000000000e+02 3.065540927899e+01 -1.648153286916e-01
1.890000000000e+02 3.082070202533e+01 -1.656583105978e-01
1.880000000000e+02 3.098684604099e+01 -1.665152089173e-01
1.870000000000e+02 3.115385537992e+01 -1.673862378130e-01
1.860000000000e+02 3.132174431416e+01 -1.682716174461e-01
1.850000000000e+02 3.149052733996e+01 -1.691715741313e-01
1.840000000000e+02 3.166021918402e+01 -1.700863404964e-01
1.830000000000e+02 3.183083480991e+01 -1.710161556499e-01
1.820000000000e+02 3.200238942472e+01 -1.719612653542e-01
1.810000000000e+02 3.217489848580e+01 -1.729219222061e-01
1.800000000000e+02 3.234837770776e+01 -1.738983858242e-01
1.790000000000e+02 3.252284306960e+01 -1.748909230442e-01
1.780000000000e+02 3.269831082208e+01 -1.758998081211e-01
1.770000000000e+02 3.287479749530e+01 -1.769253229397e-01
1.760000000000e+02 3.305231990648e+01 -1.779677572341e-01
1.750000000000e+02 3.323089516794e+01 -1.790274088146e-01
1.740000000000e+02 3.341054069541e+01 -1.801045838044e-01
1.730000000000e+02 3.359127421645e+01 -1.811995968857e-01
1.720000000000e+02 3.377311377925e+01 -1.823127715549e-01
1.710000000000e+02 3.395607776158e+01 -1.834444403884e-01
1.700000000000e+02 3.414018488009e+01 -1.845949453194e-01
1.690000000000e+02 3.432545419991e+01 -1.857646379245e-01
1.680000000000e+02 3.451190514443e+01 -1.869538797231e-01
1.670000000000e+02 3.469955750554e+01 -1.881630424879e-01
1.660000000000e+02 3.488843145407e+01 -1.893925085684e-01
1.650000000000e+02 3.507854755063e+01 -1.906426712272e-01
1.640000000000e+02 3.526992675675e+01 -1.919139349901e-01
1.630000000000e+02 3.546259044646e+01 -1.932067160106e-01
1.620000000000e+02 3.565656041812e+01 -1.945214424486e-01
1.610000000000e+02 3.585185890679e+01 -1.958585548660e-01
1.600000000000e+02 3.604850859686e+01 -1.972185066370e-01
1.590000000000e+02 3.624653263520e+01 -1.986017643768e-01
1.580000000000e+02 3.644595464477e+01 -2.000088083873e-01
1.570000000000e+02 3.664679873856e+01 -2.014401331218e-01
1.560000000000e+02 3.684908953417e+01 -2.028962476694e-01
1.550000000000e+02 3.705285216879e+01 -2.043776762595e-01
1.540000000000e+02 3.725811231470e+01 -2.058849587881e-01
1.530000000000e+02 3.746489619538e+01 -2.074186513663e-01
1.520000000000e+02 3.767323060214e+01 -2.089793268931e-01
1.510000000000e+02 3.788314291133e+01 -2.105675756519e-01
1.500000000000e+02 3.809466110219e+01 -2.121840059336e-01
1.490000000000e+02 3.830781377536e+01 -2.138292446873e-01
1.480000000000e+02 3.852263017202e+01 -2.155039381988e-01
1.470000000000e+02 3.873914019377e+01 -2.172087528000e-01
1.460000000000e+02 3.895737442322e+01 -2.189443756091e-01
1.450000000000e+02 3.917736414536e+01 -2.207115153049e-01
1.440000000000e+02 3.939914136973e+01 -2.225109029353e-01
1.430000000000e+02 3.962273885341e+01 -2.243432927629e-01
1.420000000000e+02 3.984819012493e+01 -2.262094631492e-01
1.410000000000e+02 4.007552950904e+01 -2.281102174797e-01
1.400000000000e+02 4.030479215247e+01 -2.300463851314e-01
1.390000000000e+02 4.053601405073e+01 -2.320188224859e-01
1.380000000000e+02 4.076923207584e+01 -2.340284139902e-01
1.370000000000e+02 4.100448400535e+01 -2.360760732667e-01
1.360000000000e+02 4.124180855231e+01 -2.381627442777e-01
1.350000000000e+02 4.148124539661e+01 -2.402894025442e-01
1.340000000000e+02 4.172283521748e+01 -2.424570564247e-01
1.330000000000e+02 4.196661972739e+01 -2.446667484553e-01
1.320000000000e+02 4.221264170732e+01 -2.469195567568e-01
1.310000000000e+02 4.246094504345e+01 -2.492165965098e-01
1.300000000000e+02 4.271157476547e+01 -2.515590215040e-01
1.290000000000e+02 4.296457708645e+01 -2.539480257655e-01
1.280000000000e+02 4.321999944438e+01 -2.563848452656e-01
1.270000000000e+02 4.347789054558e+01 -2.588707597164e-01
1.260000000000e+02 4.373830040989e+01 -2.614070944598e-01
1.250000000000e+02 4.400128041787e+01 -2.639952224525e-01
1.240000000000e+02 4.426688336009e+01 -2.666365663557e-01
1.230000000000e+02 4.453516348860e+01 -2.693326007334e-01
1.220000000000e+02 4.480617657061e+01 -2.720848543685e-01
1.210000000000e+02 4.507997994474e+01 -2.748949127009e-01
1.200000000000e+02 4.535663257970e+01 -2.777644203977e-01
1.190000000000e+02 4.563619513573e+01 -2.806950840631e-01
1.180000000000e+02 4.591873002881e+01 -2.836886750950e-01
1.170000000000e+02 4.620430149793e+01 -2.867470327012e-01
1.160000000000e+02 4.649297567552e+01 -2.898720670814e-01
1.150000000000e+02 4.678482066111e+01 -2.930657627889e-01
1.140000000000e+02 4.707990659872e+01 -2.963301822823e-01
1.130000000000e+02 4.737830575774e+01 -2.996674696790e-01
1.120000000000e+02 4.768009261796e+01 -3.030798547260e-01
1.110000000000e+02 4.798534395867e+01 -3.065696570002e-01
1.100000000000e+02 4.829413895219e+01 -3.101392903557e-01
1.090000000000e+02 4.860655926209e+01 -3.137912676331e-01
1.080000000000e+02 4.892268914641e+01 -3.175282056503e-01
1.070000000000e+02 4.924261556609e+01 -3.213528304937e-01
1.060000000000e+02 4.956642829900e+01 -3.252679831304e-01
1.050000000000e+02 4.989422005993e+01 -3.292766253656e-01
1.040000000000e+02 5.022608662681e+01 -3.333818461670e-01
1.030000000000e+02 5.056212697372e+01 -3.375868683864e-01
1.020000000000e+02 5.090244341089e+01 -3.418950559040e-01
1.010000000000e+02 5.124714173239e+01 -3.463099212281e-01
1.000000000000e+02 5.159633137182e+01 -3.508351335841e-01
9.900000000000e+01 5.195012556658e+01 -3.554745275284e-01
9.800000000000e+01 5.230864153133e+01 -3.602321121275e-01
9.700000000000e+01 5.267200064118e+01 -3.651120807461e-01
9.600000000000e+01 5.304032862532e+01 -3.701188214894e-01
9.500000000000e+01 5.341375577178e+01 -3.752569283521e-01
9.400000000000e+01 5.379241714409e+01 -3.805312131300e-01
9.300000000000e+01 5.417645281061e+01 -3.859467181523e-01
9.200000000000e+01 5.456600808759e+01 -3.915087299044e-01
9.100000000000e+01 5.496123379665e+01 -3.972227936099e-01
9.000000000000e+01 5.536228653809e+01 -4.030947288529e-01
8.900000000000e+01 5.576932898075e+01 -4.091306463261e-01
8.800000000000e+01 5.618253017007e+01 -4.153369657989e-01
8.700000000000e+01 5.660206585533e+01 -4.217204354094e-01
8.600000000000e+01 5.702811883776e+01 -4.282881523937e-01
8.500000000000e+01 5.746087934100e+01 -4.350475853773e-01
8.400000000000e+01 5.790054540564e+01 -4.420065983650e-01
8.300000000000e+01 5.834732330973e+01 -4.491734765808e-01
8.200000000000e+01 5.880142801732e+01 -4.565569543235e-01
8.100000000000e+01 5.926308365724e+01 -4.641662450211e-01
8.000000000000e+01 5.973252403454e+01 -4.720110736852e-01
7.900000000000e+01 6.020999317735e+01 -4.801017119899e-01
7.800000000000e+01 6.069574592202e+01 -4.884490162221e-01
7.700000000000e+01 6.119004853974e+01 -4.970644683743e-01
7.600000000000e+01 6.169317940830e+01 -5.059602206871e-01
7.500000000000e+01 6.220542973264e+01 -5.151491439734e-01
7.400000000000e+01 6.272710431874e+01 -5.246448801028e-01
7.300000000000e+01 6.325852240536e+01 -5.344618990585e-01
7.200000000000e+01 6.380001855886e+01 -5.446155610334e-01
7.100000000000e+01 6.435194363701e+01 -5.551221840813e-01
7.000000000000e+01 6.491466582787e+01 -5.659991179019e-01
