0.000000 1.000000000000e-01 0.00000e+00
0.010000 9.995008329168e-02 -9.98086e-03
0.020000 9.980038283416e-02 -1.99518e-02
0.030000 9.955104758190e-02 -2.99029e-02
0.040000 9.920232563257e-02 -3.98242e-02
0.050000 9.875456398758e-02 -4.97059e-02
0.060000 9.820820821707e-02 -5.95381e-02
0.070000 9.756380202951e-02 -6.93111e-02
0.080000 9.682198674629e-02 -7.90151e-02
0.090000 9.598350068167e-02 -8.86404e-02
0.100000 9.504917842848e-02 -9.81775e-02
0.110000 9.401995005009e-02 -1.07617e-01
0.120000 9.289684017926e-02 -1.16949e-01
0.130000 9.168096702450e-02 -1.26165e-01
0.140000 9.037354128460e-02 -1.35255e-01
0.150000 8.897586497233e-02 -1.44211e-01
0.160000 8.748933014789e-02 -1.53022e-01
0.170000 8.591541756340e-02 -1.61682e-01
0.180000 8.425569521920e-02 -1.70180e-01
0.190000 8.251181683324e-02 -1.78509e-01
0.200000 8.068552022474e-02 -1.86660e-01
0.210000 7.877862561337e-02 -1.94624e-01
0.220000 7.679303383541e-02 -2.02395e-01
0.230000 7.473072447830e-02 -2.09964e-01
0.240000 7.259375393516e-02 -2.17324e-01
0.250000 7.038425338103e-02 -2.24466e-01
0.260000 6.810442667238e-02 -2.31385e-01
0.270000 6.575654817200e-02 -2.38073e-01
0.280000 6.334296050091e-02 -2.44524e-01
0.290000 6.086607221964e-02 -2.50730e-01
0.300000 5.832835544074e-02 -2.56686e-01
0.310000 5.573234337486e-02 -2.62386e-01
0.320000 5.308062781277e-02 -2.67824e-01
0.330000 5.037585654561e-02 -2.72995e-01
0.340000 4.762073072590e-02 -2.77893e-01
0.350000 4.481800217194e-02 -2.82513e-01
0.360000 4.197047061827e-02 -2.86851e-01
0.370000 3.908098091488e-02 -2.90903e-01
0.380000 3.615242017802e-02 -2.94663e-01
0.390000 3.318771489566e-02 -2.98130e-01
0.400000 3.018982799036e-02 -3.01298e-01
0.410000 2.716175584283e-02 -3.04165e-01
0.420000 2.410652527914e-02 -3.06728e-01
0.430000 2.102719052493e-02 -3.08985e-01
0.440000 1.792683012965e-02 -3.10932e-01
0.450000 1.480854386443e-02 -3.12569e-01
0.460000 1.167544959657e-02 -3.13893e-01
0.470000 8.530680144372e-03 -3.14903e-01
0.480000 5.377380115495e-03 -3.15599e-01
0.490000 2.218702732418e-03 -3.15979e-01
0.500000 -9.421933515710e-04 -3.16042e-01
0.510000 -4.102147242348e-03 -3.15790e-01
0.520000 -7.257998997388e-03 -3.15222e-01
0.530000 -1.040659281715e-02 -3.14339e-01
0.540000 -1.354478023193e-02 -3.13142e-01
0.550000 -1.666942328064e-02 -3.11631e-01
0.560000 -1.977739767804e-02 -3.09809e-01
0.570000 -2.286559596704e-02 -3.07677e-01
0.580000 -2.593093065251e-02 -3.05237e-01
0.590000 -2.897033731328e-02 -3.02492e-01
0.600000 -3.198077768895e-02 -2.99445e-01
0.610000 -3.495924273814e-02 -2.96099e-01
0.620000 -3.790275566506e-02 -2.92457e-01
0.630000 -4.080837491096e-02 -2.88522e-01
0.640000 -4.367319710754e-02 -2.84299e-01
0.650000 -4.649435998901e-02 -2.79792e-01
0.660000 -4.926904526002e-02 -2.75006e-01
0.670000 -5.199448141629e-02 -2.69945e-01
0.680000 -5.466794651518e-02 -2.64614e-01
0.690000 -5.728677089345e-02 -2.59020e-01
0.700000 -5.984833982940e-02 -2.53166e-01
0.710000 -6.235009614681e-02 -2.47060e-01
0.720000 -6.478954275825e-02 -2.40707e-01
0.730000 -6.716424514511e-02 -2.34115e-01
0.740000 -6.947183377214e-02 -2.27288e-01
0.750000 -7.171000643432e-02 -2.20235e-01
0.760000 -7.387653053363e-02 -2.12962e-01
0.770000 -7.596924528390e-02 -2.05477e-01
0.780000 -7.798606384169e-02 -1.97787e-01
0.790000 -7.992497536122e-02 -1.89899e-01
0.800000 -8.178404697169e-02 -1.81823e-01
0.810000 -8.356142567525e-02 -1.73565e-01
0.820000 -8.525534016396e-02 -1.65134e-01
0.830000 -8.686410255433e-02 -1.56538e-01
0.840000 -8.838611003795e-02 -1.47787e-01
0.850000 -8.981984644684e-02 -1.38889e-01
0.860000 -9.116388373241e-02 -1.29852e-01
0.870000 -9.241688335673e-02 -1.20686e-01
0.880000 -9.357759759513e-02 -1.11399e-01
0.890000 -9.464487074901e-02 -1.02002e-01
0.900000 -9.561764026816e-02 -9.25034e-02
0.910000 -9.649493778155e-02 -8.29125e-02
0.920000 -9.727589003591e-02 -7.32391e-02
0.930000 -9.795971974145e-02 -6.34928e-02
0.940000 -9.854574632408e-02 -5.36833e-02
0.950000 -9.903338658359e-02 -4.38204e-02
0.960000 -9.942215525731e-02 -3.39139e-02
0.970000 -9.971166548895e-02 -2.39737e-02
0.980000 -9.990162920213e-02 -1.40096e-02
0.990000 -9.999185737850e-02 -4.03155e-03
1.000000 -9.998226024016e-02 5.95050e-03
1.010000 -9.987284733633e-02 1.59266e-02
1.020000 -9.966372753409e-02 2.58869e-02
1.030000 -9.935510891335e-02 3.58214e-02
1.040000 -9.894729856599e-02 4.57203e-02
1.050000 -9.844070229941e-02 5.55737e-02
1.060000 -9.783582424464e-02 6.53718e-02
1.070000 -9.713326636923e-02 7.51048e-02
1.080000 -9.633372789538e-02 8.47631e-02
1.090000 -9.543800462369e-02 9.43370e-02
1.100000 -9.444698816287e-02 1.03817e-01
1.110000 -9.336166506613e-02 1.13194e-01
1.120000 -9.218311587484e-02 1.22458e-01
1.130000 -9.091251407004e-02 1.31600e-01
1.140000 -8.955112493270e-02 1.40610e-01
1.150000 -8.810030431356e-02 1.49481e-01
1.160000 -8.656149731337e-02 1.58203e-01
1.170000 -8.493623687471e-02 1.66768e-01
1.180000 -8.322614228634e-02 1.75166e-01
1.190000 -8.143291760132e-02 1.83390e-01
1.200000 -7.955834997016e-02 1.91430e-01
1.210000 -7.760430789030e-02 1.99281e-01
1.220000 -7.557273937351e-02 2.06932e-01
1.230000 -7.346567003246e-02 2.14377e-01
1.240000 -7.128520108843e-02 2.21608e-01
1.250000 -6.903350730154e-02 2.28618e-01
1.260000 -6.671283482559e-02 2.35400e-01
1.270000 -6.432549898919e-02 2.41948e-01
1.280000 -6.187388200531e-02 2.48253e-01
1.290000 -5.936043061129e-02 2.54311e-01
1.300000 -5.678765364152e-02 2.60116e-01
1.310000 -5.415811953502e-02 2.65660e-01
1.320000 -5.147445378031e-02 2.70939e-01
1.330000 -4.873933630010e-02 2.75948e-01
1.340000 -4.595549877819e-02 2.80681e-01
1.350000 -4.312572193143e-02 2.85133e-01
1.360000 -4.025283272924e-02 2.89301e-01
1.370000 -3.733970156364e-02 2.93180e-01
1.380000 -3.438923937271e-02 2.96765e-01
1.390000 -3.140439472025e-02 3.00054e-01
1.400000 -2.838815083483e-02 3.03044e-01
1.410000 -2.534352261136e-02 3.05730e-01
1.420000 -2.227355357819e-02 3.08110e-01
1.430000 -1.918131283309e-02 3.10183e-01
1.440000 -1.606989195135e-02 3.11946e-01
1.450000 -1.294240186930e-02 3.13396e-01
1.460000 -9.801969746691e-03 3.14533e-01
1.470000 -6.651735811299e-03 3.15356e-01
1.480000 -3.494850189147e-03 3.15863e-01
1.490000 -3.344697239205e-04 3.16055e-01
1.500000 2.826245211024e-03 3.15930e-01
1.510000 5.984133904520e-03 3.15490e-01
1.520000 9.136038499826e-03 3.14734e-01
1.530000 1.227880718373e-02 3.13663e-01
1.540000 1.540929736898e-02 3.12279e-01
1.550000 1.852437886668e-02 3.10582e-01
1.560000 2.162093704494e-02 3.08575e-01
1.570000 2.469587597061e-02 3.06259e-01
1.580000 2.774612153053e-02 3.03637e-01
1.590000 3.076862452882e-02 3.00712e-01
1.600000 3.376036375716e-02 2.97486e-01
1.610000 3.671834903452e-02 2.93963e-01
1.620000 3.963962421313e-02 2.90146e-01
1.630000 4.252127014766e-02 2.86039e-01
1.640000 4.536040762438e-02 2.81647e-01
1.650000 4.815420024722e-02 2.76972e-01
1.660000 5.089985727786e-02 2.72022e-01
1.670000 5.359463642690e-02 2.66799e-01
1.680000 5.623584659323e-02 2.61311e-01
1.690000 5.882085054898e-02 2.55561e-01
1.700000 6.134706756729e-02 2.49556e-01
1.710000 6.381197599035e-02 2.43302e-01
1.720000 6.621311573533e-02 2.36806e-01
1.730000 6.854809073564e-02 2.30073e-01
1.740000 7.081457131536e-02 2.23110e-01
1.750000 7.301029649461e-02 2.15925e-01
1.760000 7.513307622368e-02 2.08525e-01
1.770000 7.718079354402e-02 2.00917e-01
1.780000 7.915140667406e-02 1.93108e-01
1.790000 8.104295101807e-02 1.85107e-01
1.800000 8.285354109641e-02 1.76921e-01
1.810000 8.458137239537e-02 1.68559e-01
1.820000 8.622472313517e-02 1.60029e-01
1.830000 8.778195595467e-02 1.51340e-01
1.840000 8.925151951127e-02 1.42500e-01
1.850000 9.063194999497e-02 1.33518e-01
1.860000 9.192187255513e-02 1.24403e-01
1.870000 9.312000263904e-02 1.15164e-01
1.880000 9.422514724109e-02 1.05810e-01
1.890000 9.523620606177e-02 9.63513e-02
1.900000 9.615217257549e-02 8.67964e-02
1.910000 9.697213500647e-02 7.71552e-02
1.920000 9.769527721213e-02 6.74372e-02
1.930000 9.832087947302e-02 5.76521e-02
1.940000 9.884831918914e-02 4.78096e-02
1.950000 9.927707148177e-02 3.79195e-02
1.960000 9.960670970066e-02 2.79917e-02
1.970000 9.983690583611e-02 1.80361e-02
1.980000 9.996743083560e-02 8.06245e-03
1.990000 9.999815482496e-02 -1.91918e-03
2.000000 9.992904723363e-02 -1.18989e-02
2.010000 9.976017682420e-02 -2.18668e-02
2.020000 9.949171162605e-02 -3.18129e-02
2.030000 9.912391877318e-02 -4.17274e-02
2.040000 9.865716424633e-02 -5.16003e-02
2.050000 9.809191251961e-02 -6.14219e-02
2.060000 9.742872611182e-02 -7.11824e-02
2.070000 9.666826504281e-02 -8.08720e-02
2.080000 9.581128619529e-02 -9.04811e-02
2.090000 9.485864258241e-02 -1.00000e-01
2.100000 9.381128252187e-02 -1.09420e-01
2.110000 9.267024871686e-02 -1.18730e-01
2.120000 9.143667724473e-02 -1.27923e-01
2.130000 9.011179645402e-02 -1.36988e-01
2.140000 8.869692577069e-02 -1.45916e-01
2.150000 8.719347441444e-02 -1.54699e-01
2.160000 8.560294002613e-02 -1.63328e-01
2.170000 8.392690720726e-02 -1.71795e-01
2.180000 8.216704597284e-02 -1.80090e-01
2.190000 8.032511011866e-02 -1.88206e-01
2.200000 7.840293550443e-02 -1.96134e-01
2.210000 7.640243825407e-02 -2.03866e-01
2.220000 7.432561287485e-02 -2.11395e-01
2.230000 7.217453029664e-02 -2.18714e-01
2.240000 6.995133583329e-02 -2.25814e-01
2.250000 6.765824706768e-02 -2.32689e-01
2.260000 6.529755166235e-02 -2.39332e-01
2.270000 6.287160509777e-02 -2.45736e-01
2.280000 6.038282834011e-02 -2.51895e-01
2.290000 5.783370544093e-02 -2.57802e-01
2.300000 5.522678107067e-02 -2.63452e-01
2.310000 5.256465798865e-02 -2.68839e-01
2.320000 4.984999445171e-02 -2.73958e-01
2.330000 4.708550156413e-02 -2.78803e-01
2.340000 4.427394057150e-02 -2.83369e-01
2.350000 4.141812010105e-02 -2.87652e-01
2.360000 3.852089335134e-02 -2.91648e-01
2.370000 3.558515523417e-02 -2.95353e-01
2.380000 3.261383947155e-02 -2.98762e-01
2.390000 2.960991565085e-02 -3.01873e-01
2.400000 2.657638624103e-02 -3.04682e-01
2.410000 2.351628357337e-02 -3.07186e-01
2.420000 2.043266678955e-02 -3.09383e-01
2.430000 1.732861876067e-02 -3.11271e-01
2.440000 1.420724298025e-02 -3.12848e-01
2.450000 1.107166043480e-02 -3.14112e-01
2.460000 7.925006455106e-03 -3.15062e-01
2.470000 4.770427551912e-03 -3.15696e-01
2.480000 1.611078239261e-03 -3.16015e-01
2.490000 -1.549882150934e-03 -3.16019e-01
2.500000 -4.709292659597e-03 -3.15706e-01
2.510000 -7.863993893008e-03 -3.15077e-01
2.520000 -1.101083121358e-02 -3.14133e-01
2.530000 -1.414665792543e-02 -3.12875e-01
2.540000 -1.726833845120e-02 -3.11305e-01
2.550000 -2.037275149673e-02 -3.09423e-01
2.560000 -2.345679320002e-02 -3.07231e-01
2.570000 -2.651738026112e-02 -3.04733e-01
2.580000 -2.955145304956e-02 -3.01930e-01
2.590000 -3.255597868592e-02 -2.98825e-01
2.600000 -3.552795409426e-02 -2.95422e-01
2.610000 -3.846440902214e-02 -2.91723e-01
2.620000 -4.136240902505e-02 -2.87732e-01
2.630000 -4.421905841206e-02 -2.83455e-01
2.640000 -4.703150314969e-02 -2.78894e-01
2.650000 -4.979693372090e-02 -2.74054e-01
2.660000 -5.251258793638e-02 -2.68941e-01
2.670000 -5.517575369512e-02 -2.63559e-01
2.680000 -5.778377169176e-02 -2.57914e-01
2.690000 -6.033403806766e-02 -2.52012e-01
2.700000 -6.282400700346e-02 -2.45858e-01
2.710000 -6.525119325031e-02 -2.39458e-01
2.720000 -6.761317459759e-02 -2.32820e-01
2.730000 -6.990759427456e-02 -2.25949e-01
2.740000 -7.213216328393e-02 -2.18853e-01
2.750000 -7.428466266493e-02 -2.11539e-01
2.760000 -7.636294568416e-02 -2.04014e-01
2.770000 -7.836493995194e-02 -1.96285e-01
2.780000 -8.028864946250e-02 -1.88361e-01
2.790000 -8.213215655614e-02 -1.80249e-01
2.800000 -8.389362380178e-02 -1.71957e-01
2.810000 -8.557129579817e-02 -1.63494e-01
2.820000 -8.716350089241e-02 -1.54868e-01
2.830000 -8.866865281427e-02 -1.46088e-01
2.840000 -9.008525222507e-02 -1.37162e-01
2.850000 -9.141188817980e-02 -1.28099e-01
2.860000 -9.264723950150e-02 -1.18909e-01
2.870000 -9.379007606659e-02 -1.09601e-01
2.880000 -9.483926000044e-02 -1.00184e-01
2.890000 -9.579374678209e-02 -9.06663e-02
2.900000 -9.665258625737e-02 -8.10588e-02
2.910000 -9.741492355973e-02 -7.13707e-02
2.920000 -9.807999993798e-02 -6.16115e-02
2.930000 -9.864715349047e-02 -5.17910e-02
2.940000 -9.911581980518e-02 -4.19190e-02
2.950000 -9.948553250513e-02 -3.20052e-02
2.960000 -9.975592369892e-02 -2.20596e-02
2.970000 -9.992672433598e-02 -1.20920e-02
2.980000 -9.999776446624e-02 -2.11245e-03
2.990000 -9.996897340422e-02 7.86923e-03
3.000000 -9.984037979720e-02 1.78431e-02
3.010000 -9.961211159757e-02 2.77992e-02
3.020000 -9.928439593937e-02 3.77276e-02
3.030000 -9.885755891904e-02 4.76185e-02
3.040000 -9.833202528060e-02 5.74620e-02
3.050000 -9.770831800541e-02 6.72484e-02
3.060000 -9.698705780687e-02 7.69678e-02
3.070000 -9.616896253031e-02 8.66106e-02
3.080000 -9.525484645863e-02 9.61672e-02
3.090000 -9.424561952408e-02 1.05628e-01
3.100000 -9.314228642671e-02 1.14984e-01
3.110000 -9.194594566026e-02 1.24225e-01
3.120000 -9.065778844611e-02 1.33342e-01
3.130000 -8.927909757605e-02 1.42327e-01
3.140000 -8.781124616482e-02 1.51170e-01
3.150000 -8.625569631331e-02 1.59862e-01
3.160000 -8.461399768342e-02 1.68396e-01
3.170000 -8.288778598576e-02 1.76761e-01
3.180000 -8.107878138136e-02 1.84950e-01
3.190000 -7.918878679857e-02 1.92955e-01
3.200000 -7.721968616672e-02 2.00767e-01
3.210000 -7.517344256778e-02 2.08379e-01
3.220000 -7.305209630771e-02 2.15784e-01
3.230000 -7.085776290907e-02 2.22973e-01
3.240000 -6.859263102668e-02 2.29940e-01
3.250000 -6.625896028808e-02 2.36678e-01
3.260000 -6.385907906079e-02 2.43179e-01
3.270000 -6.139538214828e-02 2.49438e-01
3.280000 -5.887032841691e-02 2.55447e-01
3.290000 -5.628643835586e-02 2.61202e-01
3.300000 -5.364629157253e-02 2.66696e-01
3.310000 -5.095252422558e-02 2.71923e-01
3.320000 -4.820782639835e-02 2.76879e-01
3.330000 -4.541493941502e-02 2.81559e-01
3.340000 -4.257665310217e-02 2.85957e-01
3.350000 -3.969580299868e-02 2.90069e-01
3.360000 -3.677526751652e-02 2.93892e-01
3.370000 -3.381796505555e-02 2.97421e-01
3.380000 -3.082685107517e-02 3.00652e-01
3.390000 -2.780491512592e-02 3.03584e-01
3.400000 -2.475517784413e-02 3.06211e-01
3.410000 -2.168068791283e-02 3.08533e-01
3.420000 -1.858451899208e-02 3.10546e-01
3.430000 -1.546976662212e-02 3.12249e-01
3.440000 -1.233954510255e-02 3.13639e-01
3.450000 -9.196984351019e-03 3.14716e-01
3.460000 -6.045226744793e-03 3.15478e-01
3.470000 -2.887423948643e-03 3.15925e-01
3.480000 2.732662674443e-04 3.16055e-01
3.490000 3.433683217267e-03 3.15870e-01
3.500000 6.590666490620e-03 3.15369e-01
3.510000 9.741059145195e-03 3.14552e-01
3.520000 1.288171089468e-02 3.13421e-01
3.530000 1.600948128952e-02 3.11977e-01
3.540000 1.912124288695e-02 3.10220e-01
3.550000 2.221388440666e-02 3.08154e-01
3.560000 2.528431386885e-02 3.05779e-01
3.570000 2.832946171112e-02 3.03099e-01
3.580000 3.134628388086e-02 3.00115e-01
3.590000 3.433176489989e-02 2.96832e-01
3.600000 3.728292089793e-02 2.93252e-01
3.610000 4.019680261178e-02 2.89379e-01
3.620000 4.307049834703e-02 2.85217e-01
3.630000 4.590113689914e-02 2.80770e-01
3.640000 4.868589043096e-02 2.76042e-01
3.650000 5.142197730355e-02 2.71039e-01
3.660000 5.410666485768e-02 2.65765e-01
3.670000 5.673727214291e-02 2.60225e-01
3.680000 5.931117259176e-02 2.54426e-01
3.690000 6.182579663620e-02 2.48373e-01
3.700000 6.427863426392e-02 2.42072e-01
3.710000 6.666723751204e-02 2.35529e-01
3.720000 6.898922289565e-02 2.28752e-01
3.730000 7.124227376920e-02 2.21746e-01
3.740000 7.342414261826e-02 2.14519e-01
3.750000 7.553265327979e-02 2.07078e-01
3.760000 7.756570308881e-02 1.99431e-01
3.770000 7.952126494955e-02 1.91584e-01
3.780000 8.139738932938e-02 1.83547e-01
3.790000 8.319220617366e-02 1.75327e-01
3.800000 8.490392673998e-02 1.66932e-01
3.810000 8.653084535029e-02 1.58371e-01
3.820000 8.807134105937e-02 1.49652e-01
3.830000 8.952387923837e-02 1.40784e-01
3.840000 9.088701307212e-02 1.31775e-01
3.850000 9.215938496905e-02 1.22636e-01
3.860000 9.333972788263e-02 1.13374e-01
3.870000 9.442686654334e-02 1.04000e-01
3.880000 9.541971860009e-02 9.45215e-02
3.890000 9.631729567054e-02 8.49493e-02
3.900000 9.711870429918e-02 7.52926e-02
3.910000 9.782314682284e-02 6.55609e-02
3.920000 9.842992214266e-02 5.57640e-02
3.930000 9.893842640225e-02 4.59116e-02
3.940000 9.934815357140e-02 3.60135e-02
3.950000 9.965869593497e-02 2.60795e-02
3.960000 9.986974448668e-02 1.61197e-02
3.970000 9.998108922736e-02 6.14374e-03
3.980000 9.999261936771e-02 -3.83829e-03
3.990000 9.990432343518e-02 -1.38165e-02
4.000000 9.971628928504e-02 -2.37810e-02
4.010000 9.942870401560e-02 -3.37218e-02
4.020000 9.904185378767e-02 -4.36290e-02
4.030000 9.855612354824e-02 -5.34929e-02
4.040000 9.797199665882e-02 -6.33035e-02
4.050000 9.729005442843e-02 -7.30511e-02
4.060000 9.651097555181e-02 -8.27259e-02
4.070000 9.563553545300e-02 -9.23185e-02
4.080000 9.466460553500e-02 -1.01819e-01
4.090000 9.359915233584e-02 -1.11218e-01
4.100000 9.244023659174e-02 -1.20507e-01
4.110000 9.118901220817e-02 -1.29676e-01
4.120000 8.984672513924e-02 -1.38715e-01
4.130000 8.841471217669e-02 -1.47616e-01
4.140000 8.689439964896e-02 -1.56371e-01
4.150000 8.528730203165e-02 -1.64969e-01
4.160000 8.359502047026e-02 -1.73403e-01
4.170000 8.181924121650e-02 -1.81664e-01
4.180000 7.996173397926e-02 -1.89745e-01
4.190000 7.802435019175e-02 -1.97636e-01
4.200000 7.600902119605e-02 -2.05330e-01
4.210000 7.391775634674e-02 -2.12819e-01
4.220000 7.175264103509e-02 -2.20096e-01
4.230000 6.951583463561e-02 -2.27154e-01
4.240000 6.720956837661e-02 -2.33985e-01
4.250000 6.483614313683e-02 -2.40582e-01
4.260000 6.239792716992e-02 -2.46939e-01
4.270000 5.989735375902e-02 -2.53050e-01
4.280000 5.733691880350e-02 -2.58909e-01
4.290000 5.471917834007e-02 -2.64509e-01
4.300000 5.204674600081e-02 -2.69844e-01
4.310000 4.932229041028e-02 -2.74911e-01
4.320000 4.654853252454e-02 -2.79702e-01
4.330000 4.372824291442e-02 -2.84215e-01
4.340000 4.086423899594e-02 -2.88443e-01
4.350000 3.795938221062e-02 -2.92383e-01
4.360000 3.501657515848e-02 -2.96031e-01
4.370000 3.203875868672e-02 -2.99383e-01
4.380000 2.902890893720e-02 -3.02436e-01
4.390000 2.599003435558e-02 -3.05187e-01
4.400000 2.292517266546e-02 -3.07632e-01
4.410000 1.983738781073e-02 -3.09770e-01
4.420000 1.672976686924e-02 -3.11599e-01
4.430000 1.360541694128e-02 -3.13115e-01
4.440000 1.046746201611e-02 -3.14319e-01
4.450000 7.319039820070e-03 -3.15208e-01
4.460000 4.163298649558e-03 -3.15782e-01
4.470000 1.003394192424e-03 -3.16041e-01
4.480000 -2.157513658735e-03 -3.15983e-01
4.490000 -5.316263997909e-03 -3.15609e-01
4.500000 -8.469698098126e-03 -3.14920e-01
4.510000 -1.161466260151e-02 -3.13916e-01
4.520000 -1.474801270343e-02 -3.12598e-01
4.530000 -1.786661532726e-02 -3.10967e-01
4.540000 -2.096735228630e-02 -3.09025e-01
4.550000 -2.404712342933e-02 -3.06775e-01
4.560000 -2.710284976647e-02 -3.04218e-01
4.570000 -3.013147657185e-02 -3.01356e-01
4.580000 -3.312997645987e-02 -2.98194e-01
4.590000 -3.609535243165e-02 -2.94733e-01
4.600000 -3.902464088845e-02 -2.90978e-01
4.610000 -4.191491460885e-02 -2.86932e-01
4.620000 -4.476328568667e-02 -2.82600e-01
4.630000 -4.756690842639e-02 -2.77985e-01
4.640000 -5.032298219322e-02 -2.73092e-01
4.650000 -5.302875421485e-02 -2.67927e-01
4.660000 -5.568152233201e-02 -2.62494e-01
4.670000 -5.827863769517e-02 -2.56799e-01
4.680000 -6.081750740462e-02 -2.50848e-01
4.690000 -6.329559709139e-02 -2.44646e-01
4.700000 -6.571043343647e-02 -2.38200e-01
4.710000 -6.805960662599e-02 -2.31517e-01
4.720000 -7.034077273999e-02 -2.24602e-01
4.730000 -7.255165607253e-02 -2.17464e-01
4.740000 -7.469005138112e-02 -2.10108e-01
4.750000 -7.675382606333e-02 -2.02544e-01
4.760000 -7.874092225866e-02 -1.94777e-01
4.770000 -8.064935887388e-02 -1.86816e-01
4.780000 -8.247723352999e-02 -1.78668e-01
4.790000 -8.422272442925e-02 -1.70343e-01
4.800000 -8.588409214062e-02 -1.61848e-01
4.810000 -8.745968130221e-02 -1.53192e-01
4.820000 -8.894792223924e-02 -1.44383e-01
4.830000 -9.034733249633e-02 -1.35430e-01
4.840000 -9.165651828291e-02 -1.26342e-01
4.850000 -9.287417583045e-02 -1.17129e-01
4.860000 -9.399909266069e-02 -1.07799e-01
4.870000 -9.503014876379e-02 -9.83613e-02
4.880000 -9.596631768548e-02 -8.88259e-02
4.890000 -9.680666752251e-02 -7.92022e-02
4.900000 -9.755036182564e-02 -6.94996e-02
4.910000 -9.819666040940e-02 -5.97279e-02
4.920000 -9.874492006828e-02 -4.98967e-02
4.930000 -9.919459519857e-02 -4.00159e-02
4.940000 -9.954523832564e-02 -3.00953e-02
4.950000 -9.979650053613e-02 -2.01447e-02
4.960000 -9.994813181486e-02 -1.01740e-02
4.970000 -9.999998128613e-02 -1.93277e-04
4.980000 -9.995199735938e-02 9.78768e-03
4.990000 -9.980422777892e-02 1.97589e-02
5.000000 -9.955681957791e-02 2.97104e-02
5.010000 -9.921001893640e-02 3.96324e-02
5.020000 -9.876417094376e-02 4.95150e-02
5.030000 -9.821971926546e-02 5.93483e-02
5.040000 -9.757720571453e-02 6.91225e-02
5.050000 -9.683726972800e-02 7.88279e-02
5.060000 -9.600064774869e-02 8.84549e-02
5.070000 -9.506817251268e-02 9.79938e-02
5.080000 -9.404077224314e-02 1.07435e-01
5.090000 -9.291946975095e-02 1.16770e-01
5.100000 -9.170538144285e-02 1.25988e-01
5.110000 -9.039971623776e-02 1.35080e-01
5.120000 -8.900377439219e-02 1.44039e-01
5.130000 -8.751894623547e-02 1.52853e-01
5.140000 -8.594671081593e-02 1.61516e-01
5.150000 -8.428863445888e-02 1.70017e-01
5.160000 -8.254636923774e-02 1.78349e-01
5.170000 -8.072165135925e-02 1.86503e-01
5.180000 -7.881629946436e-02 1.94472e-01
5.190000 -7.683221284592e-02 2.02246e-01
5.200000 -7.477136958484e-02 2.09819e-01
5.210000 -7.263582460614e-02 2.17183e-01
5.220000 -7.042770765664e-02 2.24330e-01
5.230000 -6.814922120601e-02 2.31253e-01
5.240000 -6.580263827302e-02 2.37946e-01
5.250000 -6.339030017890e-02 2.44401e-01
5.260000 -6.091461422994e-02 2.50612e-01
5.270000 -5.837805133128e-02 2.56574e-01
5.280000 -5.578314353435e-02 2.62278e-01
5.290000 -5.313248152000e-02 2.67722e-01
5.300000 -5.042871201997e-02 2.72897e-01
5.310000 -4.767453517903e-02 2.77801e-01
5.320000 -4.487270186046e-02 2.82426e-01
5.330000 -4.202601089750e-02 2.86770e-01
5.340000 -3.913730629349e-02 2.90827e-01
5.350000 -3.620947437372e-02 2.94593e-01
5.360000 -3.324544089159e-02 2.98065e-01
5.370000 -3.024816809237e-02 3.01239e-01
5.380000 -2.722065173744e-02 3.04113e-01
5.390000 -2.416591809224e-02 3.06682e-01
5.400000 -2.108702088099e-02 3.08944e-01
5.410000 -1.798703821160e-02 3.10898e-01
5.420000 -1.486906947388e-02 3.12540e-01
5.430000 -1.173623221458e-02 3.13871e-01
5.440000 -8.591658992485e-03 3.14887e-01
5.450000 -5.438494217099e-03 3.15588e-01
5.460000 -2.279890974305e-03 3.15974e-01
5.470000 8.809921574881e-04 3.16044e-01
5.480000 4.040994297238e-03 3.15798e-01
5.490000 7.196955453688e-03 3.15236e-01
5.500000 1.034571971681e-02 3.14359e-01
5.510000 1.348413844478e-02 3.13168e-01
5.520000 1.660907344291e-02 3.11663e-01
5.530000 1.971740013123e-02 3.09847e-01
5.540000 2.280601069700e-02 3.07721e-01
5.550000 2.587181722897e-02 3.05287e-01
5.560000 2.891175482984e-02 3.02548e-01
5.570000 3.192278470355e-02 2.99507e-01
5.580000 3.490189721417e-02 2.96167e-01
5.590000 3.784611491307e-02 2.92530e-01
5.600000 4.075249553108e-02 2.88601e-01
5.610000 4.361813493268e-02 2.84384e-01
5.620000 4.644017002892e-02 2.79882e-01
5.630000 4.921578164617e-02 2.75101e-01
5.640000 5.194219734772e-02 2.70046e-01
5.650000 5.461669420537e-02 2.64720e-01
5.660000 5.723660151822e-02 2.59130e-01
5.670000 5.979930347589e-02 2.53282e-01
5.680000 6.230224176367e-02 2.47181e-01
5.690000 6.474291810694e-02 2.40833e-01
5.700000 6.711889675251e-02 2.34244e-01
5.710000 6.942780688449e-02 2.27422e-01
5.720000 7.166734497236e-02 2.20374e-01
5.730000 7.383527704924e-02 2.13105e-01
5.740000 7.592944091812e-02 2.05624e-01
5.750000 7.794774828413e-02 1.97937e-01
5.760000 7.988818681103e-02 1.90054e-01
5.770000 8.174882210005e-02 1.81981e-01
5.780000 8.352779958933e-02 1.73726e-01
5.790000 8.522334637257e-02 1.65299e-01
5.800000 8.683377293511e-02 1.56706e-01
5.810000 8.835747480620e-02 1.47958e-01
5.820000 8.979293412605e-02 1.39062e-01
5.830000 9.113872112645e-02 1.30028e-01
5.840000 9.239349552376e-02 1.20864e-01
5.850000 9.355600782318e-02 1.11580e-01
5.860000 9.462510053342e-02 1.02185e-01
5.870000 9.559970929069e-02 9.26882e-02
5.880000 9.647886389128e-02 8.30990e-02
5.890000 9.726168923197e-02 7.34271e-02
5.900000 9.794740615751e-02 6.36821e-02
5.910000 9.853533221471e-02 5.38738e-02
5.920000 9.902488231237e-02 4.40119e-02
5.930000 9.941556928685e-02 3.41061e-02
5.940000 9.970700437269e-02 2.41664e-02
5.950000 9.989889757804e-02 1.42027e-02
5.960000 9.999105796458e-02 4.22481e-03
5.970000 9.998339383185e-02 -5.75726e-03
5.980000 9.987591280568e-02 -1.57336e-02
5.990000 9.966872183092e-02 -2.56943e-02
6.000000 9.936202706813e-02 -3.56294e-02
6.010000 9.895613369470e-02 -4.55291e-02
6.020000 9.845144561015e-02 -5.53834e-02
6.030000 9.784846504610e-02 -6.51827e-02
6.040000 9.714779208106e-02 -7.49170e-02
6.050000 9.635012406037e-02 -8.45769e-02
6.060000 9.545625492170e-02 -9.41525e-02
6.070000 9.446707442666e-02 -1.03634e-01
6.080000 9.338356729899e-02 -1.13013e-01
6.090000 9.220681226994e-02 -1.22279e-01
6.100000 9.093798103162e-02 -1.31424e-01
6.110000 8.957833709900e-02 -1.40437e-01
6.120000 8.812923458148e-02 -1.49311e-01
6.130000 8.659211686489e-02 -1.58036e-01
6.140000 8.496851520496e-02 -1.66603e-01
6.150000 8.326004723339e-02 -1.75005e-01
6.160000 8.146841537763e-02 -1.83232e-01
6.170000 7.959540519563e-02 -1.91277e-01
6.180000 7.764288362698e-02 -1.99130e-01
6.190000 7.561279716181e-02 -2.06786e-01
6.200000 7.350716992900e-02 -2.14235e-01
6.210000 7.132810170531e-02 -2.21470e-01
6.220000 6.907776584717e-02 -2.28485e-01
6.230000 6.675840714691e-02 -2.35271e-01
6.240000 6.437233961532e-02 -2.41823e-01
6.250000 6.192194419256e-02 -2.48134e-01
6.260000 5.940966638953e-02 -2.54197e-01
6.270000 5.683801386176e-02 -2.60006e-01
6.280000 5.420955391828e-02 -2.65555e-01
6.290000 5.152691096771e-02 -2.70840e-01
6.300000 4.879276390399e-02 -2.75853e-01
6.310000 4.600984343449e-02 -2.80592e-01
6.320000 4.318092935292e-02 -2.85050e-01
6.330000 4.030884775989e-02 -2.89223e-01
6.340000 3.739646823387e-02 -2.93107e-01
6.350000 3.444670095548e-02 -2.96699e-01
6.360000 3.146249378799e-02 -2.99994e-01
6.370000 2.844682931718e-02 -3.02989e-01
6.380000 2.540272185354e-02 -3.05681e-01
6.390000 2.233321440001e-02 -3.08067e-01
6.400000 1.924137558856e-02 -3.10146e-01
6.410000 1.613029658880e-02 -3.11914e-01
6.420000 1.300308799191e-02 -3.13371e-01
6.430000 9.862876673465e-03 -3.14514e-01
6.440000 6.712802638245e-03 -3.15343e-01
6.450000 3.556015850802e-03 -3.15856e-01
6.460000 3.956730550031e-04 -3.16054e-01
6.470000 -2.765065413841e-03 -3.15936e-01
6.480000 -5.923038820794e-03 -3.15501e-01
6.490000 -9.075089223559e-03 -3.14751e-01
6.500000 -1.221806466167e-02 -3.13687e-01
6.510000 -1.534882233910e-02 -3.12308e-01
6.520000 -1.846423179685e-02 -3.10618e-01
6.530000 -2.156117807194e-02 -3.08617e-01
6.540000 -2.463656483950e-02 -3.06307e-01
6.550000 -2.768731753438e-02 -3.03691e-01
6.560000 -3.071038644905e-02 -3.00772e-01
6.570000 -3.370274980434e-02 -2.97552e-01
6.580000 -3.666141678983e-02 -2.94034e-01
6.590000 -3.958343057049e-02 -2.90223e-01
6.600000 -4.246587125664e-02 -2.86121e-01
6.610000 -4.530585883386e-02 -2.81734e-01
6.620000 -4.810055604994e-02 -2.77066e-01
6.630000 -5.084717125592e-02 -2.72120e-01
6.640000 -5.354296119814e-02 -2.66903e-01
6.650000 -5.618523375876e-02 -2.61419e-01
6.660000 -5.877135064170e-02 -2.55675e-01
6.670000 -6.129873000157e-02 -2.49675e-01
6.680000 -6.376484901290e-02 -2.43426e-01
6.690000 -6.616724637728e-02 -2.36934e-01
6.700000 -6.850352476590e-02 -2.30205e-01
6.710000 -7.077135319531e-02 -2.23247e-01
6.720000 -7.296846933411e-02 -2.16066e-01
6.730000 -7.509268173853e-02 -2.08670e-01
6.740000 -7.714187201481e-02 -2.01066e-01
6.750000 -7.911399690650e-02 -1.93261e-01
6.760000 -8.100709030487e-02 -1.85263e-01
6.770000 -8.281926518063e-02 -1.77081e-01
6.780000 -8.454871543539e-02 -1.68723e-01
6.790000 -8.619371767126e-02 -1.60196e-01
6.800000 -8.775263287713e-02 -1.51510e-01
6.810000 -8.922390803033e-02 -1.42672e-01
6.820000 -9.060607761223e-02 -1.33693e-01
6.830000 -9.189776503683e-02 -1.24580e-01
6.840000 -9.309768399094e-02 -1.15344e-01
6.850000 -9.420463968517e-02 -1.05992e-01
6.860000 -9.521753001463e-02 -9.65353e-02
6.870000 -9.613534662855e-02 -8.69823e-02
6.880000 -9.695717590800e-02 -7.73427e-02
6.890000 -9.768219985093e-02 -6.76260e-02
6.900000 -9.830969686412e-02 -5.78421e-02
6.910000 -9.883904246114e-02 -4.80007e-02
6.920000 -9.926970986612e-02 -3.81114e-02
6.930000 -9.960127052273e-02 -2.81842e-02
6.940000 -9.983339450812e-02 -1.82290e-02
6.950000 -9.996585085140e-02 -8.25566e-03
6.960000 -9.999850775664e-02 1.72591e-03
6.970000 -9.993133273002e-02 1.17058e-02
6.980000 -9.976439261120e-02 2.16740e-02
6.990000 -9.949785350884e-02 3.16206e-02
7.000000 -9.913198064026e-02 4.15358e-02
7.010000 -9.866713807540e-02 5.14096e-02
7.020000 -9.810378838535e-02 6.12323e-02
7.030000 -9.744249219546e-02 7.09940e-02
7.040000 -9.668390764356e-02 8.06851e-02
7.050000 -9.582878974358e-02 9.02959e-02
7.060000 -9.487798965500e-02 9.98168e-02
7.070000 -9.383245385868e-02 1.09238e-01
7.080000 -9.269322323967e-02 1.18551e-01
7.090000 -9.146143207761e-02 1.27746e-01
7.100000 -9.013830694559e-02 1.36813e-01
7.110000 -8.872516551804e-02 1.45745e-01
7.120000 -8.722341528888e-02 1.54531e-01
7.130000 -8.563455220055e-02 1.63163e-01
7.140000 -8.396015918530e-02 1.71632e-01
7.150000 -8.220190461960e-02 1.79931e-01
7.160000 -8.036154069316e-02 1.88050e-01
7.170000 -7.844090169359e-02 1.95982e-01
7.180000 -7.644190220841e-02 2.03718e-01
7.190000 -7.436653524559e-02 2.11252e-01
7.200000 -7.221687027446e-02 2.18574e-01
7.210000 -6.999505118850e-02 2.25679e-01
7.220000 -6.770329419191e-02 2.32558e-01
7.230000 -6.534388561160e-02 2.39206e-01
7.240000 -6.291917963690e-02 2.45614e-01
7.250000 -6.043159598867e-02 2.51778e-01
7.260000 -5.788361752020e-02 2.57690e-01
7.270000 -5.527778775210e-02 2.63345e-01
7.280000 -5.261670834340e-02 2.68738e-01
7.290000 -4.990303650138e-02 2.73861e-01
7.300000 -4.713948233264e-02 2.78712e-01
7.310000 -4.432880613797e-02 2.83283e-01
7.320000 -4.147381565375e-02 2.87572e-01
7.330000 -3.857736324254e-02 2.91574e-01
7.340000 -3.564234303594e-02 2.95284e-01
7.350000 -3.267168803235e-02 2.98699e-01
7.360000 -2.966836715293e-02 3.01815e-01
7.370000 -2.663538225857e-02 3.04630e-01
7.380000 -2.357576513122e-02 3.07140e-01
7.390000 -2.049257442265e-02 3.09344e-01
7.400000 -1.738889257393e-02 3.11238e-01
7.410000 -1.426782270893e-02 3.12820e-01
7.420000 -1.113248550531e-02 3.14090e-01
7.430000 -7.986016046131e-03 3.15046e-01
7.440000 -4.831560655790e-03 3.15687e-01
7.450000 -1.672273723591e-03 3.16012e-01
7.460000 1.488685481553e-03 3.16021e-01
7.470000 4.648156001764e-03 3.15715e-01
7.480000 7.802978382712e-03 3.15092e-01
7.490000 1.094999786446e-02 3.14154e-01
7.500000 1.408606756716e-02 3.12903e-01
7.510000 1.720805166811e-02 3.11338e-01
7.520000 2.031282856665e-02 3.09462e-01
7.530000 2.339729403347e-02 3.07277e-01
7.540000 2.645836434095e-02 3.04784e-01
7.550000 2.949297937098e-02 3.01987e-01
7.560000 3.249810569714e-02 2.98888e-01
7.570000 3.547073963764e-02 2.95490e-01
7.580000 3.840791027610e-02 2.91797e-01
7.590000 4.130668244660e-02 2.87812e-01
7.600000 4.416415968019e-02 2.83540e-01
7.610000 4.697748710953e-02 2.78985e-01
7.620000 4.974385432884e-02 2.74151e-01
7.630000 5.246049820606e-02 2.69043e-01
7.640000 5.512470564456e-02 2.63666e-01
7.650000 5.773381629139e-02 2.58026e-01
7.660000 6.028522518957e-02 2.52128e-01
7.670000 6.277638537178e-02 2.45979e-01
7.680000 6.520481039281e-02 2.39585e-01
7.690000 6.756807679848e-02 2.32951e-01
7.700000 6.986382652867e-02 2.26085e-01
7.710000 7.208976925216e-02 2.18993e-01
7.720000 7.424368463115e-02 2.11683e-01
7.730000 7.632342451344e-02 2.04162e-01
7.740000 7.832691505035e-02 1.96437e-01
7.750000 8.025215873828e-02 1.88516e-01
7.760000 8.209723638254e-02 1.80408e-01
7.770000 8.386030898129e-02 1.72119e-01
7.780000 8.553961952850e-02 1.63659e-01
7.790000 8.713349473397e-02 1.55036e-01
7.800000 8.864034665934e-02 1.46259e-01
7.810000 9.005867426864e-02 1.37336e-01
7.820000 9.138706489209e-02 1.28276e-01
7.830000 9.262419560218e-02 1.19088e-01
7.840000 9.376883450076e-02 1.09782e-01
7.850000 9.481984191633e-02 1.00367e-01
7.860000 9.577617151053e-02 9.08515e-02
7.870000 9.663687129308e-02 8.12457e-02
7.880000 9.740108454434e-02 7.15590e-02
7.890000 9.806805064489e-02 6.18011e-02
7.900000 9.863710581157e-02 5.19817e-02
7.910000 9.910768373930e-02 4.21105e-02
7.920000 9.947931614840e-02 3.21975e-02
7.930000 9.975163323697e-02 2.22524e-02
7.940000 9.992436403793e-02 1.22852e-02
7.950000 9.999733668062e-02 2.30573e-03
7.960000 9.997047855669e-02 -7.67601e-03
7.970000 9.984381639011e-02 -1.76501e-02
7.980000 9.961747621144e-02 -2.76067e-02
7.990000 9.929168323618e-02 -3.75357e-02
8.000000 9.886676164739e-02 -4.74274e-02
8.010000 9.834313428270e-02 -5.72720e-02
8.020000 9.772132222593e-02 -6.70595e-02
8.030000 9.700194430361e-02 -7.67803e-02
8.040000 9.618571648675e-02 -8.64247e-02
8.050000 9.527345119825e-02 -9.59830e-02
8.060000 9.426605652649e-02 -1.05446e-01
8.070000 9.316453534562e-02 -1.14804e-01
8.080000 9.196998434322e-02 -1.24047e-01
8.090000 9.068359295600e-02 -1.33167e-01
8.100000 8.930664221437e-02 -1.42154e-01
8.110000 8.784050349666e-02 -1.51000e-01
8.120000 8.628663719411e-02 -1.59696e-01
8.130000 8.464659128736e-02 -1.68232e-01
8.140000 8.292199983589e-02 -1.76600e-01
8.150000 8.111458138134e-02 -1.84793e-01
8.160000 7.922613726606e-02 -1.92802e-01
8.170000 7.725854986836e-02 -2.00618e-01
8.180000 7.521378075574e-02 -2.08234e-01
8.190000 7.309386875778e-02 -2.15643e-01
8.200000 7.090092796028e-02 -2.22836e-01
8.210000 6.863714562236e-02 -2.29807e-01
8.220000 6.630478001838e-02 -2.36549e-01
8.230000 6.390615820659e-02 -2.43055e-01
8.240000 6.144367372647e-02 -2.49319e-01
8.250000 5.891978422697e-02 -2.55333e-01
8.260000 5.633700902773e-02 -2.61093e-01
8.270000 5.369792661569e-02 -2.66592e-01
8.280000 5.100517207934e-02 -2.71825e-01
8.290000 4.826143448327e-02 -2.76786e-01
8.300000 4.546945418535e-02 -2.81471e-01
8.310000 4.263202009942e-02 -2.85874e-01
8.320000 3.975196690609e-02 -2.89992e-01
8.330000 3.683217221449e-02 -2.93821e-01
8.340000 3.387555367792e-02 -2.97355e-01
8.350000 3.088506606631e-02 -3.00593e-01
8.360000 2.786369829854e-02 -3.03530e-01
8.370000 2.481447043782e-02 -3.06163e-01
8.380000 2.174043065321e-02 -3.08491e-01
8.390000 1.864465215049e-02 -3.10510e-01
8.400000 1.553023007583e-02 -3.12219e-01
8.410000 1.240027839536e-02 -3.13615e-01
8.420000 9.257926754289e-03 -3.14698e-01
8.430000 6.106317318710e-03 -3.15466e-01
8.440000 2.948601603761e-03 -3.15919e-01
8.450000 -2.120627085200e-04 -3.16056e-01
8.460000 -3.372514958094e-03 -3.15877e-01
8.470000 -6.529594699103e-03 -3.15381e-01
8.480000 -9.680144891811e-03 -3.14571e-01
8.490000 -1.282101509081e-02 -3.13446e-01
8.500000 -1.594906462596e-02 -3.12008e-01
8.510000 -1.906116577264e-02 -3.10257e-01
8.520000 -2.215420690778e-02 -3.08196e-01
8.530000 -2.522509564821e-02 -3.05828e-01
8.540000 -2.827076196805e-02 -3.03153e-01
8.550000 -3.128816129160e-02 -3.00176e-01
8.560000 -3.427427755854e-02 -2.96898e-01
8.570000 -3.722612625800e-02 -2.93324e-01
8.580000 -4.014075742851e-02 -2.89457e-01
8.590000 -4.301525862039e-02 -2.85300e-01
8.600000 -4.584675781770e-02 -2.80858e-01
8.610000 -4.863242631658e-02 -2.76136e-01
8.620000 -5.136948155707e-02 -2.71138e-01
8.630000 -5.405518990553e-02 -2.65869e-01
8.640000 -5.668686938478e-02 -2.60335e-01
8.650000 -5.926189234938e-02 -2.54541e-01
8.660000 -6.177768810322e-02 -2.48493e-01
8.670000 -6.423174545705e-02 -2.42196e-01
8.680000 -6.662161522331e-02 -2.35658e-01
8.690000 -6.894491264607e-02 -2.28885e-01
8.700000 -7.119931976368e-02 -2.21884e-01
8.710000 -7.338258770192e-02 -2.14661e-01
8.720000 -7.549253889564e-02 -2.07224e-01
8.730000 -7.752706923692e-02 -1.99581e-01
8.740000 -7.948415014768e-02 -1.91738e-01
8.750000 -8.136183057509e-02 -1.83704e-01
8.760000 -8.315823890801e-02 -1.75488e-01
8.770000 -8.487158481282e-02 -1.67096e-01
8.780000 -8.650016098709e-02 -1.58538e-01
8.790000 -8.804234482974e-02 -1.49822e-01
8.800000 -8.949660002618e-02 -1.40957e-01
8.810000 -9.086147804737e-02 -1.31951e-01
8.820000 -9.213561956141e-02 -1.22814e-01
8.830000 -9.331775575668e-02 -1.13555e-01
8.840000 -9.440670957558e-02 -1.04182e-01
8.850000 -9.540139685772e-02 -9.47059e-02
8.860000 -9.630082739196e-02 -8.51355e-02
8.870000 -9.710410587636e-02 -7.54803e-02
8.880000 -9.781043278542e-02 -6.57500e-02
8.890000 -9.841910514390e-02 -5.59542e-02
8.900000 -9.892951720679e-02 -4.61028e-02
8.910000 -9.934116104488e-02 -3.62055e-02
8.920000 -9.965362703544e-02 -2.62722e-02
8.930000 -9.986660425788e-02 -1.63127e-02
8.940000 -9.997988079388e-02 -6.33698e-03
8.950000 -9.999334393195e-02 3.64503e-03
8.960000 -9.990698027619e-02 1.36234e-02
8.970000 -9.972087575922e-02 2.35882e-02
8.980000 -9.943521555928e-02 3.35296e-02
8.990000 -9.905028392145e-02 4.34376e-02
9.000000 -9.856646388331e-02 5.33024e-02
9.010000 -9.798423690503e-02 6.31141e-02
9.020000 -9.730418240424e-02 7.28630e-02
9.030000 -9.652697719606e-02 8.25394e-02
9.040000 -9.565339483853e-02 9.21336e-02
9.050000 -9.468430488404e-02 1.01636e-01
9.060000 -9.362067203726e-02 1.11037e-01
9.070000 -9.246355522007e-02 1.20328e-01
9.080000 -9.121410654435e-02 1.29499e-01
9.090000 -8.987357019324e-02 1.38541e-01
9.100000 -8.844328121176e-02 1.47445e-01
9.110000 -8.692466420769e-02 1.56202e-01
9.120000 -8.531923196371e-02 1.64804e-01
9.130000 -8.362858396182e-02 1.73241e-01
9.140000 -8.185440482132e-02 1.81506e-01
9.150000 -7.999846265142e-02 1.89590e-01
9.160000 -7.806260731999e-02 1.97485e-01
9.170000 -7.604876863969e-02 2.05183e-01
9.180000 -7.395895447315e-02 2.12676e-01
9.190000 -7.179524875872e-02 2.19957e-01
9.200000 -6.955980945843e-02 2.27019e-01
9.210000 -6.725486643007e-02 2.33855e-01
9.220000 -6.488271922522e-02 2.40457e-01
9.230000 -6.244573481508e-02 2.46819e-01
9.240000 -5.994634524642e-02 2.52934e-01
9.250000 -5.738704522958e-02 2.58798e-01
9.260000 -5.477038966085e-02 2.64403e-01
9.270000 -5.209899108169e-02 2.69744e-01
9.280000 -4.937551707700e-02 2.74815e-01
9.290000 -4.660268761523e-02 2.79612e-01
9.300000 -4.378327233271e-02 2.84130e-01
9.310000 -4.092008776509e-02 2.88364e-01
9.320000 -3.801599452855e-02 2.92310e-01
9.330000 -3.507389445370e-02 2.95963e-01
9.340000 -3.209672767515e-02 2.99321e-01
9.350000 -2.908746967965e-02 3.02380e-01
9.360000 -2.604912831601e-02 3.05136e-01
9.370000 -2.298474076994e-02 3.07588e-01
9.380000 -1.989737050684e-02 3.09732e-01
9.390000 -1.679010418611e-02 3.11566e-01
9.400000 -1.366604855007e-02 3.13089e-01
9.410000 -1.052832729086e-02 3.14299e-01
9.420000 -7.380077898852e-03 3.15194e-01
9.430000 -4.224448495942e-03 3.15774e-01
9.440000 -1.064594657101e-03 3.16039e-01
9.450000 2.096323776196e-03 3.15987e-01
9.460000 5.255145887252e-03 3.15619e-01
9.470000 8.408712876609e-03 3.14936e-01
9.480000 1.155387125218e-02 3.13938e-01
9.490000 1.468747601356e-02 3.12626e-01
9.500000 1.780639382698e-02 3.11002e-01
9.510000 2.090750618754e-02 3.09066e-01
9.520000 2.398771256507e-02 3.06821e-01
9.530000 2.704393353043e-02 3.04270e-01
9.540000 3.007311385868e-02 3.01415e-01
9.550000 3.307222560585e-02 2.98258e-01
9.560000 3.603827115599e-02 2.94803e-01
9.570000 3.896828623530e-02 2.91054e-01
9.580000 4.185934289003e-02 2.87013e-01
9.590000 4.470855242515e-02 2.82686e-01
9.600000 4.751306830067e-02 2.78077e-01
9.610000 5.027008898260e-02 2.73190e-01
9.620000 5.297686074565e-02 2.68030e-01
9.630000 5.563068042482e-02 2.62602e-01
9.640000 5.822889811317e-02 2.56912e-01
9.650000 6.076891980303e-02 2.50966e-01
9.660000 6.324820996805e-02 2.44769e-01
9.670000 6.566429408369e-02 2.38328e-01
9.680000 6.801476108361e-02 2.31649e-01
9.690000 7.029726574979e-02 2.24738e-01
9.700000 7.250953103398e-02 2.17604e-01
9.710000 7.464935030851e-02 2.10253e-01
9.720000 7.671458954432e-02 2.02692e-01
9.730000 7.870318941431e-02 1.94929e-01
9.740000 8.061316732017e-02 1.86971e-01
9.750000 8.244261934090e-02 1.78828e-01
9.760000 8.418972210134e-02 1.70506e-01
9.770000 8.585273455930e-02 1.62014e-01
9.780000 8.742999970952e-02 1.53361e-01
9.790000 8.891994620335e-02 1.44555e-01
9.800000 9.032108988273e-02 1.35604e-01
9.810000 9.163203522721e-02 1.26519e-01
9.820000 9.285147671296e-02 1.17308e-01
9.830000 9.397820008273e-02 1.07980e-01
9.840000 9.501108352572e-02 9.85449e-02
9.850000 9.594909876653e-02 8.90114e-02
9.860000 9.679131206240e-02 7.93893e-02
9.870000 9.753688510793e-02 6.96882e-02
9.880000 9.818507584675e-02 5.99177e-02
9.890000 9.873523918945e-02 5.00876e-02
9.900000 9.918682763729e-02 4.02076e-02
9.910000 9.953939181129e-02 3.02877e-02
9.920000 9.979258088629e-02 2.03376e-02
9.930000 9.994614292966e-02 1.03672e-02
9.940000 9.999992514454e-02 3.86554e-04
9.950000 9.995387401726e-02 -9.59449e-03
9.960000 9.980803536898e-02 -1.95660e-02
9.970000 9.956255431150e-02 -2.95180e-02
9.980000 9.921767510719e-02 -3.94407e-02
9.990000 9.877374093324e-02 -4.93241e-02
10.000000 9.823119355027e-02 -5.91584e-02
