0.000000 1.500000000000e+00 0.00000e+00
0.010000 1.499501252507e+00 -9.97477e-02
0.020000 1.498005045431e+00 -1.99488e-01
0.030000 1.495511486471e+00 -2.99214e-01
0.040000 1.492020760076e+00 -3.98918e-01
0.050000 1.487533134872e+00 -4.98589e-01
0.060000 1.482048974045e+00 -5.98219e-01
0.070000 1.475568748681e+00 -6.97796e-01
0.080000 1.468093054037e+00 -7.97306e-01
0.090000 1.459622628740e+00 -8.96734e-01
0.100000 1.450158376876e+00 -9.96062e-01
0.110000 1.439701392949e+00 -1.09527e+00
0.120000 1.428252989663e+00 -1.19433e+00
0.130000 1.415814728489e+00 -1.29323e+00
0.140000 1.402388452943e+00 -1.39192e+00
0.150000 1.387976324520e+00 -1.49038e+00
0.160000 1.372580861179e+00 -1.58857e+00
0.170000 1.356204978288e+00 -1.68644e+00
0.180000 1.338852031901e+00 -1.78396e+00
0.190000 1.320525864214e+00 -1.88106e+00
0.200000 1.301230851054e+00 -1.97770e+00
0.210000 1.280971951187e+00 -2.07380e+00
0.220000 1.259754757240e+00 -2.16932e+00
0.230000 1.237585547979e+00 -2.26417e+00
0.240000 1.214471341680e+00 -2.35828e+00
0.250000 1.190419950266e+00 -2.45157e+00
0.260000 1.165440033889e+00 -2.54394e+00
0.270000 1.139541155559e+00 -2.63531e+00
0.280000 1.112733835439e+00 -2.72558e+00
0.290000 1.085029604351e+00 -2.81464e+00
0.300000 1.056441056027e+00 -2.90239e+00
0.310000 1.026981897609e+00 -2.98870e+00
0.320000 9.966669978804e-01 -3.07347e+00
0.330000 9.655124326662e-01 -3.15657e+00
0.340000 9.335355268557e-01 -3.23788e+00
0.350000 9.007548924607e-01 -3.31725e+00
0.360000 8.671904621307e-01 -3.39457e+00
0.370000 8.328635175424e-01 -3.46969e+00
0.380000 7.977967120926e-01 -3.54247e+00
0.390000 7.620140873372e-01 -3.61278e+00
0.400000 7.255410826521e-01 -3.68048e+00
0.410000 6.884045376213e-01 -3.74542e+00
0.420000 6.506326867119e-01 -3.80747e+00
0.430000 6.122551458463e-01 -3.86649e+00
0.440000 5.733028905530e-01 -3.92235e+00
0.450000 5.338082254527e-01 -3.97491e+00
0.460000 4.938047449211e-01 -4.02405e+00
0.470000 4.533272848644e-01 -4.06964e+00
0.480000 4.124118656428e-01 -4.11158e+00
0.490000 3.710956262825e-01 -4.14976e+00
0.500000 3.294167502251e-01 -4.18406e+00
0.510000 2.874143829734e-01 -4.21441e+00
0.520000 2.451285421014e-01 -4.24072e+00
0.530000 2.026000202031e-01 -4.26291e+00
0.540000 1.598702814555e-01 -4.28093e+00
0.550000 1.169813525644e-01 -4.29473e+00
0.560000 7.397570894599e-02 -4.30426e+00
0.570000 3.089615707106e-02 -4.30950e+00
0.580000 -1.221428604573e-02 -4.31043e+00
0.590000 -5.531251518018e-02 -4.30706e+00
0.600000 -9.835545999967e-02 -4.29938e+00
0.610000 -1.413002078609e-01 -4.28743e+00
0.620000 -1.841041252392e-01 -4.27124e+00
0.630000 -2.267249767455e-01 -4.25085e+00
0.640000 -2.691210407252e-01 -4.22631e+00
0.650000 -3.112512204865e-01 -4.19771e+00
0.660000 -3.530751502713e-01 -4.16510e+00
0.670000 -3.945532951621e-01 -4.12859e+00
0.680000 -4.356470442096e-01 -4.08828e+00
0.690000 -4.763187961590e-01 -4.04425e+00
0.700000 -5.165320372634e-01 -3.99663e+00
0.710000 -5.562514107764e-01 -3.94554e+00
0.720000 -5.954427778275e-01 -3.89109e+00
0.730000 -6.340732694933e-01 -3.83343e+00
0.740000 -6.721113299839e-01 -3.77267e+00
0.750000 -7.095267509665e-01 -3.70897e+00
0.760000 -7.462906971452e-01 -3.64245e+00
0.770000 -7.823757233025e-01 -3.57325e+00
0.780000 -8.177557830930e-01 -3.50153e+00
0.790000 -8.524062299461e-01 -3.42740e+00
0.800000 -8.863038104993e-01 -3.35102e+00
0.810000 -9.194266510339e-01 -3.27252e+00
0.820000 -9.517542374255e-01 -3.19204e+00
0.830000 -9.832673891543e-01 -3.10970e+00
0.840000 -1.013948227939e+00 -3.02564e+00
0.850000 -1.043780141578e+00 -2.93998e+00
0.860000 -1.072747743572e+00 -2.85283e+00
0.870000 -1.100836829117e+00 -2.76433e+00
0.880000 -1.128034328031e+00 -2.67457e+00
0.890000 -1.154328255175e+00 -2.58367e+00
0.900000 -1.179707658897e+00 -2.49172e+00
0.910000 -1.204162568006e+00 -2.39881e+00
0.920000 -1.227683937769e+00 -2.30505e+00
0.930000 -1.250263595372e+00 -2.21051e+00
0.940000 -1.271894185272e+00 -2.11528e+00
0.950000 -1.292569114819e+00 -2.01942e+00
0.960000 -1.312282500518e+00 -1.92300e+00
0.970000 -1.331029115240e+00 -1.82609e+00
0.980000 -1.348804336679e+00 -1.72875e+00
0.990000 -1.365604097316e+00 -1.63102e+00
1.000000 -1.381424836118e+00 -1.53297e+00
1.010000 -1.396263452180e+00 -1.43462e+00
1.020000 -1.410117260479e+00 -1.33602e+00
1.030000 -1.422983949911e+00 -1.23721e+00
1.040000 -1.434861543716e+00 -1.13822e+00
1.050000 -1.445748362436e+00 -1.03907e+00
1.060000 -1.455642989470e+00 -9.39794e-01
1.070000 -1.464544239326e+00 -8.40407e-01
1.080000 -1.472451128626e+00 -7.40931e-01
1.090000 -1.479362849919e+00 -6.41381e-01
1.100000 -1.485278748342e+00 -5.41773e-01
1.110000 -1.490198301164e+00 -4.42118e-01
1.120000 -1.494121100249e+00 -3.42427e-01
1.130000 -1.497046837440e+00 -2.42710e-01
1.140000 -1.498975292892e+00 -1.42974e-01
1.150000 -1.499906326366e+00 -4.32289e-02
1.160000 -1.499839871484e+00 5.65197e-02
1.170000 -1.498775932955e+00 1.56264e-01
1.180000 -1.496714586774e+00 2.55997e-01
1.190000 -1.493655983390e+00 3.55712e-01
1.200000 -1.489600353847e+00 4.55398e-01
1.210000 -1.484548018887e+00 5.55048e-01
1.220000 -1.478499401007e+00 6.54649e-01
1.230000 -1.471455039465e+00 7.54190e-01
1.240000 -1.463415608213e+00 8.53655e-01
1.250000 -1.454381936732e+00 9.53029e-01
1.260000 -1.444355033757e+00 1.05229e+00
1.270000 -1.433336113838e+00 1.15142e+00
1.280000 -1.421326626707e+00 1.25039e+00
1.290000 -1.408328289390e+00 1.34918e+00
1.300000 -1.394343121000e+00 1.44774e+00
1.310000 -1.379373480125e+00 1.54605e+00
1.320000 -1.363422104726e+00 1.64407e+00
1.330000 -1.346492154416e+00 1.74174e+00
1.340000 -1.328587254990e+00 1.83903e+00
1.350000 -1.309711545062e+00 1.93588e+00
1.360000 -1.289869724600e+00 2.03222e+00
1.370000 -1.269067105185e+00 2.12800e+00
1.380000 -1.247309661728e+00 2.22315e+00
1.390000 -1.224604085409e+00 2.31759e+00
1.400000 -1.200957837518e+00 2.41124e+00
1.410000 -1.176379203889e+00 2.50402e+00
1.420000 -1.150877349557e+00 2.59584e+00
1.430000 -1.124462373249e+00 2.68660e+00
1.440000 -1.097145361290e+00 2.77620e+00
1.450000 -1.068938440453e+00 2.86453e+00
1.460000 -1.039854829286e+00 2.95148e+00
1.470000 -1.009908887390e+00 3.03693e+00
1.480000 -9.791161621119e-01 3.12077e+00
1.490000 -9.474934321052e-01 3.20287e+00
1.500000 -9.150587471756e-01 3.28310e+00
1.510000 -8.818314638370e-01 3.36132e+00
1.520000 -8.478322759935e-01 3.43741e+00
1.530000 -8.130832401702e-01 3.51122e+00
1.540000 -7.776077947293e-01 3.58262e+00
1.550000 -7.414307725310e-01 3.65147e+00
1.560000 -7.045784065310e-01 3.71762e+00
1.570000 -6.670783278496e-01 3.78094e+00
1.580000 -6.289595558983e-01 3.84129e+00
1.590000 -5.902524802151e-01 3.89854e+00
1.600000 -5.509888337307e-01 3.95254e+00
1.610000 -5.112016572681e-01 4.00318e+00
1.620000 -4.709252551715e-01 4.05033e+00
1.630000 -4.301951420553e-01 4.09386e+00
1.640000 -3.890479807672e-01 4.13368e+00
1.650000 -3.475215117674e-01 4.16968e+00
1.660000 -3.056544742351e-01 4.20175e+00
1.670000 -2.634865193237e-01 4.22982e+00
1.680000 -2.210581160924e-01 4.25380e+00
1.690000 -1.784104507476e-01 4.27364e+00
1.700000 -1.355853199229e-01 4.28927e+00
1.710000 -9.262501881601e-02 4.30065e+00
1.720000 -4.957222507791e-02 4.30776e+00
1.730000 -6.469879415403e-03 4.31056e+00
1.740000 3.663893608138e-02 4.30905e+00
1.750000 7.971112083895e-02 4.30324e+00
1.760000 1.227036788611e-01 4.29314e+00
1.770000 1.655738408811e-01 4.27878e+00
1.780000 2.082791845500e-01 4.26020e+00
1.790000 2.507777516375e-01 4.23745e+00
1.800000 2.930281612675e-01 4.21060e+00
1.810000 3.349897182709e-01 4.17972e+00
1.820000 3.766225158146e-01 4.14489e+00
1.830000 4.178875315487e-01 4.10621e+00
1.840000 4.587467166096e-01 4.06378e+00
1.850000 4.991630769197e-01 4.01770e+00
1.860000 5.391007463281e-01 3.96810e+00
1.870000 5.785250512503e-01 3.91509e+00
1.880000 6.174025665709e-01 3.85881e+00
1.890000 6.557011626837e-01 3.79937e+00
1.900000 6.933900436474e-01 3.73693e+00
1.910000 7.304397765338e-01 3.67161e+00
1.920000 7.668223121395e-01 3.60356e+00
1.930000 8.025109973135e-01 3.53291e+00
1.940000 8.374805792312e-01 3.45981e+00
1.950000 8.717072020102e-01 3.38439e+00
1.960000 9.051683961174e-01 3.30679e+00
1.970000 9.378430610649e-01 3.22715e+00
1.980000 9.697114419263e-01 3.14560e+00
1.990000 1.000755100230e+00 3.06227e+00
2.000000 1.030956879807e+00 2.97729e+00
2.010000 1.060300868168e+00 2.89077e+00
2.020000 1.088772353999e+00 2.80285e+00
2.030000 1.116357781353e+00 2.71362e+00
2.040000 1.143044701082e+00 2.62320e+00
2.050000 1.168821720077e+00 2.53169e+00
2.060000 1.193678448822e+00 2.43919e+00
2.070000 1.217605447752e+00 2.34579e+00
2.080000 1.240594172895e+00 2.25157e+00
2.090000 1.262636921220e+00 2.15663e+00
2.100000 1.283726776099e+00 2.06103e+00
2.110000 1.303857553251e+00 1.96485e+00
2.120000 1.323023747497e+00 1.86815e+00
2.130000 1.341220480653e+00 1.77099e+00
2.140000 1.358443450804e+00 1.67342e+00
2.150000 1.374688883228e+00 1.57550e+00
2.160000 1.389953483169e+00 1.47728e+00
2.170000 1.404234390660e+00 1.37878e+00
2.180000 1.417529137551e+00 1.28006e+00
2.190000 1.429835606884e+00 1.18114e+00
2.200000 1.441151994738e+00 1.08206e+00
2.210000 1.451476774656e+00 9.82833e-01
2.220000 1.460808664709e+00 8.83491e-01
2.230000 1.469146597310e+00 7.84051e-01
2.240000 1.476489691797e+00 6.84532e-01
2.250000 1.482837229861e+00 5.84947e-01
2.260000 1.488188633832e+00 4.85311e-01
2.270000 1.492543447879e+00 3.85634e-01
2.280000 1.495901322121e+00 2.85928e-01
2.290000 1.498261999682e+00 1.86199e-01
2.300000 1.499625306705e+00 8.64573e-02
2.310000 1.499991145316e+00 -1.32909e-02
2.320000 1.499359489567e+00 -1.13038e-01
2.330000 1.497730384344e+00 -2.12777e-01
2.340000 1.495103947249e+00 -3.12501e-01
2.350000 1.491480373455e+00 -4.12200e-01
2.360000 1.486859943523e+00 -5.11867e-01
2.370000 1.481243034181e+00 -6.11491e-01
2.380000 1.474630132056e+00 -7.11059e-01
2.390000 1.467021850337e+00 -8.10559e-01
2.400000 1.458418948358e+00 -9.09975e-01
2.410000 1.448822354075e+00 -1.00929e+00
2.420000 1.438233189399e+00 -1.10848e+00
2.430000 1.426652798356e+00 -1.20752e+00
2.440000 1.414082778016e+00 -1.30639e+00
2.450000 1.400525012134e+00 -1.40505e+00
2.460000 1.385981707422e+00 -1.50348e+00
2.470000 1.370455432377e+00 -1.60163e+00
2.480000 1.353949158536e+00 -1.69946e+00
2.490000 1.336466304057e+00 -1.79692e+00
2.500000 1.318010779454e+00 -1.89396e+00
2.510000 1.298587035344e+00 -1.99053e+00
2.520000 1.278200111976e+00 -2.08657e+00
2.530000 1.256855690354e+00 -2.18200e+00
2.540000 1.234560144679e+00 -2.27675e+00
2.550000 1.211320595835e+00 -2.37076e+00
2.560000 1.187144965609e+00 -2.46393e+00
2.570000 1.162042031299e+00 -2.55617e+00
2.580000 1.136021480330e+00 -2.64740e+00
2.590000 1.109093964458e+00 -2.73752e+00
2.600000 1.081271153148e+00 -2.82641e+00
2.610000 1.052565785613e+00 -2.91397e+00
2.620000 1.022991721049e+00 -3.00009e+00
2.630000 9.925639865129e-01 -3.08464e+00
2.640000 9.612988219147e-01 -3.16751e+00
2.650000 9.292137215391e-01 -3.24857e+00
2.660000 8.963274715344e-01 -3.32768e+00
2.670000 8.626601827777e-01 -3.40471e+00
2.680000 8.282333185387e-01 -3.47952e+00
2.690000 7.930697163701e-01 -3.55199e+00
2.700000 7.571936036738e-01 -3.62196e+00
2.710000 7.206306064198e-01 -3.68929e+00
2.720000 6.834077505315e-01 -3.75386e+00
2.730000 6.455534555014e-01 -3.81551e+00
2.740000 6.070975198588e-01 -3.87412e+00
2.750000 5.680710981778e-01 -3.92954e+00
2.760000 5.285066693953e-01 -3.98166e+00
2.770000 4.884379962911e-01 -4.03033e+00
2.780000 4.479000760794e-01 -4.07545e+00
2.790000 4.069290821616e-01 -4.11689e+00
2.800000 3.655622971937e-01 -4.15455e+00
2.810000 3.238380377326e-01 -4.18834e+00
2.820000 2.817955708353e-01 -4.21815e+00
2.830000 2.394750230928e-01 -4.24391e+00
2.840000 1.969172826866e-01 -4.26556e+00
2.850000 1.541638951570e-01 -4.28302e+00
2.860000 1.112569536632e-01 -4.29625e+00
2.870000 6.823898459884e-02 -4.30521e+00
2.880000 2.515282949738e-02 -4.30987e+00
2.890000 -1.795847578144e-02 -4.31023e+00
2.900000 -6.105182354976e-02 -4.30628e+00
2.910000 -1.040841574141e-01 -4.29804e+00
2.920000 -1.470125949521e-01 -4.28552e+00
2.930000 -1.897945488798e-01 -4.26876e+00
2.940000 -2.323878456704e-01 -4.24781e+00
2.950000 -2.747508406244e-01 -4.22273e+00
2.960000 -3.168425284473e-01 -4.19359e+00
2.970000 -3.586226484564e-01 -4.16046e+00
2.980000 -4.000517836249e-01 -4.12344e+00
2.990000 -4.410914527557e-01 -4.08262e+00
3.000000 -4.817041951817e-01 -4.03811e+00
3.010000 -5.218536474910e-01 -3.99002e+00
3.020000 -5.615046118861e-01 -3.93847e+00
3.030000 -6.006231158950e-01 -3.88359e+00
3.040000 -6.391764632604e-01 -3.82551e+00
3.050000 -6.771332759421e-01 -3.76435e+00
3.060000 -7.144635272670e-01 -3.70026e+00
3.070000 -7.511385663564e-01 -3.63338e+00
3.080000 -7.871311340515e-01 -3.56384e+00
3.090000 -8.224153706325e-01 -3.49178e+00
3.100000 -8.569668157010e-01 -3.41735e+00
3.110000 -8.907624006529e-01 -3.34068e+00
3.120000 -9.237804342189e-01 -3.26191e+00
3.130000 -9.560005815924e-01 -3.18117e+00
3.140000 -9.874038376895e-01 -3.09860e+00
3.150000 -1.017972495112e+00 -3.01431e+00
3.160000 -1.047690107390e+00 -2.92845e+00
3.170000 -1.076541448091e+00 -2.84112e+00
3.180000 -1.104512466370e+00 -2.75244e+00
3.190000 -1.131590239533e+00 -2.66252e+00
3.200000 -1.157762923159e+00 -2.57147e+00
3.210000 -1.183019699322e+00 -2.47939e+00
3.220000 -1.207350723412e+00 -2.38637e+00
3.230000 -1.230747070029e+00 -2.29250e+00
3.240000 -1.253200678408e+00 -2.19786e+00
3.250000 -1.274704297785e+00 -2.10254e+00
3.260000 -1.295251433086e+00 -2.00660e+00
3.270000 -1.314836291296e+00 -1.91011e+00
3.280000 -1.333453728822e+00 -1.81315e+00
3.290000 -1.351099200131e+00 -1.71575e+00
3.300000 -1.367768707940e+00 -1.61798e+00
3.310000 -1.383458755157e+00 -1.51988e+00
3.320000 -1.398166298797e+00 -1.42150e+00
3.330000 -1.411888706032e+00 -1.32287e+00
3.340000 -1.424623712538e+00 -1.22403e+00
3.350000 -1.436369383251e+00 -1.12502e+00
3.360000 -1.447124075668e+00 -1.02585e+00
3.370000 -1.456886405756e+00 -9.26557e-01
3.380000 -1.465655216566e+00 -8.27157e-01
3.390000 -1.473429549614e+00 -7.27670e-01
3.400000 -1.480208619062e+00 -6.28112e-01
3.410000 -1.485991788771e+00 -5.28497e-01
3.420000 -1.490778552231e+00 -4.28836e-01
3.430000 -1.494568515405e+00 -3.29142e-01
3.440000 -1.497361382512e+00 -2.29421e-01
3.450000 -1.499156944753e+00 -1.29684e-01
3.460000 -1.499955071998e+00 -2.99381e-02
3.470000 -1.499755707435e+00 6.98103e-02
3.480000 -1.498558865195e+00 1.69554e-01
3.490000 -1.496364630947e+00 2.69285e-01
3.500000 -1.493173165459e+00 3.68996e-01
3.510000 -1.488984711135e+00 4.68678e-01
3.520000 -1.483799601516e+00 5.68322e-01
3.530000 -1.477618273726e+00 6.67916e-01
3.540000 -1.470441283871e+00 7.67447e-01
3.550000 -1.462269325359e+00 8.66902e-01
3.560000 -1.453103250123e+00 9.66262e-01
3.570000 -1.442944092727e+00 1.06551e+00
3.580000 -1.431793097300e+00 1.16462e+00
3.590000 -1.419651747277e+00 1.26356e+00
3.600000 -1.406521797868e+00 1.36232e+00
3.610000 -1.392405311202e+00 1.46086e+00
3.620000 -1.377304694061e+00 1.55913e+00
3.630000 -1.361222738096e+00 1.65710e+00
3.640000 -1.344162662415e+00 1.75473e+00
3.650000 -1.326128158409e+00 1.85196e+00
3.660000 -1.307123436643e+00 1.94874e+00
3.670000 -1.287153275645e+00 2.04502e+00
3.680000 -1.266223072360e+00 2.14072e+00
3.690000 -1.244338894062e+00 2.23578e+00
3.700000 -1.221507531414e+00 2.33012e+00
3.710000 -1.197736552420e+00 2.42366e+00
3.720000 -1.173034356906e+00 2.51632e+00
3.730000 -1.147410231174e+00 2.60800e+00
3.740000 -1.120874402450e+00 2.69861e+00
3.750000 -1.093438092666e+00 2.78804e+00
3.760000 -1.065113571144e+00 2.87619e+00
3.770000 -1.035914205673e+00 2.96295e+00
3.780000 -1.005854511480e+00 3.04820e+00
3.790000 -9.749501975345e-01 3.13182e+00
3.800000 -9.432182096495e-01 3.21367e+00
3.810000 -9.106767697877e-01 3.29364e+00
3.820000 -8.773454110025e-01 3.37159e+00
3.830000 -8.432450074265e-01 3.44738e+00
3.840000 -8.083977987330e-01 3.52088e+00
3.850000 -7.728274085096e-01 3.59195e+00
3.860000 -7.365588560061e-01 3.66044e+00
3.870000 -6.996185607548e-01 3.72623e+00
3.880000 -6.620343396040e-01 3.78916e+00
3.890000 -6.238353957586e-01 3.84910e+00
3.900000 -5.850522994879e-01 3.90592e+00
3.910000 -5.457169602328e-01 3.95949e+00
3.920000 -5.058625899283e-01 4.00967e+00
3.930000 -4.655236574469e-01 4.05634e+00
3.940000 -4.247358341692e-01 4.09939e+00
3.950000 -3.835359307895e-01 4.13870e+00
3.960000 -3.419618255721e-01 4.17418e+00
3.970000 -3.000523843853e-01 4.20572e+00
3.980000 -2.578473729475e-01 4.23325e+00
3.990000 -2.153873618290e-01 4.25669e+00
4.000000 -1.727136248549e-01 4.27597e+00
4.010000 -1.298680316506e-01 4.29103e+00
4.020000 -8.689293515964e-02 4.30185e+00
4.030000 -4.383105503802e-02 4.30838e+00
4.040000 -7.253578944390e-04 4.31061e+00
4.050000 4.238106460698e-02 4.30852e+00
4.060000 8.544511872980e-02 4.30214e+00
4.070000 1.284238316665e-01 4.29147e+00
4.080000 1.712744734895e-01 4.27654e+00
4.090000 2.139546769995e-01 4.25740e+00
4.100000 2.564225544534e-01 4.23411e+00
4.110000 2.986368102007e-01 4.20671e+00
4.120000 3.405568483205e-01 4.17530e+00
4.130000 3.821428744284e-01 4.13996e+00
4.140000 4.233559909085e-01 4.10077e+00
4.150000 4.641582849192e-01 4.05785e+00
4.160000 5.045129086304e-01 4.01129e+00
4.170000 5.443841512485e-01 3.96123e+00
4.180000 5.837375025035e-01 3.90778e+00
4.190000 6.225397073754e-01 3.85107e+00
4.200000 6.607588119497e-01 3.79122e+00
4.210000 6.983642003931e-01 3.72839e+00
4.220000 7.353266231391e-01 3.66270e+00
4.230000 7.716182164662e-01 3.59429e+00
4.240000 8.072125137318e-01 3.52331e+00
4.250000 8.420844486018e-01 3.44989e+00
4.260000 8.762103506786e-01 3.37417e+00
4.270000 9.095679339845e-01 3.29630e+00
4.280000 9.421362788032e-01 3.21639e+00
4.290000 9.738958074134e-01 3.13460e+00
4.300000 1.004828254278e+00 3.05104e+00
4.310000 1.034916631258e+00 2.96585e+00
4.320000 1.064145188447e+00 2.87914e+00
4.330000 1.092499371188e+00 2.79103e+00
4.340000 1.119965773862e+00 2.70164e+00
4.350000 1.146532091006e+00 2.61106e+00
4.360000 1.172187066292e+00 2.51942e+00
4.370000 1.196920439896e+00 2.42679e+00
4.380000 1.220722894735e+00 2.33328e+00
4.390000 1.243586002043e+00 2.23896e+00
4.400000 1.265502166715e+00 2.14393e+00
4.410000 1.286464572809e+00 2.04825e+00
4.420000 1.306467129584e+00 1.95199e+00
4.430000 1.325504418385e+00 1.85523e+00
4.440000 1.343571640706e+00 1.75801e+00
4.450000 1.360664567674e+00 1.66039e+00
4.460000 1.376779491202e+00 1.56243e+00
4.470000 1.391913177030e+00 1.46417e+00
4.480000 1.406062819830e+00 1.36564e+00
4.490000 1.419226000538e+00 1.26689e+00
4.500000 1.431400646053e+00 1.16795e+00
4.510000 1.442584991425e+00 1.06884e+00
4.520000 1.452777544617e+00 9.69603e-01
4.530000 1.461977053945e+00 8.70247e-01
4.540000 1.470182478251e+00 7.70795e-01
4.550000 1.477392959861e+00 6.71266e-01
4.560000 1.483607800395e+00 5.71674e-01
4.570000 1.488826439442e+00 4.72032e-01
4.580000 1.493048436139e+00 3.72351e-01
4.590000 1.496273453682e+00 2.72641e-01
4.600000 1.498501246768e+00 1.72910e-01
4.610000 1.499731652006e+00 7.31667e-02
4.620000 1.499964581276e+00 -2.65817e-02
4.630000 1.499200018065e+00 -1.26328e-01
4.640000 1.497438016775e+00 -2.26066e-01
4.650000 1.494678704999e+00 -3.25786e-01
4.660000 1.490922288771e+00 -4.25482e-01
4.670000 1.486169060779e+00 -5.25144e-01
4.680000 1.480419411537e+00 -6.24761e-01
4.690000 1.473673843509e+00 -7.24321e-01
4.700000 1.465932988164e+00 -8.23811e-01
4.710000 1.457197625942e+00 -9.23214e-01
4.720000 1.447468709116e+00 -1.02251e+00
4.730000 1.436747387507e+00 -1.12168e+00
4.740000 1.425035037012e+00 -1.22070e+00
4.750000 1.412333290898e+00 -1.31955e+00
4.760000 1.398644073800e+00 -1.41818e+00
4.770000 1.383969638341e+00 -1.51657e+00
4.780000 1.368312604285e+00 -1.61468e+00
4.790000 1.351676000112e+00 -1.71246e+00
4.800000 1.334063306897e+00 -1.80987e+00
4.810000 1.315478504322e+00 -1.90686e+00
4.820000 1.295926118670e+00 -2.00336e+00
4.830000 1.275411272583e+00 -2.09932e+00
4.840000 1.253939736376e+00 -2.19466e+00
4.850000 1.231517980631e+00 -2.28933e+00
4.860000 1.208153229803e+00 -2.38322e+00
4.870000 1.183853516514e+00 -2.47627e+00
4.880000 1.158627736182e+00 -2.56839e+00
4.890000 1.132485701603e+00 -2.65948e+00
4.900000 1.105438197081e+00 -2.74943e+00
4.910000 1.077497031644e+00 -2.83816e+00
4.920000 1.048675090882e+00 -2.92553e+00
4.930000 1.018986386891e+00 -3.01145e+00
4.940000 9.884461058073e-01 -3.09579e+00
4.950000 9.570706523596e-01 -3.17842e+00
4.960000 9.248776908954e-01 -3.25922e+00
4.970000 8.918861822838e-01 -3.33806e+00
4.980000 8.581164161218e-01 -3.41481e+00
4.990000 8.235900376613e-01 -3.48932e+00
5.000000 7.883300688881e-01 -3.56146e+00
5.010000 7.523609232056e-01 -3.63108e+00
5.020000 7.157084132032e-01 -3.69806e+00
5.030000 6.783997510306e-01 -3.76224e+00
5.040000 6.404635409485e-01 -3.82350e+00
5.050000 6.019297636850e-01 -3.88169e+00
5.060000 5.628297522978e-01 -3.93668e+00
5.070000 5.231961593205e-01 -3.98834e+00
5.080000 4.830629150596e-01 -4.03655e+00
5.090000 4.424651770034e-01 -4.08118e+00
5.100000 4.014392704056e-01 -4.12213e+00
5.110000 3.600226202135e-01 -4.15928e+00
5.120000 3.182536746180e-01 -4.19254e+00
5.130000 2.761718206146e-01 -4.22182e+00
5.140000 2.338172920713e-01 -4.24704e+00
5.150000 1.912310709054e-01 -4.26813e+00
5.160000 1.484547820712e-01 -4.28502e+00
5.170000 1.055305831491e-01 -4.29769e+00
5.180000 6.250104941189e-02 -4.30608e+00
5.190000 1.940905530952e-02 -4.31017e+00
5.200000 -2.370234662958e-02 -4.30996e+00
5.210000 -6.679004844132e-02 -4.30543e+00
5.220000 -1.098110098510e-01 -4.29662e+00
5.230000 -1.527223808096e-01 -4.28353e+00
5.240000 -1.954816223815e-01 -4.26621e+00
5.250000 -2.380466249464e-01 -4.24471e+00
5.260000 -2.803758227245e-01 -4.21908e+00
5.270000 -3.224283036871e-01 -4.18940e+00
5.280000 -3.641639139870e-01 -4.15575e+00
5.290000 -4.055433561248e-01 -4.11822e+00
5.300000 -4.465282801606e-01 -4.07690e+00
5.310000 -4.870813673773e-01 -4.03191e+00
5.320000 -5.271664059121e-01 -3.98335e+00
5.330000 -5.667483579770e-01 -3.93135e+00
5.340000 -6.057934184018e-01 -3.87604e+00
5.350000 -6.442690643410e-01 -3.81753e+00
5.360000 -6.821440960929e-01 -3.75598e+00
5.370000 -7.193886690767e-01 -3.69151e+00
5.380000 -7.559743171137e-01 -3.62426e+00
5.390000 -7.918739672401e-01 -3.55438e+00
5.400000 -8.270619463591e-01 -3.48200e+00
5.410000 -8.615139801103e-01 -3.40726e+00
5.420000 -8.952071843901e-01 -3.33030e+00
5.430000 -9.281200500077e-01 -3.25126e+00
5.440000 -9.602324209984e-01 -3.17027e+00
5.450000 -9.915254671448e-01 -3.08746e+00
5.460000 -1.021981651277e+00 -3.00296e+00
5.470000 -1.051584691933e+00 -2.91689e+00
5.480000 -1.080319521955e+00 -2.82938e+00
5.490000 -1.108172243616e+00 -2.74053e+00
5.500000 -1.135130080820e+00 -2.65045e+00
5.510000 -1.161181328946e+00 -2.55926e+00
5.520000 -1.186315302852e+00 -2.46705e+00
5.530000 -1.210522283543e+00 -2.37391e+00
5.540000 -1.233793463984e+00 -2.27993e+00
5.550000 -1.256120894489e+00 -2.18520e+00
5.560000 -1.277497428109e+00 -2.08979e+00
5.570000 -1.297916666393e+00 -1.99377e+00
5.580000 -1.317372905872e+00 -1.89722e+00
5.590000 -1.335861085573e+00 -1.80019e+00
5.600000 -1.353376735856e+00 -1.70274e+00
5.610000 -1.369915928817e+00 -1.60492e+00
5.620000 -1.385475230489e+00 -1.50679e+00
5.630000 -1.400051655025e+00 -1.40837e+00
5.640000 -1.413642621053e+00 -1.30971e+00
5.650000 -1.426245910331e+00 -1.21085e+00
5.660000 -1.437859628841e+00 -1.11181e+00
5.670000 -1.448482170429e+00 -1.01263e+00
5.680000 -1.458112183072e+00 -9.13318e-01
5.690000 -1.466748537858e+00 -8.13906e-01
5.700000 -1.474390300734e+00 -7.14408e-01
5.710000 -1.481036707073e+00 -6.14842e-01
5.720000 -1.486687139102e+00 -5.15220e-01
5.730000 -1.491341106224e+00 -4.15554e-01
5.740000 -1.494998228252e+00 -3.15856e-01
5.750000 -1.497658221581e+00 -2.16133e-01
5.760000 -1.499320888309e+00 -1.16394e-01
5.770000 -1.499986108318e+00 -1.66473e-02
5.780000 -1.499653834324e+00 8.31009e-02
5.790000 -1.498324089890e+00 1.82843e-01
5.800000 -1.495996970419e+00 2.82572e-01
5.810000 -1.492672647116e+00 3.82280e-01
5.820000 -1.488351373916e+00 4.81957e-01
5.830000 -1.483033497377e+00 5.81595e-01
5.840000 -1.476719469523e+00 6.81182e-01
5.850000 -1.469409863634e+00 7.80704e-01
5.860000 -1.461105392951e+00 8.80147e-01
5.870000 -1.451806932289e+00 9.79493e-01
5.880000 -1.441515542517e+00 1.07872e+00
5.890000 -1.430232497872e+00 1.17781e+00
5.900000 -1.417959316067e+00 1.27674e+00
5.910000 -1.404697791120e+00 1.37546e+00
5.920000 -1.390450028850e+00 1.47397e+00
5.930000 -1.375218484944e+00 1.57220e+00
5.940000 -1.359006005498e+00 1.67013e+00
5.950000 -1.341815869915e+00 1.76771e+00
5.960000 -1.323651836010e+00 1.86488e+00
5.970000 -1.304518187171e+00 1.96160e+00
5.980000 -1.284419781375e+00 2.05780e+00
5.990000 -1.263362101862e+00 2.15342e+00
6.000000 -1.241351309202e+00 2.24839e+00
6.010000 -1.218394294507e+00 2.34263e+00
6.020000 -1.194498733460e+00 2.43606e+00
6.030000 -1.169673140846e+00 2.52859e+00
6.040000 -1.143926925209e+00 2.62013e+00
6.050000 -1.117270443224e+00 2.71059e+00
6.060000 -1.089715053367e+00 2.79986e+00
6.070000 -1.061273168416e+00 2.88784e+00
6.080000 -1.031958306274e+00 2.97440e+00
6.090000 -1.001785138613e+00 3.05944e+00
6.100000 -9.707695367950e-01 3.14283e+00
6.110000 -9.389286144888e-01 3.22444e+00
6.120000 -9.062807664359e-01 3.30415e+00
6.130000 -8.728457027623e-01 3.38181e+00
6.140000 -8.386444782643e-01 3.45731e+00
6.150000 -8.036995160905e-01 3.53049e+00
6.160000 -7.680346252630e-01 3.60123e+00
6.170000 -7.316750115039e-01 3.66937e+00
6.180000 -6.946472808703e-01 3.73478e+00
6.190000 -6.569794357441e-01 3.79732e+00
6.200000 -6.187008627817e-01 3.85686e+00
6.210000 -5.798423124885e-01 3.91325e+00
6.220000 -5.404358701650e-01 3.96637e+00
6.230000 -5.005149180492e-01 4.01609e+00
6.240000 -4.601140885752e-01 4.06229e+00
6.250000 -4.192692087678e-01 4.10484e+00
6.260000 -3.780172358935e-01 4.14365e+00
6.270000 -3.363961846006e-01 4.17861e+00
6.280000 -2.944450458876e-01 4.20962e+00
6.290000 -2.522036983505e-01 4.23661e+00
6.300000 -2.097128122659e-01 4.25950e+00
6.310000 -1.670137471685e-01 4.27822e+00
6.320000 -1.241484436773e-01 4.29272e+00
6.330000 -8.115931041010e-02 4.30297e+00
6.340000 -3.808910690025e-02 4.30892e+00
6.350000 5.019176507353e-03 4.31058e+00
6.360000 4.812244075952e-02 4.30792e+00
6.370000 9.117760114219e-02 4.30096e+00
6.380000 1.341417102032e-01 4.28972e+00
6.390000 1.769720794831e-01 4.27423e+00
6.400000 2.196263990063e-01 4.25454e+00
6.410000 2.620628535179e-01 4.23069e+00
6.420000 3.042402345050e-01 4.20276e+00
6.430000 3.461180471035e-01 4.17082e+00
6.440000 3.876566110696e-01 4.13496e+00
6.450000 4.288171550842e-01 4.09526e+00
6.460000 4.695619037533e-01 4.05185e+00
6.470000 5.098541567732e-01 4.00482e+00
6.480000 5.496583598352e-01 3.95430e+00
6.490000 5.889401669555e-01 3.90041e+00
6.500000 6.276664940235e-01 3.84327e+00
6.510000 6.658055634729e-01 3.78302e+00
6.520000 7.033269400784e-01 3.71980e+00
6.530000 7.402015579825e-01 3.65374e+00
6.540000 7.764017391445e-01 3.58498e+00
6.550000 8.119012034869e-01 3.51367e+00
6.560000 8.466750710880e-01 3.43993e+00
6.570000 8.806998568296e-01 3.36392e+00
6.580000 9.139534579666e-01 3.28576e+00
6.590000 9.464151351221e-01 3.20560e+00
6.600000 9.780654872502e-01 3.12356e+00
6.610000 1.008886421128e+00 3.03978e+00
6.620000 1.038861115956e+00 2.95438e+00
6.630000 1.067973983641e+00 2.86748e+00
6.640000 1.096210625362e+00 2.77919e+00
6.650000 1.123557784962e+00 2.68963e+00
6.660000 1.150003299756e+00 2.59891e+00
6.670000 1.175536049262e+00 2.50713e+00
6.680000 1.200145902391e+00 2.41438e+00
6.690000 1.223823663576e+00 2.32076e+00
6.700000 1.246561018287e+00 2.22634e+00
6.710000 1.268350478375e+00 2.13122e+00
6.720000 1.289185327629e+00 2.03545e+00
6.730000 1.309059567900e+00 1.93913e+00
6.740000 1.327967866138e+00 1.84230e+00
6.750000 1.345905502617e+00 1.74502e+00
6.760000 1.362868320638e+00 1.64736e+00
6.770000 1.378852677916e+00 1.54935e+00
6.780000 1.393855399889e+00 1.45105e+00
6.790000 1.407873735108e+00 1.35250e+00
6.800000 1.420905312882e+00 1.25372e+00
6.810000 1.432948103297e+00 1.15475e+00
6.820000 1.444000379743e+00 1.05563e+00
6.830000 1.454060684031e+00 9.56371e-01
6.840000 1.463127794190e+00 8.57001e-01
6.850000 1.471200695009e+00 7.57538e-01
6.860000 1.478278551374e+00 6.57999e-01
6.870000 1.484360684456e+00 5.58400e-01
6.880000 1.489446550774e+00 4.58752e-01
6.890000 1.493535724160e+00 3.59066e-01
6.900000 1.496627880662e+00 2.59353e-01
6.910000 1.498722786382e+00 1.59620e-01
6.920000 1.499820288277e+00 5.98761e-02
6.930000 1.499920307912e+00 -3.98725e-02
6.940000 1.499022838202e+00 -1.39618e-01
6.950000 1.497127943103e+00 -2.39354e-01
6.960000 1.494235760293e+00 -3.39072e-01
6.970000 1.490346506811e+00 -4.38764e-01
6.980000 1.485460487671e+00 -5.38420e-01
6.990000 1.479578107425e+00 -6.38030e-01
7.000000 1.472699884676e+00 -7.37582e-01
7.010000 1.464826469527e+00 -8.37061e-01
7.020000 1.455958663930e+00 -9.36451e-01
7.030000 1.446097444934e+00 -1.03573e+00
7.040000 1.435243990775e+00 -1.13489e+00
7.050000 1.423399709774e+00 -1.23389e+00
7.060000 1.410566272002e+00 -1.33270e+00
7.070000 1.396745643625e+00 -1.43131e+00
7.080000 1.381940123868e+00 -1.52966e+00
7.090000 1.366152384503e+00 -1.62773e+00
7.100000 1.349385511734e+00 -1.72547e+00
7.110000 1.331643050368e+00 -1.82282e+00
7.120000 1.312929050107e+00 -1.91975e+00
7.130000 1.293248113784e+00 -2.01618e+00
7.140000 1.272605447347e+00 -2.11206e+00
7.150000 1.251006911353e+00 -2.20732e+00
7.160000 1.228459073719e+00 -2.30188e+00
7.170000 1.204969263438e+00 -2.39567e+00
7.180000 1.180545624935e+00 -2.48860e+00
7.190000 1.155197172714e+00 -2.58059e+00
7.200000 1.128933845911e+00 -2.67153e+00
7.210000 1.101766562317e+00 -2.76133e+00
7.220000 1.073707271448e+00 -2.84988e+00
7.230000 1.044769006156e+00 -2.93707e+00
7.240000 1.014965932286e+00 -3.02278e+00
7.250000 9.843133958387e-01 -3.10690e+00
7.260000 9.528279670958e-01 -3.18930e+00
7.270000 9.205274811224e-01 -3.26984e+00
7.280000 8.874310740809e-01 -3.34841e+00
7.290000 8.535592147670e-01 -3.42487e+00
7.300000 8.189337307899e-01 -3.49907e+00
7.310000 7.835778288299e-01 -3.57088e+00
7.320000 7.475161084305e-01 -3.64016e+00
7.330000 7.107745688078e-01 -3.70678e+00
7.340000 6.733806082063e-01 -3.77058e+00
7.350000 6.353630153772e-01 -3.83143e+00
7.360000 5.967519528195e-01 -3.88920e+00
7.370000 5.575789314911e-01 -3.94376e+00
7.380000 5.178767767822e-01 -3.99497e+00
7.390000 4.776795856280e-01 -4.04271e+00
7.400000 4.370226747353e-01 -4.08685e+00
7.410000 3.959425200014e-01 -4.12730e+00
7.420000 3.544766873070e-01 -4.16394e+00
7.430000 3.126637549773e-01 -4.19667e+00
7.440000 2.705432283131e-01 -4.22542e+00
7.450000 2.281554467040e-01 -4.25009e+00
7.460000 1.855414839377e-01 -4.27062e+00
7.470000 1.427430424207e-01 -4.28696e+00
7.480000 9.980234211289e-02 -4.29905e+00
7.490000 5.676200506086e-02 -4.30687e+00
7.500000 1.366493647935e-02 -4.31039e+00
7.510000 -2.944579661337e-02 -4.30960e+00
7.520000 -7.252708816448e-02 -4.30451e+00
7.530000 -1.155359161949e-01 -4.29512e+00
7.540000 -1.584294651772e-01 -4.28147e+00
7.550000 -2.011652466234e-01 -4.26359e+00
7.560000 -2.437012168548e-01 -4.24153e+00
7.570000 -2.859958909636e-01 -4.21536e+00
7.580000 -3.280084520423e-01 -4.18515e+00
7.590000 -3.696988548227e-01 -4.15097e+00
7.600000 -4.110279229534e-01 -4.11293e+00
7.610000 -4.519574392373e-01 -4.07112e+00
7.620000 -4.924502282511e-01 -4.02564e+00
7.630000 -5.324702308746e-01 -3.97662e+00
7.640000 -5.719825703689e-01 -3.92417e+00
7.650000 -6.109536097481e-01 -3.86842e+00
7.660000 -6.493510003035e-01 -3.80951e+00
7.670000 -6.871437212387e-01 -3.74756e+00
7.680000 -7.243021104789e-01 -3.68271e+00
7.690000 -7.607978868077e-01 -3.61510e+00
7.700000 -7.966041635737e-01 -3.54488e+00
7.710000 -8.316954542824e-01 -3.47218e+00
7.720000 -8.660476704602e-01 -3.39713e+00
7.730000 -8.996381122310e-01 -3.31989e+00
7.740000 -9.324454520966e-01 -3.24058e+00
7.750000 -9.644497124453e-01 -3.15934e+00
7.760000 -9.956322373451e-01 -3.07630e+00
7.770000 -1.025975659191e+00 -2.99158e+00
7.780000 -1.055463860791e+00 -2.90531e+00
7.790000 -1.084081933468e+00 -2.81761e+00
7.800000 -1.111816131760e+00 -2.72859e+00
7.810000 -1.138653825280e+00 -2.63837e+00
7.820000 -1.164583448283e+00 -2.54703e+00
7.830000 -1.189594447460e+00 -2.45469e+00
7.840000 -1.213677228475e+00 -2.36143e+00
7.850000 -1.236823101684e+00 -2.26735e+00
7.860000 -1.259024227509e+00 -2.17252e+00
7.870000 -1.280273561853e+00 -2.07703e+00
7.880000 -1.300564801938e+00 -1.98094e+00
7.890000 -1.319892332908e+00 -1.88432e+00
7.900000 -1.338251175504e+00 -1.78723e+00
7.910000 -1.355636935095e+00 -1.68973e+00
7.920000 -1.372045752310e+00 -1.59187e+00
7.930000 -1.387474255490e+00 -1.49369e+00
7.940000 -1.401919515154e+00 -1.39524e+00
7.950000 -1.415379000648e+00 -1.29655e+00
7.960000 -1.427850539125e+00 -1.19766e+00
7.970000 -1.439332276966e+00 -1.09861e+00
7.980000 -1.449822643767e+00 -9.99402e-01
7.990000 -1.459320318964e+00 -9.00078e-01
8.000000 -1.467824201180e+00 -8.00653e-01
8.010000 -1.475333380342e+00 -7.01146e-01
8.020000 -1.481847112632e+00 -6.01571e-01
8.030000 -1.487364798295e+00 -5.01942e-01
8.040000 -1.491885962350e+00 -4.02272e-01
8.050000 -1.495410238213e+00 -3.02570e-01
8.060000 -1.497937354261e+00 -2.02844e-01
8.070000 -1.499467123350e+00 -1.03104e-01
8.080000 -1.499999435289e+00 -3.35645e-03
8.090000 -1.499534252281e+00 9.63914e-02
8.100000 -1.498071607340e+00 1.96132e-01
8.110000 -1.495611605676e+00 2.95859e-01
8.120000 -1.492154429052e+00 3.95563e-01
8.130000 -1.487700343109e+00 4.95236e-01
8.140000 -1.482249707651e+00 5.94868e-01
8.150000 -1.475802989884e+00 6.94446e-01
8.160000 -1.468360780593e+00 7.93959e-01
8.170000 -1.459923813236e+00 8.93390e-01
8.180000 -1.450492985942e+00 9.92721e-01
8.190000 -1.440069386372e+00 1.09193e+00
8.200000 -1.428654319406e+00 1.19100e+00
8.210000 -1.416249337618e+00 1.28990e+00
8.220000 -1.402856274465e+00 1.38860e+00
8.230000 -1.388477280129e+00 1.48707e+00
8.240000 -1.373114859924e+00 1.58527e+00
8.250000 -1.356771915154e+00 1.68315e+00
8.260000 -1.339451786315e+00 1.78068e+00
8.270000 -1.321158298487e+00 1.87780e+00
8.280000 -1.301895808747e+00 1.97445e+00
8.290000 -1.281669255427e+00 2.07058e+00
8.300000 -1.260484208980e+00 2.16612e+00
8.310000 -1.238346924225e+00 2.26099e+00
8.320000 -1.215264393674e+00 2.35513e+00
8.330000 -1.191244401663e+00 2.44844e+00
8.340000 -1.166295578909e+00 2.54085e+00
8.350000 -1.140427457157e+00 2.63225e+00
8.360000 -1.113650523489e+00 2.72256e+00
8.370000 -1.085976273860e+00 2.81166e+00
8.380000 -1.057417265403e+00 2.89946e+00
8.390000 -1.027987166998e+00 2.98582e+00
8.400000 -9.977008075849e-01 3.07065e+00
8.410000 -9.665742216688e-01 3.15381e+00
8.420000 -9.346246914668e-01 3.23517e+00
8.430000 -9.018707851086e-01 3.31462e+00
8.440000 -8.683323903134e-01 3.39200e+00
8.450000 -8.340307429625e-01 3.46720e+00
8.460000 -7.989884499917e-01 3.54006e+00
8.470000 -7.632295060506e-01 3.61046e+00
8.480000 -7.267793033987e-01 3.67824e+00
8.490000 -6.896646345471e-01 3.74328e+00
8.500000 -6.519136871982e-01 3.80543e+00
8.510000 -6.135560310974e-01 3.86455e+00
8.520000 -5.746225964708e-01 3.92052e+00
8.530000 -5.351456438064e-01 3.97319e+00
8.540000 -4.951587248152e-01 4.02245e+00
8.550000 -4.546966345058e-01 4.06817e+00
8.560000 -4.137953544042e-01 4.11023e+00
8.570000 -3.724919870554e-01 4.14853e+00
8.580000 -3.308246820521e-01 4.18297e+00
8.590000 -2.888325539466e-01 4.21345e+00
8.600000 -2.465555925086e-01 4.23990e+00
8.610000 -2.040345659016e-01 4.26223e+00
8.620000 -1.613109174482e-01 4.28040e+00
8.630000 -1.184266567520e-01 4.29433e+00
8.640000 -7.542424602485e-02 4.30401e+00
8.650000 -3.234648254376e-02 4.30939e+00
8.660000 1.076362177951e-02 4.31047e+00
8.670000 5.386296268883e-02 4.30724e+00
8.680000 9.690846667640e-02 4.29971e+00
8.690000 1.398572138080e-01 4.28790e+00
8.700000 1.826665592156e-01 4.27185e+00
8.710000 2.252942522119e-01 4.25160e+00
8.720000 2.676985520204e-01 4.22720e+00
8.730000 3.098383391653e-01 4.19873e+00
8.740000 3.516732216327e-01 4.16626e+00
8.750000 3.931636349946e-01 4.12989e+00
8.760000 4.342709357742e-01 4.08969e+00
8.770000 4.749574874309e-01 4.04579e+00
8.780000 5.151867384470e-01 3.99829e+00
8.790000 5.549232921055e-01 3.94731e+00
8.800000 5.941329676594e-01 3.89298e+00
8.810000 6.327828527009e-01 3.83542e+00
8.820000 6.708413466471e-01 3.77477e+00
8.830000 7.082781953604e-01 3.71116e+00
8.840000 7.450645170192e-01 3.64473e+00
8.850000 7.811728194434e-01 3.57562e+00
8.860000 8.165770091589e-01 3.50398e+00
8.870000 8.512523925605e-01 3.42993e+00
8.880000 8.851756695884e-01 3.35363e+00
8.890000 9.183249203914e-01 3.27520e+00
8.900000 9.506795854870e-01 3.19478e+00
8.910000 9.822204399624e-01 3.11250e+00
8.920000 1.012929562280e+00 3.02849e+00
8.930000 1.042790298271e+00 2.94288e+00
8.940000 1.071787220888e+00 2.85579e+00
8.950000 1.099906086313e+00 2.76733e+00
8.960000 1.127133786982e+00 2.67761e+00
8.970000 1.153458302073e+00 2.58674e+00
8.980000 1.178868646011e+00 2.49483e+00
8.990000 1.203354815489e+00 2.40195e+00
9.000000 1.226907735485e+00 2.30822e+00
9.010000 1.249519204735e+00 2.21371e+00
9.020000 1.271181841081e+00 2.11849e+00
9.030000 1.291889027082e+00 2.02265e+00
9.040000 1.311634856244e+00 1.92625e+00
9.050000 1.330414080198e+00 1.82936e+00
9.060000 1.348222057110e+00 1.73203e+00
9.070000 1.365054701586e+00 1.63432e+00
9.080000 1.380908436318e+00 1.53627e+00
9.090000 1.395780145649e+00 1.43793e+00
9.100000 1.409667131257e+00 1.33935e+00
9.110000 1.422567070114e+00 1.24054e+00
9.120000 1.434477974825e+00 1.14155e+00
9.130000 1.445398156505e+00 1.04241e+00
9.140000 1.455326190237e+00 9.43136e-01
9.150000 1.464260883242e+00 8.43753e-01
9.160000 1.472201245781e+00 7.44279e-01
9.170000 1.479146464879e+00 6.44732e-01
9.180000 1.485095880887e+00 5.45125e-01
9.190000 1.490048966931e+00 4.45472e-01
9.200000 1.494005311273e+00 3.45782e-01
9.210000 1.496964602595e+00 2.46065e-01
9.220000 1.498926618242e+00 1.46331e-01
9.230000 1.499891215404e+00 4.65854e-02
9.240000 1.499858325281e+00 -5.31633e-02
9.250000 1.498827950203e+00 -1.52908e-01
9.260000 1.496800163731e+00 -2.52642e-01
9.270000 1.493775113727e+00 -3.52357e-01
9.280000 1.489753028389e+00 -4.52044e-01
9.290000 1.484734225263e+00 -5.51695e-01
9.300000 1.478719123194e+00 -6.51298e-01
9.310000 1.471708257237e+00 -7.50841e-01
9.320000 1.463702296487e+00 -8.50310e-01
9.330000 1.454702064825e+00 -9.49687e-01
9.340000 1.444708564535e+00 -1.04895e+00
9.350000 1.433723002782e+00 -1.14809e+00
9.360000 1.421746820876e+00 -1.24706e+00
9.370000 1.408781726299e+00 -1.34585e+00
9.380000 1.394829727404e+00 -1.44443e+00
9.390000 1.379893170723e+00 -1.54275e+00
9.400000 1.363974780777e+00 -1.64077e+00
9.410000 1.347077702277e+00 -1.73846e+00
9.420000 1.329205544588e+00 -1.83576e+00
9.430000 1.310362428285e+00 -1.93263e+00
9.440000 1.290553033642e+00 -2.02899e+00
9.450000 1.269782650825e+00 -2.12479e+00
9.460000 1.248057231571e+00 -2.21996e+00
9.470000 1.225383442087e+00 -2.31443e+00
9.480000 1.201768716866e+00 -2.40811e+00
9.490000 1.177221313110e+00 -2.50092e+00
9.500000 1.151750365380e+00 -2.59277e+00
9.510000 1.125365940106e+00 -2.68356e+00
9.520000 1.098079089514e+00 -2.77320e+00
9.530000 1.069901904522e+00 -2.86158e+00
9.540000 1.040847566129e+00 -2.94858e+00
9.550000 1.010930394763e+00 -3.03408e+00
9.560000 9.801658970791e-01 -3.11798e+00
9.570000 9.485708096274e-01 -3.20014e+00
9.580000 9.161631388372e-01 -3.28043e+00
9.590000 8.829621967253e-01 -3.35873e+00
9.600000 8.489886317517e-01 -3.43489e+00
9.610000 8.142644542430e-01 -3.50878e+00
9.620000 7.788130558202e-01 -3.58026e+00
9.630000 7.426592222881e-01 -3.64920e+00
9.640000 7.058291394787e-01 -3.71544e+00
9.650000 6.683503915804e-01 -3.77886e+00
9.660000 6.302519515382e-01 -3.83931e+00
9.670000 5.915641631729e-01 -3.89666e+00
9.680000 5.523187147391e-01 -3.95078e+00
9.690000 5.125486037221e-01 -4.00153e+00
9.700000 4.722880927661e-01 -4.04880e+00
9.710000 4.315726567211e-01 -4.09246e+00
9.720000 3.904389208987e-01 -4.13240e+00
9.730000 3.489245907358e-01 -4.16853e+00
9.740000 3.070683731737e-01 -4.20074e+00
9.750000 2.649098901687e-01 -4.22894e+00
9.760000 2.224895848610e-01 -4.25306e+00
9.770000 1.798486210294e-01 -4.27304e+00
9.780000 1.370287765598e-01 -4.28881e+00
9.790000 9.407233174005e-02 -4.30034e+00
9.800000 5.102195327769e-02 -4.30759e+00
9.810000 7.920574996228e-03 -4.31053e+00
9.820000 -3.518872377741e-02 -4.30917e+00
9.830000 -7.826284108887e-02 -4.30350e+00
9.840000 -1.212587754290e-01 -4.29355e+00
9.850000 -1.641337479340e-01 -4.27933e+00
9.860000 -2.068453226564e-01 -4.26089e+00
9.870000 -2.493515238831e-01 -4.23828e+00
9.880000 -2.916109495191e-01 -4.21157e+00
9.890000 -3.335828796191e-01 -4.18082e+00
9.900000 -3.752273792221e-01 -4.14613e+00
9.910000 -4.165053947274e-01 -4.10757e+00
9.920000 -4.573788431484e-01 -4.06526e+00
9.930000 -4.978106936789e-01 -4.01931e+00
9.940000 -5.377650411153e-01 -3.96982e+00
9.950000 -5.772071707862e-01 -3.91693e+00
9.960000 -6.161036147518e-01 -3.86075e+00
9.970000 -6.544221991434e-01 -3.80142e+00
9.980000 -6.921320826171e-01 -3.73908e+00
9.990000 -7.292037859965e-01 -3.67386e+00
10.000000 -7.656092132704e-01 -3.60589e+00
