0.000000 1.000000000000e+00 0.00000e+00
0.010000 9.995792645076e-01 -8.41357e-02
0.020000 9.983172854292e-01 -1.68226e-01
0.030000 9.962147457315e-01 -2.52225e-01
0.040000 9.932727862540e-01 -3.36087e-01
0.050000 9.894930095339e-01 -4.19765e-01
0.060000 9.848774851232e-01 -5.03213e-01
0.070000 9.794287563622e-01 -5.86382e-01
0.080000 9.731498485618e-01 -6.69224e-01
0.090000 9.660442785352e-01 -7.51689e-01
0.100000 9.581160654107e-01 -8.33727e-01
0.110000 9.493697426451e-01 -9.15285e-01
0.120000 9.398103711463e-01 -9.96309e-01
0.130000 9.294435534025e-01 -1.07675e+00
0.140000 9.182754485045e-01 -1.15654e+00
0.150000 9.063127879372e-01 -1.23563e+00
0.160000 8.935628920026e-01 -1.31396e+00
0.170000 8.800336867303e-01 -1.39146e+00
0.180000 8.657337211160e-01 -1.46808e+00
0.190000 8.506721845220e-01 -1.54374e+00
0.200000 8.348589240622e-01 -1.61839e+00
0.210000 8.183044617850e-01 -1.69195e+00
0.220000 8.010200114607e-01 -1.76435e+00
0.230000 7.830174947699e-01 -1.83552e+00
0.240000 7.643095566871e-01 -1.90540e+00
0.250000 7.449095798444e-01 -1.97389e+00
0.260000 7.248316976608e-01 -2.04094e+00
0.270000 7.040908060181e-01 -2.10646e+00
0.280000 6.827025732662e-01 -2.17037e+00
0.290000 6.606834483420e-01 -2.23260e+00
0.300000 6.380506667901e-01 -2.29306e+00
0.310000 6.148222544824e-01 -2.35168e+00
0.320000 5.910170288394e-01 -2.40838e+00
0.330000 5.666545973707e-01 -2.46308e+00
0.340000 5.417553533655e-01 -2.51571e+00
0.350000 5.163404685796e-01 -2.56617e+00
0.360000 4.904318827875e-01 -2.61441e+00
0.370000 4.640522900868e-01 -2.66034e+00
0.380000 4.372251218695e-01 -2.70389e+00
0.390000 4.099745263993e-01 -2.74499e+00
0.400000 3.823253449636e-01 -2.78357e+00
0.410000 3.543030845977e-01 -2.81957e+00
0.420000 3.259338874111e-01 -2.85293e+00
0.430000 2.972444965790e-01 -2.88358e+00
0.440000 2.682622190918e-01 -2.91148e+00
0.450000 2.390148853924e-01 -2.93657e+00
0.460000 2.095308060611e-01 -2.95881e+00
0.470000 1.798387257389e-01 -2.97815e+00
0.480000 1.499677745144e-01 -2.99457e+00
0.490000 1.199474170211e-01 -3.00802e+00
0.500000 8.980739952551e-02 -3.01849e+00
0.510000 5.957769530335e-02 -3.02595e+00
0.520000 2.928844862483e-02 -3.03039e+00
0.530000 -1.030082315169e-03 -3.03180e+00
0.540000 -3.134758317303e-02 -3.03018e+00
0.550000 -6.163374158153e-02 -3.02554e+00
0.560000 -9.185830526256e-02 -3.01787e+00
0.570000 -1.219911397665e-01 -3.00720e+00
0.580000 -1.520022854809e-01 -2.99354e+00
0.590000 -1.818620135618e-01 -2.97693e+00
0.600000 -2.115408804504e-01 -2.95739e+00
0.610000 -2.410097806585e-01 -2.93496e+00
0.620000 -2.702399975232e-01 -2.90967e+00
0.630000 -2.992032516563e-01 -2.88159e+00
0.640000 -3.278717468392e-01 -2.85075e+00
0.650000 -3.562182131437e-01 -2.81721e+00
0.660000 -3.842159470878e-01 -2.78103e+00
0.670000 -4.118388486696e-01 -2.74228e+00
0.680000 -4.390614551519e-01 -2.70101e+00
0.690000 -4.658589715066e-01 -2.65729e+00
0.700000 -4.922072974581e-01 -2.61120e+00
0.710000 -5.180830510984e-01 -2.56281e+00
0.720000 -5.434635890778e-01 -2.51220e+00
0.730000 -5.683270234050e-01 -2.45943e+00
0.740000 -5.926522349186e-01 -2.40459e+00
0.750000 -6.164188835189e-01 -2.34776e+00
0.760000 -6.396074152716e-01 -2.28901e+00
0.770000 -6.621990665195e-01 -2.22842e+00
0.780000 -6.841758651538e-01 -2.16608e+00
0.790000 -7.055206292171e-01 -2.10205e+00
0.800000 -7.262169630216e-01 -2.03643e+00
0.810000 -7.462492509785e-01 -1.96928e+00
0.820000 -7.656026493449e-01 -1.90069e+00
0.830000 -7.842630760980e-01 -1.83073e+00
0.840000 -8.022171991531e-01 -1.75947e+00
0.850000 -8.194524231444e-01 -1.68698e+00
0.860000 -8.359568749840e-01 -1.61335e+00
0.870000 -8.517193884183e-01 -1.53863e+00
0.880000 -8.667294877911e-01 -1.46290e+00
0.890000 -8.809773712239e-01 -1.38622e+00
0.900000 -8.944538934129e-01 -1.30866e+00
0.910000 -9.071505482370e-01 -1.23028e+00
0.920000 -9.190594513631e-01 -1.15114e+00
0.930000 -9.301733230242e-01 -1.07130e+00
0.940000 -9.404854711382e-01 -9.90823e-01
0.950000 -9.499897749218e-01 -9.09760e-01
0.960000 -9.586806691484e-01 -8.28168e-01
0.970000 -9.665531291821e-01 -7.46099e-01
0.980000 -9.736026569133e-01 -6.63607e-01
0.990000 -9.798252677084e-01 -5.80741e-01
1.000000 -9.852174784755e-01 -4.97551e-01
1.010000 -9.897762969361e-01 -4.14087e-01
1.020000 -9.934992121826e-01 -3.30394e-01
1.030000 -9.963841865905e-01 -2.46522e-01
1.040000 -9.984296491424e-01 -1.62515e-01
1.050000 -9.996344902108e-01 -7.84204e-02
1.060000 -9.999980578365e-01 5.71673e-03
1.070000 -9.995201555267e-01 8.98508e-02
1.080000 -9.982010415900e-01 1.73936e-01
1.090000 -9.960414300110e-01 2.57927e-01
1.100000 -9.930424928591e-01 3.41778e-01
1.110000 -9.892058642156e-01 4.25442e-01
1.120000 -9.845336455914e-01 5.08873e-01
1.130000 -9.790284127975e-01 5.92021e-01
1.140000 -9.726932242210e-01 6.74839e-01
1.150000 -9.655316304463e-01 7.57277e-01
1.160000 -9.575476851519e-01 8.39284e-01
1.170000 -9.487459572027e-01 9.20807e-01
1.180000 -9.391315438436e-01 1.00179e+00
1.190000 -9.287100848936e-01 1.08219e+00
1.200000 -9.174877778244e-01 1.16193e+00
1.210000 -9.054713935991e-01 1.24097e+00
1.220000 -8.926682931332e-01 1.31925e+00
1.230000 -8.790864442323e-01 1.39669e+00
1.240000 -8.647344388471e-01 1.47325e+00
1.250000 -8.496215104787e-01 1.54884e+00
1.260000 -8.337575515558e-01 1.62342e+00
1.270000 -8.171531305966e-01 1.69690e+00
1.280000 -7.998195089627e-01 1.76922e+00
1.290000 -7.817686569989e-01 1.84031e+00
1.300000 -7.630132693543e-01 1.91009e+00
1.310000 -7.435667792694e-01 1.97849e+00
1.320000 -7.234433716132e-01 2.04544e+00
1.330000 -7.026579944527e-01 2.11085e+00
1.340000 -6.812263689368e-01 2.17465e+00
1.350000 -6.591649972789e-01 2.23676e+00
1.360000 -6.364911686284e-01 2.29710e+00
1.370000 -6.132229626258e-01 2.35560e+00
1.380000 -5.893792504481e-01 2.41216e+00
1.390000 -5.649796931606e-01 2.46673e+00
1.400000 -5.400447372082e-01 2.51920e+00
1.410000 -5.145956068932e-01 2.56952e+00
1.420000 -4.886542937098e-01 2.61760e+00
1.430000 -4.622435424248e-01 2.66337e+00
1.440000 -4.353868338201e-01 2.70676e+00
1.450000 -4.081083640375e-01 2.74769e+00
1.460000 -3.804330204979e-01 2.78610e+00
1.470000 -3.523863543928e-01 2.82192e+00
1.480000 -3.239945497825e-01 2.85510e+00
1.490000 -2.952843893632e-01 2.88557e+00
1.500000 -2.662832170012e-01 2.91327e+00
1.510000 -2.370188971639e-01 2.93817e+00
1.520000 -2.075197714105e-01 2.96021e+00
1.530000 -1.778146121362e-01 2.97936e+00
1.540000 -1.479325737943e-01 2.99557e+00
1.550000 -1.179031418492e-01 3.00882e+00
1.560000 -8.775607973722e-02 3.01909e+00
1.570000 -5.752137413900e-02 3.02635e+00
1.580000 -2.722917888164e-02 3.03058e+00
1.590000 3.090242189984e-03 3.03179e+00
1.600000 3.340657302433e-02 3.02996e+00
1.610000 6.368950349893e-02 3.02511e+00
1.620000 9.390878751914e-02 3.01724e+00
1.630000 1.240343007191e-01 3.00637e+00
1.640000 1.540360974082e-01 2.99251e+00
1.650000 1.838844664164e-01 2.97569e+00
1.660000 2.135499855038e-01 2.95596e+00
1.670000 2.430035740166e-01 2.93333e+00
1.680000 2.722165434940e-01 2.90785e+00
1.690000 3.011606459516e-01 2.87958e+00
1.700000 3.298081195945e-01 2.84855e+00
1.710000 3.581317317418e-01 2.81483e+00
1.720000 3.861048187761e-01 2.77848e+00
1.730000 4.137013229586e-01 2.73955e+00
1.740000 4.408958259911e-01 2.69811e+00
1.750000 4.676635792294e-01 2.65424e+00
1.760000 4.939805304952e-01 2.60799e+00
1.770000 5.198233474577e-01 2.55945e+00
1.780000 5.451694375926e-01 2.50868e+00
1.790000 5.699969647537e-01 2.45577e+00
1.800000 5.942848624215e-01 2.40079e+00
1.810000 6.180128437182e-01 2.34383e+00
1.820000 6.411614083041e-01 2.28495e+00
1.830000 6.637118462910e-01 2.22424e+00
1.840000 6.856462393266e-01 2.16178e+00
1.850000 7.069474590228e-01 2.09765e+00
1.860000 7.275991629119e-01 2.03192e+00
1.870000 7.475857881286e-01 1.96467e+00
1.880000 7.668925430220e-01 1.89598e+00
1.890000 7.855053969107e-01 1.82593e+00
1.900000 8.034110681967e-01 1.75458e+00
1.910000 8.205970110557e-01 1.68202e+00
1.920000 8.370514009217e-01 1.60831e+00
1.930000 8.527631189822e-01 1.53352e+00
1.940000 8.677217358959e-01 1.45772e+00
1.950000 8.819174949400e-01 1.38098e+00
1.960000 8.953412947889e-01 1.30336e+00
1.970000 9.079846721157e-01 1.22492e+00
1.980000 9.198397842042e-01 1.14574e+00
1.990000 9.308993917448e-01 1.06585e+00
2.000000 9.411568419819e-01 9.85333e-01
2.010000 9.506060523675e-01 9.04233e-01
2.020000 9.592414948674e-01 8.22606e-01
2.030000 9.670581810524e-01 7.40508e-01
2.040000 9.740516481000e-01 6.57988e-01
2.050000 9.802179458163e-01 5.75099e-01
2.060000 9.855536247811e-01 4.91889e-01
2.070000 9.900557257044e-01 4.08407e-01
2.080000 9.937217700744e-01 3.24701e-01
2.090000 9.965497521631e-01 2.40818e-01
2.100000 9.985381324486e-01 1.56804e-01
2.110000 9.996858324986e-01 7.27049e-02
2.120000 9.999922313508e-01 -1.14335e-02
2.130000 9.994571634156e-01 -9.55657e-02
2.140000 9.980809179154e-01 -1.79646e-01
2.150000 9.958642398637e-01 -2.63629e-01
2.160000 9.928083325781e-01 -3.47469e-01
2.170000 9.889148617090e-01 -4.31119e-01
2.180000 9.841859607579e-01 -5.14531e-01
2.190000 9.786242380446e-01 -5.97659e-01
2.200000 9.722327850769e-01 -6.80453e-01
2.210000 9.650151862608e-01 -7.62863e-01
2.220000 9.569755298810e-01 -8.44838e-01
2.230000 9.481184202711e-01 -9.26327e-01
2.240000 9.384489910788e-01 -1.00728e+00
2.250000 9.279729195235e-01 -1.08763e+00
2.260000 9.166964415311e-01 -1.16733e+00
2.270000 9.046263676186e-01 -1.24632e+00
2.280000 8.917700993935e-01 -1.32454e+00
2.290000 8.781356465169e-01 -1.40192e+00
2.300000 8.637316439752e-01 -1.47841e+00
2.310000 8.485673694884e-01 -1.55394e+00
2.320000 8.326527608791e-01 -1.62845e+00
2.330000 8.159984332133e-01 -1.70185e+00
2.340000 7.986156955179e-01 -1.77409e+00
2.350000 7.805165668728e-01 -1.84510e+00
2.360000 7.617137916680e-01 -1.91479e+00
2.370000 7.422208538126e-01 -1.98309e+00
2.380000 7.220519896789e-01 -2.04993e+00
2.390000 7.012221995650e-01 -2.11524e+00
2.400000 6.797472574555e-01 -2.17892e+00
2.410000 6.576437188678e-01 -2.24092e+00
2.420000 6.349289265721e-01 -2.30114e+00
2.430000 6.116210139828e-01 -2.35950e+00
2.440000 5.877389060258e-01 -2.41593e+00
2.450000 5.633023173014e-01 -2.47036e+00
2.460000 5.383317473754e-01 -2.52269e+00
2.470000 5.128484730472e-01 -2.57286e+00
2.480000 4.868745374667e-01 -2.62079e+00
2.490000 4.604327359906e-01 -2.66640e+00
2.500000 4.335465986949e-01 -2.70962e+00
2.510000 4.062403694886e-01 -2.75038e+00
2.520000 3.785389817987e-01 -2.78862e+00
2.530000 3.504680308308e-01 -2.82426e+00
2.540000 3.220537424375e-01 -2.85725e+00
2.550000 2.933229386634e-01 -2.88754e+00
2.560000 2.643030000631e-01 -2.91506e+00
2.570000 2.350218249277e-01 -2.93976e+00
2.580000 2.055077855817e-01 -2.96161e+00
2.590000 1.757896819490e-01 -2.98055e+00
2.600000 1.458966926124e-01 -2.99657e+00
2.610000 1.158583236216e-01 -3.00962e+00
2.620000 8.570435533057e-02 -3.01968e+00
2.630000 5.546478756549e-02 -3.02673e+00
2.640000 2.516978344658e-02 -3.03076e+00
2.650000 -5.150387798274e-03 -3.03176e+00
2.660000 -3.546540867810e-02 -3.02973e+00
2.670000 -6.574497158348e-02 -3.02467e+00
2.680000 -9.595883686974e-02 -3.01660e+00
2.690000 -1.260768905177e-01 -3.00552e+00
2.700000 -1.560692010166e-01 -2.99146e+00
2.710000 -1.859060751217e-01 -2.97445e+00
2.720000 -2.155581121548e-01 -2.95451e+00
2.730000 -2.449962565304e-01 -2.93169e+00
2.740000 -2.741918482130e-01 -2.90602e+00
2.750000 -3.031166708328e-01 -2.87756e+00
2.760000 -3.317429972167e-01 -2.84635e+00
2.770000 -3.600436321160e-01 -2.81245e+00
2.780000 -3.879919519473e-01 -2.77592e+00
2.790000 -4.155619413906e-01 -2.73681e+00
2.800000 -4.427282267254e-01 -2.69521e+00
2.810000 -4.694661058158e-01 -2.65117e+00
2.820000 -4.957515746884e-01 -2.60476e+00
2.830000 -5.215613506817e-01 -2.55607e+00
2.840000 -5.468728921734e-01 -2.50515e+00
2.850000 -5.716644149235e-01 -2.45210e+00
2.860000 -5.959149051004e-01 -2.39699e+00
2.870000 -6.196041290802e-01 -2.33989e+00
2.880000 -6.427126401358e-01 -2.28088e+00
2.890000 -6.652217821528e-01 -2.22005e+00
2.900000 -6.871136905282e-01 -2.15748e+00
2.910000 -7.083712904243e-01 -2.09323e+00
2.920000 -7.289782925647e-01 -2.02739e+00
2.930000 -7.489191867682e-01 -1.96005e+00
2.940000 -7.681792334287e-01 -1.89126e+00
2.950000 -7.867444531516e-01 -1.82112e+00
2.960000 -8.046016147637e-01 -1.74969e+00
2.970000 -8.217382219152e-01 -1.67704e+00
2.980000 -8.381424984904e-01 -1.60326e+00
2.990000 -8.538033730427e-01 -1.52840e+00
3.000000 -8.687104624677e-01 -1.45253e+00
3.010000 -8.828540551189e-01 -1.37573e+00
3.020000 -8.962250935684e-01 -1.29806e+00
3.030000 -9.088151572032e-01 -1.21957e+00
3.040000 -9.206164448446e-01 -1.14033e+00
3.050000 -9.316217575624e-01 -1.06040e+00
3.060000 -9.418244818522e-01 -9.79841e-01
3.070000 -9.512185733287e-01 -8.98703e-01
3.080000 -9.597985410810e-01 -8.17043e-01
3.090000 -9.675594328223e-01 -7.34914e-01
3.100000 -9.744968209571e-01 -6.52368e-01
3.110000 -9.806067896765e-01 -5.69455e-01
3.120000 -9.858859231827e-01 -4.86225e-01
3.130000 -9.903312951314e-01 -4.02727e-01
3.140000 -9.939404593691e-01 -3.19007e-01
3.150000 -9.967114420342e-01 -2.35114e-01
3.160000 -9.986427350768e-01 -1.51092e-01
3.170000 -9.997332912429e-01 -6.69893e-02
3.180000 -9.999825205574e-01 1.71501e-02
3.190000 -9.993902883314e-01 1.01280e-01
3.200000 -9.979569147057e-01 1.85356e-01
3.210000 -9.956831757343e-01 2.69330e-01
3.220000 -9.925703060013e-01 3.53159e-01
3.230000 -9.886200027520e-01 4.36794e-01
3.240000 -9.838344315104e-01 5.20188e-01
3.250000 -9.782162331441e-01 6.03295e-01
3.260000 -9.717685323264e-01 6.86064e-01
3.270000 -9.644949473354e-01 7.68447e-01
3.280000 -9.563996011183e-01 8.50391e-01
3.290000 -9.474871335388e-01 9.31844e-01
3.300000 -9.377627147129e-01 1.01275e+00
3.310000 -9.272320593307e-01 1.09306e+00
3.320000 -9.159014418453e-01 1.17272e+00
3.330000 -9.037777124044e-01 1.25166e+00
3.340000 -8.908683133852e-01 1.32982e+00
3.350000 -8.771812963847e-01 1.40715e+00
3.360000 -8.627253395048e-01 1.48358e+00
3.370000 -8.475097647651e-01 1.55904e+00
3.380000 -8.315445554613e-01 1.63347e+00
3.390000 -8.148403732840e-01 1.70680e+00
3.400000 -7.974085750003e-01 1.77896e+00
3.410000 -7.792612284955e-01 1.84987e+00
3.420000 -7.604111279660e-01 1.91947e+00
3.430000 -7.408718080494e-01 1.98768e+00
3.440000 -7.206575566746e-01 2.05442e+00
3.450000 -6.997834264155e-01 2.11962e+00
3.460000 -6.782652441289e-01 2.18319e+00
3.470000 -6.561196186626e-01 2.24506e+00
3.480000 -6.333639464237e-01 2.30516e+00
3.490000 -6.100164146042e-01 2.36340e+00
3.500000 -5.860960018704e-01 2.41970e+00
3.510000 -5.616224763361e-01 2.47398e+00
3.520000 -5.366163906523e-01 2.52617e+00
3.530000 -5.110990740656e-01 2.57619e+00
3.540000 -4.850926213161e-01 2.62396e+00
3.550000 -4.586198782695e-01 2.66941e+00
3.560000 -4.317044241998e-01 2.71247e+00
3.570000 -4.043705506707e-01 2.75306e+00
3.580000 -3.766432369877e-01 2.79112e+00
3.590000 -3.485481222262e-01 2.82659e+00
3.600000 -3.201114738726e-01 2.85940e+00
3.610000 -2.913601531454e-01 2.88949e+00
3.620000 -2.623215770995e-01 2.91682e+00
3.630000 -2.330236776477e-01 2.94134e+00
3.640000 -2.034948576657e-01 2.96299e+00
3.650000 -1.737639443800e-01 2.98174e+00
3.660000 -1.438601402661e-01 2.99755e+00
3.670000 -1.138129717141e-01 3.01040e+00
3.680000 -8.365223574202e-02 3.02025e+00
3.690000 -5.340794506218e-02 3.02710e+00
3.700000 -2.311027182388e-02 3.03092e+00
3.710000 7.210509629165e-03 3.03172e+00
3.720000 3.752408063506e-02 3.02948e+00
3.730000 6.780013636571e-02 3.02422e+00
3.740000 9.800844389265e-02 3.01594e+00
3.750000 1.281188998062e-01 3.00466e+00
3.760000 1.581015870328e-01 2.99040e+00
3.770000 1.879268305037e-01 2.97318e+00
3.780000 2.175652513453e-01 2.95305e+00
3.790000 2.469878192733e-01 2.93003e+00
3.800000 2.761659028993e-01 2.90417e+00
3.810000 3.050713176788e-01 2.87552e+00
3.820000 3.336763712578e-01 2.84413e+00
3.830000 3.619539060031e-01 2.81005e+00
3.840000 3.898773385344e-01 2.77334e+00
3.850000 4.174206961041e-01 2.73407e+00
3.860000 4.445586497083e-01 2.69229e+00
3.870000 4.712665438417e-01 2.64809e+00
3.880000 4.975204228429e-01 2.60153e+00
3.890000 5.232970538107e-01 2.55268e+00
3.900000 5.485739461001e-01 2.50162e+00
3.910000 5.733293674375e-01 2.44842e+00
3.920000 5.975423567245e-01 2.39317e+00
3.930000 6.211927336218e-01 2.33594e+00
3.940000 6.442611050318e-01 2.27681e+00
3.950000 6.667288686183e-01 2.21586e+00
3.960000 6.885782135191e-01 2.15316e+00
3.970000 7.097921184278e-01 2.08881e+00
3.980000 7.303543472291e-01 2.02287e+00
3.990000 7.502494423868e-01 1.95542e+00
4.000000 7.694627162914e-01 1.88654e+00
4.010000 7.879802407796e-01 1.81631e+00
4.020000 8.057888350414e-01 1.74479e+00
4.030000 8.228760521341e-01 1.67207e+00
4.040000 8.392301643199e-01 1.59820e+00
4.050000 8.548401474430e-01 1.52328e+00
4.060000 8.696956645578e-01 1.44735e+00
4.070000 8.837870490146e-01 1.37048e+00
4.080000 8.971052872025e-01 1.29275e+00
4.090000 9.096420011425e-01 1.21421e+00
4.100000 9.213894311136e-01 1.13492e+00
4.110000 9.323404184876e-01 1.05495e+00
4.120000 9.424883889357e-01 9.74346e-01
4.130000 9.518273361631e-01 8.93171e-01
4.140000 9.603518063139e-01 8.11477e-01
4.150000 9.680568831791e-01 7.29318e-01
4.160000 9.749381743306e-01 6.46746e-01
4.170000 9.809917982901e-01 5.63810e-01
4.180000 9.862143728337e-01 4.80560e-01
4.190000 9.906030045194e-01 3.97045e-01
4.200000 9.941552795161e-01 3.13313e-01
4.210000 9.968692557986e-01 2.29409e-01
4.220000 9.987434567656e-01 1.45381e-01
4.230000 9.997768663252e-01 6.12734e-02
4.240000 9.999689254806e-01 -2.28668e-02
4.250000 9.993195304412e-01 -1.06995e-01
4.260000 9.978290322711e-01 -1.91065e-01
4.270000 9.954982380770e-01 -2.75031e-01
4.280000 9.923284137288e-01 -3.58847e-01
4.290000 9.883212880925e-01 -4.42468e-01
4.300000 9.834790587473e-01 -5.25844e-01
4.310000 9.778043991475e-01 -6.08930e-01
4.320000 9.713004671771e-01 -6.91674e-01
4.330000 9.639709150377e-01 -7.74028e-01
4.340000 9.558199003953e-01 -8.55941e-01
4.350000 9.468520987053e-01 -9.37359e-01
4.360000 9.370727166186e-01 -1.01823e+00
4.370000 9.264875063658e-01 -1.09850e+00
4.380000 9.151027810007e-01 -1.17810e+00
4.390000 9.029254303782e-01 -1.25699e+00
4.400000 8.899629377238e-01 -1.33510e+00
4.410000 8.762233966498e-01 -1.41237e+00
4.420000 8.617155284548e-01 -1.48873e+00
4.430000 8.464486995376e-01 -1.56413e+00
4.440000 8.304329387463e-01 -1.63849e+00
4.450000 8.136789544731e-01 -1.71174e+00
4.460000 7.961981512995e-01 -1.78382e+00
4.470000 7.780026459864e-01 -1.85464e+00
4.480000 7.591052826020e-01 -1.92415e+00
4.490000 7.395196465716e-01 -1.99226e+00
4.500000 7.192600774332e-01 -2.05890e+00
4.510000 6.983416800813e-01 -2.12399e+00
4.520000 6.767803342804e-01 -2.18745e+00
4.530000 6.545927022345e-01 -2.24921e+00
4.540000 6.317962340025e-01 -2.30918e+00
4.550000 6.084091705573e-01 -2.36728e+00
4.560000 5.844505442964e-01 -2.42345e+00
4.570000 5.599401768245e-01 -2.47759e+00
4.580000 5.348986738410e-01 -2.52964e+00
4.590000 5.093474169885e-01 -2.57951e+00
4.600000 4.833085525312e-01 -2.62712e+00
4.610000 4.568049767619e-01 -2.67241e+00
4.620000 4.298603180553e-01 -2.71530e+00
4.630000 4.024989155164e-01 -2.75573e+00
4.640000 3.747457941998e-01 -2.79361e+00
4.650000 3.466266369064e-01 -2.82890e+00
4.660000 3.181677525958e-01 -2.86153e+00
4.670000 2.893960414858e-01 -2.89144e+00
4.680000 2.603389569423e-01 -2.91858e+00
4.690000 2.310244642972e-01 -2.94290e+00
4.700000 2.014809967618e-01 -2.96435e+00
4.710000 1.717374086386e-01 -2.98290e+00
4.720000 1.418229260591e-01 -2.99852e+00
4.730000 1.117670955072e-01 -3.01116e+00
4.740000 8.159973041150e-02 -3.02081e+00
4.750000 5.135085611072e-02 -3.02745e+00
4.760000 2.105065351879e-02 -3.03107e+00
4.770000 -9.270598171991e-03 -3.03166e+00
4.780000 -3.958257939740e-02 -3.02922e+00
4.790000 -6.985498837880e-02 -3.02375e+00
4.800000 -1.000575991701e-01 -3.01527e+00
4.810000 -1.301603192335e-01 -3.00378e+00
4.820000 -1.601332461895e-01 -2.98932e+00
4.830000 -1.899467233960e-01 -2.97191e+00
4.840000 -2.195713940256e-01 -2.95158e+00
4.850000 -2.489782533277e-01 -2.92837e+00
4.860000 -2.781386987826e-01 -2.90232e+00
4.870000 -3.070245778802e-01 -2.87348e+00
4.880000 -3.356082332819e-01 -2.84190e+00
4.890000 -3.638625451528e-01 -2.80764e+00
4.900000 -3.917609704836e-01 -2.77075e+00
4.910000 -4.192775792519e-01 -2.73131e+00
4.920000 -4.463870873080e-01 -2.68937e+00
4.930000 -4.730648858984e-01 -2.64500e+00
4.940000 -4.992870677798e-01 -2.59828e+00
4.950000 -5.250304499013e-01 -2.54928e+00
4.960000 -5.502725926693e-01 -2.49807e+00
4.970000 -5.749918158358e-01 -2.44473e+00
4.980000 -5.991672110797e-01 -2.38934e+00
4.990000 -6.227786513764e-01 -2.33198e+00
5.000000 -6.458067972740e-01 -2.27272e+00
5.010000 -6.682331002172e-01 -2.21165e+00
5.020000 -6.900398030764e-01 -2.14884e+00
5.030000 -7.112099380559e-01 -2.08438e+00
5.040000 -7.317273221709e-01 -2.01833e+00
5.050000 -7.515765504901e-01 -1.95078e+00
5.060000 -7.707429873524e-01 -1.88181e+00
5.070000 -7.892127557697e-01 -1.81149e+00
5.080000 -8.069727252328e-01 -1.73989e+00
5.090000 -8.240104981384e-01 -1.66708e+00
5.100000 -8.403143950546e-01 -1.59315e+00
5.110000 -8.558734390406e-01 -1.51815e+00
5.120000 -8.706773392316e-01 -1.44215e+00
5.130000 -8.847164738945e-01 -1.36523e+00
5.140000 -8.979818731556e-01 -1.28744e+00
5.150000 -9.104652015891e-01 -1.20884e+00
5.160000 -9.221587408528e-01 -1.12951e+00
5.170000 -9.330553725427e-01 -1.04949e+00
5.180000 -9.431485614306e-01 -9.68848e-01
5.190000 -9.524323392402e-01 -8.87636e-01
5.200000 -9.609012891020e-01 -8.05910e-01
5.210000 -9.685505308210e-01 -7.23721e-01
5.220000 -9.753757070771e-01 -6.41122e-01
5.230000 -9.813729706687e-01 -5.58163e-01
5.240000 -9.865389728972e-01 -4.74894e-01
5.250000 -9.908708531810e-01 -3.91363e-01
5.260000 -9.943662299750e-01 -3.07617e-01
5.270000 -9.970231930608e-01 -2.23703e-01
5.280000 -9.988402972634e-01 -1.39668e-01
5.290000 -9.998165576370e-01 -5.55574e-02
5.300000 -9.999514461542e-01 2.85834e-02
5.310000 -9.992448899214e-01 1.12709e-01
5.320000 -9.976972709314e-01 1.96773e-01
5.330000 -9.953094273562e-01 2.80731e-01
5.340000 -9.920826563710e-01 3.64535e-01
5.350000 -9.880187184886e-01 4.48141e-01
5.360000 -9.831198433770e-01 5.31499e-01
5.370000 -9.773887371163e-01 6.14563e-01
5.380000 -9.708285908472e-01 6.97282e-01
5.390000 -9.634430907460e-01 7.79608e-01
5.400000 -9.552364292548e-01 8.61489e-01
5.410000 -9.462133174823e-01 9.42872e-01
5.420000 -9.363789986807e-01 1.02370e+00
5.430000 -9.257392626915e-01 1.10393e+00
5.440000 -9.143004612434e-01 1.18349e+00
5.450000 -9.020695239745e-01 1.26232e+00
5.460000 -8.890539750377e-01 1.34038e+00
5.470000 -8.752619501404e-01 1.41759e+00
5.480000 -8.607022138580e-01 1.49389e+00
5.490000 -8.453841770490e-01 1.56921e+00
5.500000 -8.293179141927e-01 1.64350e+00
5.510000 -8.125141804601e-01 1.71667e+00
5.520000 -7.949844283206e-01 1.78867e+00
5.530000 -7.767408234808e-01 1.85941e+00
5.540000 -7.577962599457e-01 1.92882e+00
5.550000 -7.381643739871e-01 1.99684e+00
5.560000 -7.178595568043e-01 2.06337e+00
5.570000 -6.968969656562e-01 2.12835e+00
5.580000 -6.752925332502e-01 2.19170e+00
5.590000 -6.530629751715e-01 2.25334e+00
5.600000 -6.302257951447e-01 2.31318e+00
5.610000 -6.067992879264e-01 2.37116e+00
5.620000 -5.828025396352e-01 2.42719e+00
5.630000 -5.582554253427e-01 2.48120e+00
5.640000 -5.331786037597e-01 2.53310e+00
5.650000 -5.075935088721e-01 2.58281e+00
5.660000 -4.815223384010e-01 2.63027e+00
5.670000 -4.549880389836e-01 2.67540e+00
5.680000 -4.280142879966e-01 2.71813e+00
5.690000 -4.006254719720e-01 2.75838e+00
5.700000 -3.728466615835e-01 2.79609e+00
5.710000 -3.447035832113e-01 2.83120e+00
5.720000 -3.162225871273e-01 2.86365e+00
5.730000 -2.874306123725e-01 2.89337e+00
5.740000 -2.583551484337e-01 2.92032e+00
5.750000 -2.290241938581e-01 2.94445e+00
5.760000 -1.994662119771e-01 2.96571e+00
5.770000 -1.697100839413e-01 2.98406e+00
5.780000 -1.397850593005e-01 2.99947e+00
5.790000 -1.097207043859e-01 3.01191e+00
5.800000 -7.954684878233e-02 3.02136e+00
5.810000 -4.929353019491e-02 3.02780e+00
5.820000 -1.899093803753e-02 3.03121e+00
5.830000 1.133064391638e-02 3.03159e+00
5.840000 4.164089546882e-02 3.02894e+00
5.850000 7.190951815871e-02 3.02327e+00
5.860000 1.021062932882e-01 3.01458e+00
5.870000 1.322011394534e-01 3.00289e+00
5.880000 1.621641692259e-01 2.98823e+00
5.890000 1.919657446395e-01 2.97062e+00
5.900000 2.215765311548e-01 2.95009e+00
5.910000 2.509675497860e-01 2.92668e+00
5.920000 2.801102271030e-01 2.90044e+00
5.930000 3.089764428387e-01 2.87142e+00
5.940000 3.375385748655e-01 2.83965e+00
5.950000 3.657695413280e-01 2.80521e+00
5.960000 3.936428397550e-01 2.76815e+00
5.970000 4.211325830014e-01 2.72853e+00
5.980000 4.482135319075e-01 2.68643e+00
5.990000 4.748611245928e-01 2.64190e+00
6.000000 5.010515023361e-01 2.59502e+00
6.010000 5.267615320260e-01 2.54587e+00
6.020000 5.519688251937e-01 2.49451e+00
6.030000 5.766517536749e-01 2.44103e+00
6.040000 6.007894619689e-01 2.38551e+00
6.050000 6.243618763945e-01 2.32801e+00
6.060000 6.473497111610e-01 2.26863e+00
6.070000 6.697344714967e-01 2.20744e+00
6.080000 6.914984539942e-01 2.14451e+00
6.090000 7.126247443479e-01 2.07994e+00
6.100000 7.330972126721e-01 2.01379e+00
6.110000 7.529005065999e-01 1.94614e+00
6.120000 7.720200423697e-01 1.87707e+00
6.130000 7.904419941121e-01 1.80666e+00
6.140000 8.081532815560e-01 1.73498e+00
6.150000 8.251415563693e-01 1.66210e+00
6.160000 8.413951873537e-01 1.58808e+00
6.170000 8.569032447075e-01 1.51301e+00
6.180000 8.716554835681e-01 1.43695e+00
6.190000 8.856423270398e-01 1.35997e+00
6.200000 8.988548489051e-01 1.28212e+00
6.210000 9.112847562116e-01 1.20348e+00
6.220000 9.229243719165e-01 1.12409e+00
6.230000 9.337666177624e-01 1.04403e+00
6.240000 9.438049975471e-01 9.63348e-01
6.250000 9.530335809407e-01 8.82100e-01
6.260000 9.614469879923e-01 8.00340e-01
6.270000 9.690403744569e-01 7.18122e-01
6.280000 9.758094180638e-01 6.35497e-01
6.290000 9.817503058342e-01 5.52515e-01
6.300000 9.868597225469e-01 4.69227e-01
6.310000 9.911348404387e-01 3.85679e-01
6.320000 9.945733102150e-01 3.01921e-01
6.330000 9.971732534352e-01 2.17997e-01
6.340000 9.989332563282e-01 1.33956e-01
6.350000 9.998523650791e-01 4.98413e-02
6.360000 9.999300826219e-01 -3.42999e-02
6.370000 9.991663669584e-01 -1.18423e-01
6.380000 9.975616310163e-01 -2.02481e-01
6.390000 9.951167440461e-01 -2.86430e-01
6.400000 9.918330345479e-01 -3.70222e-01
6.410000 9.877122947087e-01 -4.53812e-01
6.420000 9.827567863182e-01 -5.37152e-01
6.430000 9.769692481229e-01 -6.20194e-01
6.440000 9.703529045659e-01 -7.02889e-01
6.450000 9.629114758501e-01 -7.85186e-01
6.460000 9.546491892508e-01 -8.67034e-01
6.470000 9.455707915927e-01 -9.48381e-01
6.480000 9.356815627957e-01 -1.02917e+00
6.490000 9.249873303830e-01 -1.10935e+00
6.500000 9.134944848321e-01 -1.18887e+00
6.510000 9.012099956412e-01 -1.26765e+00
6.520000 8.881414279689e-01 -1.34565e+00
6.530000 8.742969596981e-01 -1.42280e+00
6.540000 8.596853987614e-01 -1.49904e+00
6.550000 8.443162005569e-01 -1.57430e+00
6.560000 8.281994852741e-01 -1.64851e+00
6.570000 8.113460549394e-01 -1.72160e+00
6.580000 7.937674099841e-01 -1.79351e+00
6.590000 7.754757651298e-01 -1.86417e+00
6.600000 7.564840643829e-01 -1.93349e+00
6.610000 7.368059949204e-01 -2.00140e+00
6.620000 7.164559996541e-01 -2.06784e+00
6.630000 6.954492882509e-01 -2.13271e+00
6.640000 6.738018463953e-01 -2.19594e+00
6.650000 6.515304430781e-01 -2.25746e+00
6.660000 6.286526357035e-01 -2.31718e+00
6.670000 6.051867728128e-01 -2.37503e+00
6.680000 5.811519942348e-01 -2.43093e+00
6.690000 5.565682284836e-01 -2.48479e+00
6.700000 5.314561872427e-01 -2.53654e+00
6.710000 5.058373567883e-01 -2.58611e+00
6.720000 4.797339862301e-01 -2.63341e+00
6.730000 4.531690724655e-01 -2.67838e+00
6.740000 4.261663417736e-01 -2.72094e+00
6.750000 3.987502279981e-01 -2.76102e+00
6.760000 3.709458473004e-01 -2.79856e+00
6.770000 3.427789694934e-01 -2.83349e+00
6.780000 3.142759859988e-01 -2.86575e+00
6.790000 2.854638745040e-01 -2.89529e+00
6.800000 2.563701604256e-01 -2.92205e+00
6.810000 2.270228753218e-01 -2.94598e+00
6.820000 1.974505124267e-01 -2.96704e+00
6.830000 1.676819795114e-01 -2.98520e+00
6.840000 1.377465493052e-01 -3.00041e+00
6.850000 1.076738077396e-01 -3.01265e+00
6.860000 7.749360030118e-02 -3.02189e+00
6.870000 4.723597680065e-02 -3.02812e+00
6.880000 1.693113488714e-02 -3.03133e+00
6.890000 -1.339063735235e-02 -3.03151e+00
6.900000 -4.369901935466e-02 -3.02865e+00
6.910000 -7.396371624426e-02 -3.02277e+00
6.920000 -1.041545168372e-01 -3.01388e+00
6.930000 -1.342413511254e-01 -3.00199e+00
6.940000 -1.641943468874e-01 -2.98713e+00
6.950000 -1.939838850827e-01 -2.96932e+00
6.960000 -2.235806537001e-01 -2.94859e+00
6.970000 -2.529556997500e-01 -2.92499e+00
6.980000 -2.820804791112e-01 -2.89856e+00
6.990000 -3.109269039677e-01 -2.86935e+00
7.000000 -3.394673875972e-01 -2.83740e+00
7.010000 -3.676748863046e-01 -2.80278e+00
7.020000 -3.955229383226e-01 -2.76554e+00
7.030000 -4.229856995342e-01 -2.72575e+00
7.040000 -4.500379759051e-01 -2.68348e+00
7.050000 -4.766552525468e-01 -2.63879e+00
7.060000 -5.028137193645e-01 -2.59175e+00
7.070000 -5.284902932736e-01 -2.54245e+00
7.080000 -5.536626370028e-01 -2.49094e+00
7.090000 -5.783091745281e-01 -2.43732e+00
7.100000 -6.024091032116e-01 -2.38166e+00
7.110000 -6.259424027435e-01 -2.32404e+00
7.120000 -6.488898410085e-01 -2.26453e+00
7.130000 -6.712329770202e-01 -2.20322e+00
7.140000 -6.929541610829e-01 -2.14018e+00
7.150000 -7.140365323594e-01 -2.07549e+00
7.160000 -7.344640140312e-01 -2.00924e+00
7.170000 -7.542213062546e-01 -1.94149e+00
7.180000 -7.732938771175e-01 -1.87233e+00
7.190000 -7.916679518129e-01 -1.80183e+00
7.200000 -8.093305002445e-01 -1.73006e+00
7.210000 -8.262692232831e-01 -1.65710e+00
7.220000 -8.424725378910e-01 -1.58302e+00
7.230000 -8.579295613296e-01 -1.50788e+00
7.240000 -8.726300946605e-01 -1.43175e+00
7.250000 -8.865646057450e-01 -1.35471e+00
7.260000 -8.997242119417e-01 -1.27680e+00
7.270000 -9.121006626912e-01 -1.19811e+00
7.280000 -9.236863221710e-01 -1.11867e+00
7.290000 -9.344741521934e-01 -1.03857e+00
7.300000 -9.444576955069e-01 -9.57845e-01
7.310000 -9.536310596568e-01 -8.76560e-01
7.320000 -9.619889015429e-01 -7.94768e-01
7.330000 -9.695264128068e-01 -7.12520e-01
7.340000 -9.762393061685e-01 -6.29870e-01
7.350000 -9.821238028189e-01 -5.46866e-01
7.360000 -9.871766209665e-01 -4.63558e-01
7.370000 -9.913949656252e-01 -3.79995e-01
7.380000 -9.947765197154e-01 -2.96224e-01
7.390000 -9.973194365460e-01 -2.12291e-01
7.400000 -9.990223337279e-01 -1.28243e-01
7.410000 -9.998842885624e-01 -4.41251e-02
7.420000 -9.999048349369e-01 4.00163e-02
7.430000 -9.990839617482e-01 1.24136e-01
7.440000 -9.974221128654e-01 2.08189e-01
7.450000 -9.949201886305e-01 2.92128e-01
7.460000 -9.915795488896e-01 3.75909e-01
7.470000 -9.874020175310e-01 4.59483e-01
7.480000 -9.823898885002e-01 5.42804e-01
7.490000 -9.765459332502e-01 6.25824e-01
7.500000 -9.698734095730e-01 7.08493e-01
7.510000 -9.623760717506e-01 7.90761e-01
7.520000 -9.540581819490e-01 8.72577e-01
7.530000 -9.449245227712e-01 9.53889e-01
7.540000 -9.349804108723e-01 1.03464e+00
7.550000 -9.242317115277e-01 1.11478e+00
7.560000 -9.126848540382e-01 1.19424e+00
7.570000 -9.003468478388e-01 1.27298e+00
7.580000 -8.872252991728e-01 1.35092e+00
7.590000 -8.733284281784e-01 1.42801e+00
7.600000 -8.586650862259e-01 1.50418e+00
7.610000 -8.432447733333e-01 1.57937e+00
7.620000 -8.270776554789e-01 1.65351e+00
7.630000 -8.101745816210e-01 1.72653e+00
7.640000 -7.925471002261e-01 1.79836e+00
7.650000 -7.742074751004e-01 1.86892e+00
7.660000 -7.551687003155e-01 1.93815e+00
7.670000 -7.354445140121e-01 2.00596e+00
7.680000 -7.150494108651e-01 2.07229e+00
7.690000 -6.939986529924e-01 2.13706e+00
7.700000 -6.723082790894e-01 2.20018e+00
7.710000 -6.499951115762e-01 2.26158e+00
7.720000 -6.270767615488e-01 2.32117e+00
7.730000 -6.035716313344e-01 2.37889e+00
7.740000 -5.794989144598e-01 2.43465e+00
7.750000 -5.548785928565e-01 2.48837e+00
7.760000 -5.297314311409e-01 2.53998e+00
7.770000 -5.040789678254e-01 2.58940e+00
7.780000 -4.779435033385e-01 2.63654e+00
7.790000 -4.513480847534e-01 2.68135e+00
7.800000 -4.243164871507e-01 2.72374e+00
7.810000 -3.968731915693e-01 2.76366e+00
7.820000 -3.690433595258e-01 2.80102e+00
7.830000 -3.408528041177e-01 2.83577e+00
7.840000 -3.123279577538e-01 2.86785e+00
7.850000 -2.834958365898e-01 2.89720e+00
7.860000 -2.543840017799e-01 2.92377e+00
7.870000 -2.250205176881e-01 2.94750e+00
7.880000 -1.954339072337e-01 2.96837e+00
7.890000 -1.656531045788e-01 2.98633e+00
7.900000 -1.357074053938e-01 3.00133e+00
7.910000 -1.056264149625e-01 3.01337e+00
7.920000 -7.543999441793e-02 3.02241e+00
7.930000 -4.517820541587e-02 3.02844e+00
7.940000 -1.487125357547e-02 3.03144e+00
7.950000 1.545056897037e-02 3.03141e+00
7.960000 4.575694156196e-02 3.02835e+00
7.970000 7.601757317718e-02 3.02227e+00
7.980000 1.062022604115e-01 3.01317e+00
7.990000 1.362809449140e-01 3.00108e+00
8.000000 1.662237699262e-01 2.98601e+00
8.010000 1.960011355816e-01 2.96800e+00
8.020000 2.255837526376e-01 2.94708e+00
8.030000 2.549426943309e-01 2.92328e+00
8.040000 2.840494460686e-01 2.89666e+00
8.050000 3.128759526919e-01 2.86726e+00
8.060000 3.413946630780e-01 2.83513e+00
8.070000 3.695785718715e-01 2.80033e+00
8.080000 3.974012581741e-01 2.76292e+00
8.090000 4.248369210464e-01 2.72296e+00
8.100000 4.518604117136e-01 2.68052e+00
8.110000 4.784472623982e-01 2.63567e+00
8.120000 5.045737117337e-01 2.58847e+00
8.130000 5.302167267494e-01 2.53902e+00
8.140000 5.553540214424e-01 2.48737e+00
8.150000 5.799640719852e-01 2.43361e+00
8.160000 6.040261286441e-01 2.37781e+00
8.170000 6.275202245075e-01 2.32005e+00
8.180000 6.504271811492e-01 2.26042e+00
8.190000 6.727286113683e-01 2.19899e+00
8.200000 6.944069191701e-01 2.13583e+00
8.210000 7.154452971629e-01 2.07104e+00
8.220000 7.358277215631e-01 2.00468e+00
8.230000 7.555389450081e-01 1.93684e+00
8.240000 7.745644873857e-01 1.86758e+00
8.250000 7.928906248937e-01 1.79699e+00
8.260000 8.105043775471e-01 1.72514e+00
8.270000 8.273934953507e-01 1.65210e+00
8.280000 8.435464433547e-01 1.57794e+00
8.290000 8.589523858074e-01 1.50274e+00
8.300000 8.736011696157e-01 1.42655e+00
8.310000 8.874833073183e-01 1.34944e+00
8.320000 9.005899597692e-01 1.27148e+00
8.330000 9.129129187219e-01 1.19273e+00
8.340000 9.244445894955e-01 1.11325e+00
8.350000 9.351779738944e-01 1.03310e+00
8.360000 9.451066535436e-01 9.52340e-01
8.370000 9.542247737922e-01 8.71019e-01
8.380000 9.625270283230e-01 7.89194e-01
8.390000 9.700086446014e-01 7.06917e-01
8.400000 9.766653702797e-01 6.24241e-01
8.410000 9.824934606655e-01 5.41215e-01
8.420000 9.874896673501e-01 4.57888e-01
8.430000 9.916512280830e-01 3.74310e-01
8.440000 9.949758579653e-01 2.90526e-01
8.450000 9.974617420272e-01 2.06584e-01
8.460000 9.991075292400e-01 1.22529e-01
8.470000 9.999123280072e-01 3.84087e-02
8.480000 9.998757031621e-01 -4.57327e-02
8.490000 9.989976744966e-01 -1.29849e-01
8.500000 9.972787168277e-01 -2.13896e-01
8.510000 9.947197616034e-01 -2.97826e-01
8.520000 9.913222000365e-01 -3.81594e-01
8.530000 9.870878877442e-01 -4.65152e-01
8.540000 9.820191508625e-01 -5.48455e-01
8.550000 9.761187935914e-01 -6.31452e-01
8.560000 9.693901071191e-01 -7.14096e-01
8.570000 9.618368798590e-01 -7.96335e-01
8.580000 9.534634089259e-01 -8.78118e-01
8.590000 9.442745127642e-01 -9.59393e-01
8.600000 9.342755448310e-01 -1.04011e+00
8.610000 9.234724082255e-01 -1.12020e+00
8.620000 9.118715711459e-01 -1.19962e+00
8.630000 8.994800830411e-01 -1.27830e+00
8.640000 8.863055913182e-01 -1.35619e+00
8.650000 8.723563584507e-01 -1.43322e+00
8.660000 8.576412793270e-01 -1.50932e+00
8.670000 8.421698986649e-01 -1.58444e+00
8.680000 8.259524283103e-01 -1.65851e+00
8.690000 8.089997642298e-01 -1.73145e+00
8.700000 7.913235029982e-01 -1.80319e+00
8.710000 7.729359575752e-01 -1.87367e+00
8.720000 7.538501721616e-01 -1.94280e+00
8.730000 7.340799359191e-01 -2.01052e+00
8.740000 7.136397953365e-01 -2.07674e+00
8.750000 6.925450650248e-01 -2.14140e+00
8.760000 6.708118367232e-01 -2.20440e+00
8.770000 6.484569863041e-01 -2.26568e+00
8.780000 6.254981785674e-01 -2.32516e+00
8.790000 6.019538696259e-01 -2.38274e+00
8.800000 5.778433066917e-01 -2.43837e+00
8.810000 5.531865250872e-01 -2.49195e+00
8.820000 5.280043423213e-01 -2.54341e+00
8.830000 5.023183490872e-01 -2.59267e+00
8.840000 4.761508970621e-01 -2.63966e+00
8.850000 4.495250834084e-01 -2.68431e+00
8.860000 4.224647319070e-01 -2.72654e+00
8.870000 3.949943706739e-01 -2.76628e+00
8.880000 3.671392064479e-01 -2.80346e+00
8.890000 3.389250954620e-01 -2.83803e+00
8.900000 3.103785109478e-01 -2.86993e+00
8.910000 2.815265073502e-01 -2.89909e+00
8.920000 2.523966813685e-01 -2.92547e+00
8.930000 2.230171299660e-01 -2.94901e+00
8.940000 1.934164055287e-01 -2.96968e+00
8.950000 1.636234683804e-01 -2.98744e+00
8.960000 1.336676368923e-01 -3.00225e+00
8.970000 1.035785354527e-01 -3.01408e+00
8.980000 7.338604058562e-02 -3.02292e+00
8.990000 4.312022553041e-02 -3.02874e+00
9.000000 1.281130361106e-02 -3.03153e+00
9.010000 -1.751042926145e-02 -3.03130e+00
9.020000 -4.781465259952e-02 -3.02803e+00
9.030000 -7.807107950220e-02 -3.02174e+00
9.040000 -1.082495146096e-01 -3.01244e+00
9.050000 -1.383199114892e-01 -3.00015e+00
9.060000 -1.682524291007e-01 -2.98488e+00
9.070000 -1.980174870000e-01 -2.96667e+00
9.080000 -2.275858189523e-01 -2.94555e+00
9.090000 -2.569285246501e-01 -2.92157e+00
9.100000 -2.860171192470e-01 -2.89475e+00
9.110000 -3.148235804478e-01 -2.86516e+00
9.120000 -3.433203929213e-01 -2.83285e+00
9.130000 -3.714805898309e-01 -2.79787e+00
9.140000 -3.992777913110e-01 -2.76028e+00
9.150000 -4.266862397485e-01 -2.72015e+00
9.160000 -4.536808317614e-01 -2.67755e+00
9.170000 -4.802371468001e-01 -2.63253e+00
9.180000 -5.063314723281e-01 -2.58518e+00
9.190000 -5.319408255744e-01 -2.53557e+00
9.200000 -5.570429718747e-01 -2.48378e+00
9.210000 -5.816164396529e-01 -2.42988e+00
9.220000 -6.056405321195e-01 -2.37394e+00
9.230000 -6.290953357876e-01 -2.31606e+00
9.240000 -6.519617259322e-01 -2.25630e+00
9.250000 -6.742213691384e-01 -2.19475e+00
9.260000 -6.958567230997e-01 -2.13148e+00
9.270000 -7.168510338473e-01 -2.06658e+00
9.280000 -7.371883305990e-01 -2.00012e+00
9.290000 -7.568534184310e-01 -1.93218e+00
9.300000 -7.758318689804e-01 -1.86283e+00
9.310000 -7.941100093918e-01 -1.79215e+00
9.320000 -8.116749097278e-01 -1.72022e+00
9.330000 -8.285143690583e-01 -1.64710e+00
9.340000 -8.446169004479e-01 -1.57287e+00
9.350000 -8.599717150554e-01 -1.49759e+00
9.360000 -8.745687055545e-01 -1.42134e+00
9.370000 -8.883984290811e-01 -1.34417e+00
9.380000 -9.014520899044e-01 -1.26615e+00
9.390000 -9.137215220106e-01 -1.18735e+00
9.400000 -9.251991717813e-01 -1.10783e+00
9.410000 -9.358780809362e-01 -1.02763e+00
9.420000 -9.457518699025e-01 -9.46832e-01
9.430000 -9.548147217618e-01 -8.65475e-01
9.440000 -9.630613669130e-01 -7.83617e-01
9.450000 -9.704870685822e-01 -7.01312e-01
9.460000 -9.770876092963e-01 -6.18610e-01
9.470000 -9.828592784270e-01 -5.35563e-01
9.480000 -9.877988609017e-01 -4.52217e-01
9.490000 -9.919036271648e-01 -3.68623e-01
9.500000 -9.951713244639e-01 -2.84827e-01
9.510000 -9.976001695224e-01 -2.00876e-01
9.520000 -9.991888426519e-01 -1.16816e-01
9.530000 -9.999364833435e-01 -3.26922e-02
9.540000 -9.998426873702e-01 5.14489e-02
9.550000 -9.989075054189e-01 1.35562e-01
9.560000 -9.971314432622e-01 2.19602e-01
9.570000 -9.945154634685e-01 3.03523e-01
9.580000 -9.910609886386e-01 3.87278e-01
9.590000 -9.867699061470e-01 4.70821e-01
9.600000 -9.816445743548e-01 5.54104e-01
9.610000 -9.756878302507e-01 6.37079e-01
9.620000 -9.689029984658e-01 7.19696e-01
9.630000 -9.612939015983e-01 8.01906e-01
9.640000 -9.528648717700e-01 8.83657e-01
9.650000 -9.436207633297e-01 9.64895e-01
9.660000 -9.335669666044e-01 1.04557e+00
9.670000 -9.227094225885e-01 1.12562e+00
9.680000 -9.110546384519e-01 1.20499e+00
9.690000 -8.986097037350e-01 1.28362e+00
9.700000 -8.853823070873e-01 1.36145e+00
9.710000 -8.713807533979e-01 1.43842e+00
9.720000 -8.566139811540e-01 1.51446e+00
9.730000 -8.410915798528e-01 1.58951e+00
9.740000 -8.248238072865e-01 1.66350e+00
9.750000 -8.078216065062e-01 1.73636e+00
9.760000 -7.900966222676e-01 1.80802e+00
9.770000 -7.716612167529e-01 1.87841e+00
9.780000 -7.525284843554e-01 1.94745e+00
9.790000 -7.327122653149e-01 2.01507e+00
9.800000 -7.122271579841e-01 2.08119e+00
9.810000 -6.910885295086e-01 2.14573e+00
9.820000 -6.693125247041e-01 2.20862e+00
9.830000 -6.469160729173e-01 2.26978e+00
9.840000 -6.239168926631e-01 2.32913e+00
9.850000 -6.003334938390e-01 2.38659e+00
9.860000 -5.761851773287e-01 2.44207e+00
9.870000 -5.514920318181e-01 2.49551e+00
9.880000 -5.262749276672e-01 2.54683e+00
9.890000 -5.005555076938e-01 2.59594e+00
9.900000 -4.743561747519e-01 2.64277e+00
9.910000 -4.477000760067e-01 2.68725e+00
9.920000 -4.206110838359e-01 2.72932e+00
9.930000 -3.931137733143e-01 2.76888e+00
9.940000 -3.652333962682e-01 2.80590e+00
9.950000 -3.369958519162e-01 2.84029e+00
9.960000 -3.084276541474e-01 2.87200e+00
9.970000 -2.795558955163e-01 2.90097e+00
9.980000 -2.504082080730e-01 2.92716e+00
9.990000 -2.210127211731e-01 2.95051e+00
10.000000 -1.913980164502e-01 2.97098e+00
