0.000000 3.000000000000e+00 0.00000e+00
0.010000 2.999929439996e+00 -1.41155e-02
0.020000 2.999717690130e+00 -2.82450e-02
0.030000 2.999364540778e+00 -4.24024e-02
0.040000 2.998869642346e+00 -5.66018e-02
0.050000 2.998232504950e+00 -7.08572e-02
0.060000 2.997452497961e+00 -8.51828e-02
0.070000 2.996528849417e+00 -9.95926e-02
0.080000 2.995460645309e+00 -1.14101e-01
0.090000 2.994246828735e+00 -1.28722e-01
0.100000 2.992886198923e+00 -1.43471e-01
0.110000 2.991377410124e+00 -1.58361e-01
0.120000 2.989718970369e+00 -1.73409e-01
0.130000 2.987909240102e+00 -1.88627e-01
0.140000 2.985946430671e+00 -2.04032e-01
0.150000 2.983828602698e+00 -2.19638e-01
0.160000 2.981553664304e+00 -2.35462e-01
0.170000 2.979119369212e+00 -2.51517e-01
0.180000 2.976523314710e+00 -2.67821e-01
0.190000 2.973762939480e+00 -2.84390e-01
0.200000 2.970835521299e+00 -3.01238e-01
0.210000 2.967738174599e+00 -3.18384e-01
0.220000 2.964467847900e+00 -3.35843e-01
0.230000 2.961021321106e+00 -3.53632e-01
0.240000 2.957395202666e+00 -3.71770e-01
0.250000 2.953585926606e+00 -3.90273e-01
0.260000 2.949589749427e+00 -4.09159e-01
0.270000 2.945402746873e+00 -4.28447e-01
0.280000 2.941020810567e+00 -4.48155e-01
0.290000 2.936439644518e+00 -4.68302e-01
0.300000 2.931654761506e+00 -4.88908e-01
0.310000 2.926661479338e+00 -5.09992e-01
0.320000 2.921454916984e+00 -5.31574e-01
0.330000 2.916029990591e+00 -5.53675e-01
0.340000 2.910381409392e+00 -5.76316e-01
0.350000 2.904503671488e+00 -5.99517e-01
0.360000 2.898391059544e+00 -6.23302e-01
0.370000 2.892037636367e+00 -6.47691e-01
0.380000 2.885437240404e+00 -6.72708e-01
0.390000 2.878583481150e+00 -6.98375e-01
0.400000 2.871469734479e+00 -7.24717e-01
0.410000 2.864089137907e+00 -7.51757e-01
0.420000 2.856434585806e+00 -7.79521e-01
0.430000 2.848498724564e+00 -8.08032e-01
0.440000 2.840273947733e+00 -8.37317e-01
0.450000 2.831752391144e+00 -8.67401e-01
0.460000 2.822925928047e+00 -8.98311e-01
0.470000 2.813786164259e+00 -9.30075e-01
0.480000 2.804324433374e+00 -9.62719e-01
0.490000 2.794531792037e+00 -9.96271e-01
0.500000 2.784399015316e+00 -1.03076e+00
0.510000 2.773916592211e+00 -1.06621e+00
0.520000 2.763074721319e+00 -1.10266e+00
0.530000 2.751863306709e+00 -1.14014e+00
0.540000 2.740271954027e+00 -1.17867e+00
0.550000 2.728289966898e+00 -1.21828e+00
0.560000 2.715906343658e+00 -1.25901e+00
0.570000 2.703109774478e+00 -1.30089e+00
0.580000 2.689888638940e+00 -1.34394e+00
0.590000 2.676231004126e+00 -1.38820e+00
0.600000 2.662124623289e+00 -1.43370e+00
0.610000 2.647556935197e+00 -1.48048e+00
0.620000 2.632515064211e+00 -1.52856e+00
0.630000 2.616985821215e+00 -1.57797e+00
0.640000 2.600955705471e+00 -1.62875e+00
0.650000 2.584410907523e+00 -1.68092e+00
0.660000 2.567337313264e+00 -1.73452e+00
0.670000 2.549720509277e+00 -1.78958e+00
0.680000 2.531545789603e+00 -1.84612e+00
0.690000 2.512798164057e+00 -1.90417e+00
0.700000 2.493462368266e+00 -1.96376e+00
0.710000 2.473522875577e+00 -2.02492e+00
0.720000 2.452963911006e+00 -2.08767e+00
0.730000 2.431769467427e+00 -2.15203e+00
0.740000 2.409923324177e+00 -2.21802e+00
0.750000 2.387409068280e+00 -2.28566e+00
0.760000 2.364210118515e+00 -2.35497e+00
0.770000 2.340309752528e+00 -2.42595e+00
0.780000 2.315691137235e+00 -2.49862e+00
0.790000 2.290337362728e+00 -2.57298e+00
0.800000 2.264231479938e+00 -2.64904e+00
0.810000 2.237356542281e+00 -2.72679e+00
0.820000 2.209695651542e+00 -2.80623e+00
0.830000 2.181232008213e+00 -2.88733e+00
0.840000 2.151948966531e+00 -2.97010e+00
0.850000 2.121830094429e+00 -3.05449e+00
0.860000 2.090859238598e+00 -3.14047e+00
0.870000 2.059020594848e+00 -3.22802e+00
0.880000 2.026298783926e+00 -3.31708e+00
0.890000 1.992678932900e+00 -3.40760e+00
0.900000 1.958146762204e+00 -3.49951e+00
0.910000 1.922688678361e+00 -3.59274e+00
0.920000 1.886291872371e+00 -3.68721e+00
0.930000 1.848944423647e+00 -3.78282e+00
0.940000 1.810635409348e+00 -3.87947e+00
0.950000 1.771355018837e+00 -3.97704e+00
0.960000 1.731094672896e+00 -4.07539e+00
0.970000 1.689847147248e+00 -4.17440e+00
0.980000 1.647606699782e+00 -4.27390e+00
0.990000 1.604369200783e+00 -4.37372e+00
1.000000 1.560132265301e+00 -4.47369e+00
1.010000 1.514895386678e+00 -4.57361e+00
1.020000 1.468660070107e+00 -4.67327e+00
1.030000 1.421429964910e+00 -4.77245e+00
1.040000 1.373210994144e+00 -4.87092e+00
1.050000 1.324011479938e+00 -4.96844e+00
1.060000 1.273842262877e+00 -5.06473e+00
1.070000 1.222716813625e+00 -5.15955e+00
1.080000 1.170651334862e+00 -5.25260e+00
1.090000 1.117664851577e+00 -5.34360e+00
1.100000 1.063779287687e+00 -5.43227e+00
1.110000 1.009019526960e+00 -5.51829e+00
1.120000 9.534134562702e-01 -5.60138e+00
1.130000 8.969919892688e-01 -5.68122e+00
1.140000 8.397890687083e-01 -5.75752e+00
1.150000 7.818416458331e-01 -5.82997e+00
1.160000 7.231896354812e-01 -5.89829e+00
1.170000 6.638758458293e-01 -5.96219e+00
1.180000 6.039458820502e-01 -6.02139e+00
1.190000 5.434480235249e-01 -6.07564e+00
1.200000 4.824330746704e-01 -6.12469e+00
1.210000 4.209541898844e-01 -6.16832e+00
1.220000 3.590666735708e-01 -6.20632e+00
1.230000 2.968277566746e-01 -6.23852e+00
1.240000 2.342963516133e-01 -6.26475e+00
1.250000 1.715327879322e-01 -6.28489e+00
1.260000 1.085985314090e-01 -6.29884e+00
1.270000 4.555588969051e-02 -6.30654e+00
1.280000 -1.753229216196e-02 -6.30794e+00
1.290000 -8.060294262044e-02 -6.30304e+00
1.300000 -1.435930773853e-01 -6.29186e+00
1.310000 -2.064401120212e-01 -6.27445e+00
1.320000 -2.690821697513e-01 -6.25091e+00
1.330000 -3.314583807350e-01 -6.22135e+00
1.340000 -3.935091693455e-01 -6.18591e+00
1.350000 -4.551765262258e-01 -6.14475e+00
1.360000 -5.164042622326e-01 -6.09809e+00
1.370000 -5.771382417572e-01 -6.04612e+00
1.380000 -6.373265933396e-01 -5.98908e+00
1.390000 -6.969198959404e-01 -5.92724e+00
1.400000 -7.558713396996e-01 -5.86085e+00
1.410000 -8.141368604785e-01 -5.79020e+00
1.420000 -8.716752479299e-01 -5.71557e+00
1.430000 -9.284482272730e-01 -5.63726e+00
1.440000 -9.844205153424e-01 -5.55558e+00
1.450000 -1.039559851837e+00 -5.47082e+00
1.460000 -1.093837007000e+00 -5.38330e+00
1.470000 -1.147225767220e+00 -5.29329e+00
1.480000 -1.199702900249e+00 -5.20112e+00
1.490000 -1.251248101891e+00 -5.10705e+00
1.500000 -1.301843926098e+00 -5.01138e+00
1.510000 -1.351475700509e+00 -4.91438e+00
1.520000 -1.400131429438e+00 -4.81630e+00
1.530000 -1.447801686306e+00 -4.71740e+00
1.540000 -1.494479497484e+00 -4.61793e+00
1.550000 -1.540160219378e+00 -4.51810e+00
1.560000 -1.584841410522e+00 -4.41812e+00
1.570000 -1.628522700295e+00 -4.31821e+00
1.580000 -1.671205655774e+00 -4.21855e+00
1.590000 -1.712893648035e+00 -4.11930e+00
1.600000 -1.753591719144e+00 -4.02064e+00
1.610000 -1.793306450861e+00 -3.92271e+00
1.620000 -1.832045835987e+00 -3.82564e+00
1.630000 -1.869819153113e+00 -3.72955e+00
1.640000 -1.906636845432e+00 -3.63456e+00
1.650000 -1.942510404111e+00 -3.54077e+00
1.660000 -1.977452256651e+00 -3.44826e+00
1.670000 -2.011475660521e+00 -3.35712e+00
1.680000 -2.044594602292e+00 -3.26740e+00
1.690000 -2.076823702388e+00 -3.17918e+00
1.700000 -2.108178125524e+00 -3.09249e+00
1.710000 -2.138673496808e+00 -3.00738e+00
1.720000 -2.168325823467e+00 -2.92390e+00
1.730000 -2.197151422081e+00 -2.84205e+00
1.740000 -2.225166851182e+00 -2.76187e+00
1.750000 -2.252388849062e+00 -2.68337e+00
1.760000 -2.278834276575e+00 -2.60656e+00
1.770000 -2.304520064742e+00 -2.53144e+00
1.780000 -2.329463166915e+00 -2.45802e+00
1.790000 -2.353680515279e+00 -2.38629e+00
1.800000 -2.377188981450e+00 -2.31624e+00
1.810000 -2.400005340925e+00 -2.24786e+00
1.820000 -2.422146241159e+00 -2.18114e+00
1.830000 -2.443628173011e+00 -2.11606e+00
1.840000 -2.464467445362e+00 -2.05260e+00
1.850000 -2.484680162643e+00 -1.99074e+00
1.860000 -2.504282205099e+00 -1.93045e+00
1.870000 -2.523289211548e+00 -1.87172e+00
1.880000 -2.541716564465e+00 -1.81451e+00
1.890000 -2.559579377180e+00 -1.75880e+00
1.900000 -2.576892483040e+00 -1.70455e+00
1.910000 -2.593670426341e+00 -1.65175e+00
1.920000 -2.609927454892e+00 -1.60035e+00
1.930000 -2.625677514058e+00 -1.55034e+00
1.940000 -2.640934242142e+00 -1.50167e+00
1.950000 -2.655710966981e+00 -1.45432e+00
1.960000 -2.670020703636e+00 -1.40826e+00
1.970000 -2.683876153065e+00 -1.36345e+00
1.980000 -2.697289701678e+00 -1.31986e+00
1.990000 -2.710273421678e+00 -1.27747e+00
2.000000 -2.722839072102e+00 -1.23623e+00
2.010000 -2.734998100481e+00 -1.19613e+00
2.020000 -2.746761645043e+00 -1.15712e+00
2.030000 -2.758140537401e+00 -1.11918e+00
2.040000 -2.769145305647e+00 -1.08228e+00
2.050000 -2.779786177817e+00 -1.04639e+00
2.060000 -2.790073085655e+00 -1.01147e+00
2.070000 -2.800015668641e+00 -9.77510e-01
2.080000 -2.809623278240e+00 -9.44466e-01
2.090000 -2.818904982328e+00 -9.12315e-01
2.100000 -2.827869569762e+00 -8.81029e-01
2.110000 -2.836525555064e+00 -8.50581e-01
2.120000 -2.844881183190e+00 -8.20944e-01
2.130000 -2.852944434353e+00 -7.92092e-01
2.140000 -2.860723028889e+00 -7.64000e-01
2.150000 -2.868224432122e+00 -7.36642e-01
2.160000 -2.875455859245e+00 -7.09992e-01
2.170000 -2.882424280157e+00 -6.84028e-01
2.180000 -2.889136424281e+00 -6.58725e-01
2.190000 -2.895598785324e+00 -6.34060e-01
2.200000 -2.901817625973e+00 -6.10010e-01
2.210000 -2.907798982526e+00 -5.86552e-01
2.220000 -2.913548669435e+00 -5.63665e-01
2.230000 -2.919072283762e+00 -5.41327e-01
2.240000 -2.924375209539e+00 -5.19517e-01
2.250000 -2.929462622024e+00 -4.98214e-01
2.260000 -2.934339491847e+00 -4.77398e-01
2.270000 -2.939010589045e+00 -4.57050e-01
2.280000 -2.943480486983e+00 -4.37149e-01
2.290000 -2.947753566146e+00 -4.17677e-01
2.300000 -2.951834017814e+00 -3.98614e-01
2.310000 -2.955725847613e+00 -3.79943e-01
2.320000 -2.959432878933e+00 -3.61645e-01
2.330000 -2.962958756218e+00 -3.43703e-01
2.340000 -2.966306948128e+00 -3.26100e-01
2.350000 -2.969480750566e+00 -3.08817e-01
2.360000 -2.972483289574e+00 -2.91839e-01
2.370000 -2.975317524097e+00 -2.75148e-01
2.380000 -2.977986248612e+00 -2.58729e-01
2.390000 -2.980492095623e+00 -2.42564e-01
2.400000 -2.982837538022e+00 -2.26640e-01
2.410000 -2.985024891323e+00 -2.10939e-01
2.420000 -2.987056315747e+00 -1.95446e-01
2.430000 -2.988933818192e+00 -1.80147e-01
2.440000 -2.990659254056e+00 -1.65026e-01
2.450000 -2.992234328935e+00 -1.50067e-01
2.460000 -2.993660600182e+00 -1.35257e-01
2.470000 -2.994939478340e+00 -1.20581e-01
2.480000 -2.996072228440e+00 -1.06025e-01
2.490000 -2.997059971166e+00 -9.15728e-02
2.500000 -2.997903683892e+00 -7.72115e-02
2.510000 -2.998604201584e+00 -6.29267e-02
2.520000 -2.999162217576e+00 -4.87041e-02
2.530000 -2.999578284211e+00 -3.45298e-02
2.540000 -2.999852813355e+00 -2.03896e-02
2.550000 -2.999986076779e+00 -6.26965e-03
2.560000 -2.999978206411e+00 7.84412e-03
2.570000 -2.999829194460e+00 2.19657e-02
2.580000 -2.999538893406e+00 3.61089e-02
2.590000 -2.999107015867e+00 5.02880e-02
2.600000 -2.998533134329e+00 6.45168e-02
2.610000 -2.997816680750e+00 7.88094e-02
2.620000 -2.996956946030e+00 9.31801e-02
2.630000 -2.995953079360e+00 1.07643e-01
2.640000 -2.994804087428e+00 1.22212e-01
2.650000 -2.993508833501e+00 1.36903e-01
2.660000 -2.992066036378e+00 1.51728e-01
2.670000 -2.990474269206e+00 1.66704e-01
2.680000 -2.988731958170e+00 1.81844e-01
2.690000 -2.986837381043e+00 1.97165e-01
2.700000 -2.984788665615e+00 2.12680e-01
2.710000 -2.982583787980e+00 2.28405e-01
2.720000 -2.980220570690e+00 2.44355e-01
2.730000 -2.977696680787e+00 2.60547e-01
2.740000 -2.975009627685e+00 2.76996e-01
2.750000 -2.972156760933e+00 2.93718e-01
2.760000 -2.969135267835e+00 3.10729e-01
2.770000 -2.965942170939e+00 3.28047e-01
2.780000 -2.962574325394e+00 3.45688e-01
2.790000 -2.959028416174e+00 3.63669e-01
2.800000 -2.955300955163e+00 3.82007e-01
2.810000 -2.951388278115e+00 4.00721e-01
2.820000 -2.947286541478e+00 4.19828e-01
2.830000 -2.942991719090e+00 4.39347e-01
2.840000 -2.938499598743e+00 4.59297e-01
2.850000 -2.933805778620e+00 4.79697e-01
2.860000 -2.928905663611e+00 5.00566e-01
2.870000 -2.923794461498e+00 5.21924e-01
2.880000 -2.918467179028e+00 5.43792e-01
2.890000 -2.912918617864e+00 5.66190e-01
2.900000 -2.907143370423e+00 5.89140e-01
2.910000 -2.901135815611e+00 6.12663e-01
2.920000 -2.894890114454e+00 6.36780e-01
2.930000 -2.888400205628e+00 6.61516e-01
2.940000 -2.881659800906e+00 6.86891e-01
2.950000 -2.874662380523e+00 7.12931e-01
2.960000 -2.867401188469e+00 7.39658e-01
2.970000 -2.859869227721e+00 7.67097e-01
2.980000 -2.852059255428e+00 7.95272e-01
2.990000 -2.843963778059e+00 8.24210e-01
3.000000 -2.835575046534e+00 8.53936e-01
3.010000 -2.826885051348e+00 8.84476e-01
3.020000 -2.817885517715e+00 9.15858e-01
3.030000 -2.808567900746e+00 9.48107e-01
3.040000 -2.798923380691e+00 9.81252e-01
3.050000 -2.788942858266e+00 1.01532e+00
3.060000 -2.778616950094e+00 1.05034e+00
3.070000 -2.767935984302e+00 1.08635e+00
3.080000 -2.756889996289e+00 1.12336e+00
3.090000 -2.745468724734e+00 1.16142e+00
3.100000 -2.733661607850e+00 1.20055e+00
3.110000 -2.721457779972e+00 1.24078e+00
3.120000 -2.708846068492e+00 1.28214e+00
3.130000 -2.695814991234e+00 1.32467e+00
3.140000 -2.682352754299e+00 1.36839e+00
3.150000 -2.668447250476e+00 1.41333e+00
3.160000 -2.654086058270e+00 1.45954e+00
3.170000 -2.639256441650e+00 1.50704e+00
3.180000 -2.623945350583e+00 1.55585e+00
3.190000 -2.608139422466e+00 1.60602e+00
3.200000 -2.591824984557e+00 1.65757e+00
3.210000 -2.574988057500e+00 1.71053e+00
3.220000 -2.557614360094e+00 1.76494e+00
3.230000 -2.539689315402e+00 1.82082e+00
3.240000 -2.521198058368e+00 1.87819e+00
3.250000 -2.502125445066e+00 1.93710e+00
3.260000 -2.482456063757e+00 1.99756e+00
3.270000 -2.462174247913e+00 2.05960e+00
3.280000 -2.441264091382e+00 2.12324e+00
3.290000 -2.419709465900e+00 2.18850e+00
3.300000 -2.397494041126e+00 2.25541e+00
3.310000 -2.374601307415e+00 2.32397e+00
3.320000 -2.351014601558e+00 2.39421e+00
3.330000 -2.326717135688e+00 2.46613e+00
3.340000 -2.301692029603e+00 2.53974e+00
3.350000 -2.275922346732e+00 2.61504e+00
3.360000 -2.249391133980e+00 2.69204e+00
3.370000 -2.222081465702e+00 2.77073e+00
3.380000 -2.193976492031e+00 2.85110e+00
3.390000 -2.165059491804e+00 2.93313e+00
3.400000 -2.135313930300e+00 3.01680e+00
3.410000 -2.104723522012e+00 3.10208e+00
3.420000 -2.073272298629e+00 3.18894e+00
3.430000 -2.040944682418e+00 3.27734e+00
3.440000 -2.007725565116e+00 3.36721e+00
3.450000 -1.973600392460e+00 3.45852e+00
3.460000 -1.938555254385e+00 3.55117e+00
3.470000 -1.902576980899e+00 3.64510e+00
3.480000 -1.865653243578e+00 3.74022e+00
3.490000 -1.827772662525e+00 3.83642e+00
3.500000 -1.788924918587e+00 3.93359e+00
3.510000 -1.749100870512e+00 4.03161e+00
3.520000 -1.708292676621e+00 4.13035e+00
3.530000 -1.666493920471e+00 4.22965e+00
3.540000 -1.623699739842e+00 4.32935e+00
3.550000 -1.579906958273e+00 4.42928e+00
3.560000 -1.535114218205e+00 4.52924e+00
3.570000 -1.489322114676e+00 4.62904e+00
3.580000 -1.442533328335e+00 4.72847e+00
3.590000 -1.394752756421e+00 4.82728e+00
3.600000 -1.345987640199e+00 4.92525e+00
3.610000 -1.296247687204e+00 5.02212e+00
3.620000 -1.245545186545e+00 5.11763e+00
3.630000 -1.193895115380e+00 5.21150e+00
3.640000 -1.141315234636e+00 5.30345e+00
3.650000 -1.087826171947e+00 5.39319e+00
3.660000 -1.033451489801e+00 5.48042e+00
3.670000 -9.782177368841e-01 5.56485e+00
3.680000 -9.221544806760e-01 5.64617e+00
3.690000 -8.652943194675e-01 5.72408e+00
3.700000 -8.076728721210e-01 5.79828e+00
3.710000 -7.493287441109e-01 5.86847e+00
3.720000 -6.903034686447e-01 5.93437e+00
3.730000 -6.306414219767e-01 5.99569e+00
3.740000 -5.703897123853e-01 6.05217e+00
3.750000 -5.095980426869e-01 6.10356e+00
3.760000 -4.483185465872e-01 6.14962e+00
3.770000 -3.866055996273e-01 6.19015e+00
3.780000 -3.245156059482e-01 6.22494e+00
3.790000 -2.621067625571e-01 6.25384e+00
3.800000 -1.994388032318e-01 6.27670e+00
3.810000 -1.365727246173e-01 6.29342e+00
3.820000 -7.357049744387e-02 6.30390e+00
3.830000 -1.049476612324e-02 6.30810e+00
3.840000 5.259145977087e-02 6.30599e+00
3.850000 1.156251184453e-01 6.29760e+00
3.860000 1.785434094644e-01 6.28295e+00
3.870000 2.412841041569e-01 6.26212e+00
3.880000 3.037858491202e-01 6.23522e+00
3.890000 3.659884592434e-01 6.20237e+00
3.900000 4.278331969034e-01 6.16373e+00
3.910000 4.892630342878e-01 6.11948e+00
3.920000 5.502228961609e-01 6.06984e+00
3.930000 6.106598807936e-01 6.01503e+00
3.940000 6.705234572210e-01 5.95529e+00
3.950000 7.297656374493e-01 5.89088e+00
3.960000 7.883411227019e-01 5.82209e+00
3.970000 8.462074232520e-01 5.74919e+00
3.980000 9.033249518307e-01 5.67248e+00
3.990000 9.596570910104e-01 5.59226e+00
4.000000 1.015170235335e+00 5.50884e+00
4.010000 1.069833809301e+00 5.42250e+00
4.020000 1.123620262566e+00 5.33356e+00
4.030000 1.176505044007e+00 5.24231e+00
4.040000 1.228466556395e+00 5.14905e+00
4.050000 1.279486093623e+00 5.05406e+00
4.060000 1.329547762463e+00 4.95761e+00
4.070000 1.378638390872e+00 4.85998e+00
4.080000 1.426747424877e+00 4.76142e+00
4.090000 1.473866815997e+00 4.66217e+00
4.100000 1.519990901106e+00 4.56247e+00
4.110000 1.565116276532e+00 4.46254e+00
4.120000 1.609241668090e+00 4.36258e+00
4.130000 1.652367798580e+00 4.26278e+00
4.140000 1.694497254177e+00 4.16333e+00
4.150000 1.735634350983e+00 4.06439e+00
4.160000 1.775785002841e+00 3.96611e+00
4.170000 1.814956591410e+00 3.86864e+00
4.180000 1.853157839313e+00 3.77210e+00
4.190000 1.890398687074e+00 3.67662e+00
4.200000 1.926690174408e+00 3.58228e+00
4.210000 1.962044326320e+00 3.48919e+00
4.220000 1.996474044367e+00 3.39743e+00
4.230000 2.029993003328e+00 3.30708e+00
4.240000 2.062615553447e+00 3.21818e+00
4.250000 2.094356628342e+00 3.13081e+00
4.260000 2.125231658596e+00 3.04499e+00
4.270000 2.155256490998e+00 2.96078e+00
4.280000 2.184447313338e+00 2.87820e+00
4.290000 2.212820584650e+00 2.79728e+00
4.300000 2.240392970724e+00 2.71804e+00
4.310000 2.267181284718e+00 2.64047e+00
4.320000 2.293202432653e+00 2.56460e+00
4.330000 2.318473363583e+00 2.49043e+00
4.340000 2.343011024198e+00 2.41795e+00
4.350000 2.366832317631e+00 2.34715e+00
4.360000 2.389954066231e+00 2.27803e+00
4.370000 2.412392978049e+00 2.21058e+00
4.380000 2.434165616828e+00 2.14477e+00
4.390000 2.455288375228e+00 2.08059e+00
4.400000 2.475777451097e+00 2.01802e+00
4.410000 2.495648826543e+00 1.95704e+00
4.420000 2.514918249605e+00 1.89762e+00
4.430000 2.533601218335e+00 1.83974e+00
4.440000 2.551712967076e+00 1.78336e+00
4.450000 2.569268454772e+00 1.72847e+00
4.460000 2.586282355132e+00 1.67503e+00
4.470000 2.602769048495e+00 1.62301e+00
4.480000 2.618742615226e+00 1.57239e+00
4.490000 2.634216830523e+00 1.52313e+00
4.500000 2.649205160487e+00 1.47520e+00
4.510000 2.663720759342e+00 1.42857e+00
4.520000 2.677776467686e+00 1.38320e+00
4.530000 2.691384811660e+00 1.33908e+00
4.540000 2.704558002959e+00 1.29616e+00
4.550000 2.717307939566e+00 1.25441e+00
4.560000 2.729646207150e+00 1.21381e+00
4.570000 2.741584081036e+00 1.17432e+00
4.580000 2.753132528684e+00 1.13591e+00
4.590000 2.764302212612e+00 1.09855e+00
4.600000 2.775103493700e+00 1.06221e+00
4.610000 2.785546434830e+00 1.02687e+00
4.620000 2.795640804802e+00 9.92482e-01
4.630000 2.805396082489e+00 9.59033e-01
4.640000 2.814821461187e+00 9.26489e-01
4.650000 2.823925853129e+00 8.94822e-01
4.660000 2.832717894121e+00 8.64005e-01
4.670000 2.841205948273e+00 8.34011e-01
4.680000 2.849398112808e+00 8.04814e-01
4.690000 2.857302222902e+00 7.76387e-01
4.700000 2.864925856562e+00 7.48706e-01
4.710000 2.872276339495e+00 7.21745e-01
4.720000 2.879360749971e+00 6.95479e-01
4.730000 2.886185923647e+00 6.69885e-01
4.740000 2.892758458359e+00 6.44940e-01
4.750000 2.899084718841e+00 6.20619e-01
4.760000 2.905170841395e+00 5.96901e-01
4.770000 2.911022738467e+00 5.73763e-01
4.780000 2.916646103144e+00 5.51184e-01
4.790000 2.922046413563e+00 5.29142e-01
4.800000 2.927228937204e+00 5.07616e-01
4.810000 2.932198735093e+00 4.86586e-01
4.820000 2.936960665888e+00 4.66033e-01
4.830000 2.941519389843e+00 4.45935e-01
4.840000 2.945879372665e+00 4.26275e-01
4.850000 2.950044889238e+00 4.07033e-01
4.860000 2.954020027232e+00 3.88190e-01
4.870000 2.957808690576e+00 3.69729e-01
4.880000 2.961414602809e+00 3.51631e-01
4.890000 2.964841310297e+00 3.33879e-01
4.900000 2.968092185322e+00 3.16456e-01
4.910000 2.971170429033e+00 2.99344e-01
4.920000 2.974079074272e+00 2.82528e-01
4.930000 2.976820988260e+00 2.65990e-01
4.940000 2.979398875155e+00 2.49715e-01
4.950000 2.981815278471e+00 2.33685e-01
4.960000 2.984072583366e+00 2.17887e-01
4.970000 2.986173018795e+00 2.02304e-01
4.980000 2.988118659535e+00 1.86920e-01
4.990000 2.989911428067e+00 1.71722e-01
5.000000 2.991553096330e+00 1.56693e-01
5.010000 2.993045287349e+00 1.41819e-01
5.020000 2.994389476714e+00 1.27085e-01
5.030000 2.995586993945e+00 1.12477e-01
5.040000 2.996639023714e+00 9.79806e-02
5.050000 2.997546606936e+00 8.35809e-02
5.060000 2.998310641737e+00 6.92639e-02
5.070000 2.998931884281e+00 5.50154e-02
5.080000 2.999410949470e+00 4.08214e-02
5.090000 2.999748311520e+00 2.66677e-02
5.100000 2.999944304397e+00 1.25405e-02
5.110000 2.999999122127e+00 -1.57427e-03
5.120000 2.999912818981e+00 -1.56906e-02
5.130000 2.999685309519e+00 -2.98225e-02
5.140000 2.999316368514e+00 -4.39839e-02
5.150000 2.998805630744e+00 -5.81889e-02
5.160000 2.998152590650e+00 -7.24514e-02
5.170000 2.997356601869e+00 -8.67857e-02
5.180000 2.996416876632e+00 -1.01206e-01
5.190000 2.995332485034e+00 -1.15726e-01
5.200000 2.994102354178e+00 -1.30361e-01
5.210000 2.992725267177e+00 -1.45125e-01
5.220000 2.991199862034e+00 -1.60032e-01
5.230000 2.989524630390e+00 -1.75097e-01
5.240000 2.987697916133e+00 -1.90336e-01
5.250000 2.985717913882e+00 -2.05762e-01
5.260000 2.983582667339e+00 -2.21392e-01
5.270000 2.981290067498e+00 -2.37241e-01
5.280000 2.978837850738e+00 -2.53324e-01
5.290000 2.976223596762e+00 -2.69656e-01
5.300000 2.973444726422e+00 -2.86255e-01
5.310000 2.970498499397e+00 -3.03136e-01
5.320000 2.967382011742e+00 -3.20315e-01
5.330000 2.964092193306e+00 -3.37810e-01
5.340000 2.960625805010e+00 -3.55638e-01
5.350000 2.956979435996e+00 -3.73815e-01
5.360000 2.953149500644e+00 -3.92360e-01
5.370000 2.949132235457e+00 -4.11290e-01
5.380000 2.944923695807e+00 -4.30624e-01
5.390000 2.940519752567e+00 -4.50380e-01
5.400000 2.935916088595e+00 -4.70578e-01
5.410000 2.931108195112e+00 -4.91236e-01
5.420000 2.926091367938e+00 -5.12375e-01
5.430000 2.920860703618e+00 -5.34014e-01
5.440000 2.915411095426e+00 -5.56174e-01
5.450000 2.909737229251e+00 -5.78876e-01
5.460000 2.903833579382e+00 -6.02141e-01
5.470000 2.897694404178e+00 -6.25992e-01
5.480000 2.891313741646e+00 -6.50450e-01
5.490000 2.884685404923e+00 -6.75538e-01
5.500000 2.877802977676e+00 -7.01280e-01
5.510000 2.870659809428e+00 -7.27698e-01
5.520000 2.863249010811e+00 -7.54818e-01
5.530000 2.855563448775e+00 -7.82663e-01
5.540000 2.847595741748e+00 -8.11260e-01
5.550000 2.839338254774e+00 -8.40632e-01
5.560000 2.830783094637e+00 -8.70807e-01
5.570000 2.821922104993e+00 -9.01812e-01
5.580000 2.812746861533e+00 -9.33672e-01
5.590000 2.803248667190e+00 -9.66416e-01
5.600000 2.793418547425e+00 -1.00007e+00
5.610000 2.783247245619e+00 -1.03467e+00
5.620000 2.772725218588e+00 -1.07023e+00
5.630000 2.761842632278e+00 -1.10679e+00
5.640000 2.750589357657e+00 -1.14438e+00
5.650000 2.738954966854e+00 -1.18303e+00
5.660000 2.726928729597e+00 -1.22277e+00
5.670000 2.714499609980e+00 -1.26362e+00
5.680000 2.701656263643e+00 -1.30563e+00
5.690000 2.688387035392e+00 -1.34882e+00
5.700000 2.674679957358e+00 -1.39321e+00
5.710000 2.660522747734e+00 -1.43886e+00
5.720000 2.645902810199e+00 -1.48578e+00
5.730000 2.630807234084e+00 -1.53400e+00
5.740000 2.615222795403e+00 -1.58356e+00
5.750000 2.599135958816e+00 -1.63450e+00
5.760000 2.582532880663e+00 -1.68683e+00
5.770000 2.565399413159e+00 -1.74059e+00
5.780000 2.547721109894e+00 -1.79581e+00
5.790000 2.529483232760e+00 -1.85252e+00
5.800000 2.510670760459e+00 -1.91074e+00
5.810000 2.491268398736e+00 -1.97051e+00
5.820000 2.471260592504e+00 -2.03184e+00
5.830000 2.450631540044e+00 -2.09477e+00
5.840000 2.429365209440e+00 -2.15931e+00
5.850000 2.407445357475e+00 -2.22548e+00
5.860000 2.384855551160e+00 -2.29331e+00
5.870000 2.361579192128e+00 -2.36280e+00
5.880000 2.337599544108e+00 -2.43397e+00
5.890000 2.312899763697e+00 -2.50683e+00
5.900000 2.287462934682e+00 -2.58138e+00
5.910000 2.261272106131e+00 -2.65763e+00
5.920000 2.234310334503e+00 -2.73557e+00
5.930000 2.206560730014e+00 -2.81519e+00
5.940000 2.178006507491e+00 -2.89648e+00
5.950000 2.148631041945e+00 -2.97943e+00
5.960000 2.118417929084e+00 -3.06400e+00
5.970000 2.087351050954e+00 -3.15016e+00
5.980000 2.055414646909e+00 -3.23788e+00
5.990000 2.022593390038e+00 -3.32711e+00
6.000000 1.988872469178e+00 -3.41779e+00
6.010000 1.954237676595e+00 -3.50985e+00
6.020000 1.918675501340e+00 -3.60322e+00
6.030000 1.882173228259e+00 -3.69782e+00
6.040000 1.844719042546e+00 -3.79355e+00
6.050000 1.806302139661e+00 -3.89031e+00
6.060000 1.766912840334e+00 -3.98797e+00
6.070000 1.726542710292e+00 -4.08641e+00
6.080000 1.685184684221e+00 -4.18548e+00
6.090000 1.642833193368e+00 -4.28502e+00
6.100000 1.599484296048e+00 -4.38487e+00
6.110000 1.555135810199e+00 -4.48484e+00
6.120000 1.509787446974e+00 -4.58474e+00
6.130000 1.463440944213e+00 -4.68436e+00
6.140000 1.416100198509e+00 -4.78348e+00
6.150000 1.367771394408e+00 -4.88185e+00
6.160000 1.318463129174e+00 -4.97924e+00
6.170000 1.268186531397e+00 -5.07539e+00
6.180000 1.216955371631e+00 -5.17002e+00
6.190000 1.164786163132e+00 -5.26286e+00
6.200000 1.111698250729e+00 -5.35361e+00
6.210000 1.057713885786e+00 -5.44200e+00
6.220000 1.002858285256e+00 -5.52771e+00
6.230000 9.471596728430e-01 -5.61045e+00
6.240000 8.906493003741e-01 -5.68991e+00
6.250000 8.333614476441e-01 -5.76580e+00
6.260000 7.753333991567e-01 -5.83780e+00
6.270000 7.166053964455e-01 -5.90564e+00
6.280000 6.572205649390e-01 -5.96903e+00
6.290000 5.972248146781e-01 -6.02769e+00
6.300000 5.366667145744e-01 -6.08137e+00
6.310000 4.755973403179e-01 -6.12983e+00
6.320000 4.140700964854e-01 -6.17284e+00
6.330000 3.521405138667e-01 -6.21020e+00
6.340000 2.898660234872e-01 -6.24174e+00
6.350000 2.273057092673e-01 -6.26730e+00
6.360000 1.645200416886e-01 -6.28676e+00
6.370000 1.015705952375e-01 -6.30001e+00
6.380000 3.851975274464e-02 -6.30701e+00
6.390000 -2.456959997588e-02 -6.30771e+00
6.400000 -8.763438556832e-02 -6.30210e+00
6.410000 -1.506116489010e-01 -6.29022e+00
6.420000 -2.134388693485e-01 -6.27213e+00
6.430000 -2.760542678148e-01 -6.24791e+00
6.440000 -3.383971048413e-01 -6.21768e+00
6.450000 -4.004079663404e-01 -6.18160e+00
6.460000 -4.620290337676e-01 -6.13982e+00
6.470000 -5.232043358823e-01 -6.09255e+00
6.480000 -5.838799796306e-01 -6.04000e+00
6.490000 -6.440043581173e-01 -5.98242e+00
6.500000 -7.035283340806e-01 -5.92005e+00
6.510000 -7.624053977534e-01 -5.85317e+00
6.520000 -8.205917984569e-01 -5.78206e+00
6.530000 -8.780466497212e-01 -5.70701e+00
6.540000 -9.347320081557e-01 -5.62831e+00
6.550000 -9.906129266794e-01 -5.54627e+00
6.560000 -1.045657483075e+00 -5.46119e+00
6.570000 -1.099836785127e+00 -5.37337e+00
6.580000 -1.153124953865e+00 -5.28312e+00
6.590000 -1.205499086618e+00 -5.19071e+00
6.600000 -1.256939201749e+00 -5.09645e+00
6.610000 -1.307428167042e+00 -5.00062e+00
6.620000 -1.356951613725e+00 -4.90348e+00
6.630000 -1.405497838188e+00 -4.80530e+00
6.640000 -1.453057693367e+00 -4.70633e+00
6.650000 -1.499624471735e+00 -4.60680e+00
6.660000 -1.545193781752e+00 -4.50695e+00
6.670000 -1.589763419495e+00 -4.40697e+00
6.680000 -1.633333237109e+00 -4.30708e+00
6.690000 -1.675905009518e+00 -4.20745e+00
6.700000 -1.717482300760e+00 -4.10827e+00
6.710000 -1.758070331114e+00 -4.00968e+00
6.720000 -1.797675846053e+00 -3.91183e+00
6.730000 -1.836306987939e+00 -3.81487e+00
6.740000 -1.873973171198e+00 -3.71890e+00
6.750000 -1.910684961607e+00 -3.62404e+00
6.760000 -1.946453960219e+00 -3.53039e+00
6.770000 -1.981292692283e+00 -3.43803e+00
6.780000 -2.015214501493e+00 -3.34704e+00
6.790000 -2.048233449738e+00 -3.25749e+00
6.800000 -2.080364222493e+00 -3.16943e+00
6.810000 -2.111622039877e+00 -3.08292e+00
6.820000 -2.142022573402e+00 -2.99799e+00
6.830000 -2.171581868306e+00 -2.91468e+00
6.840000 -2.200316271400e+00 -2.83302e+00
6.850000 -2.228242364256e+00 -2.75303e+00
6.860000 -2.255376901582e+00 -2.67472e+00
6.870000 -2.281736754569e+00 -2.59810e+00
6.880000 -2.307338859019e+00 -2.52317e+00
6.890000 -2.332200168000e+00 -2.44994e+00
6.900000 -2.356337608820e+00 -2.37839e+00
6.910000 -2.379768044066e+00 -2.30853e+00
6.920000 -2.402508236472e+00 -2.24034e+00
6.930000 -2.424574817378e+00 -2.17380e+00
6.940000 -2.445984258549e+00 -2.10890e+00
6.950000 -2.466752847118e+00 -2.04562e+00
6.960000 -2.486896663443e+00 -1.98394e+00
6.970000 -2.506431561648e+00 -1.92382e+00
6.980000 -2.525373152655e+00 -1.86526e+00
6.990000 -2.543736789513e+00 -1.80822e+00
7.000000 -2.561537554826e+00 -1.75267e+00
7.010000 -2.578790250115e+00 -1.69859e+00
7.020000 -2.595509386944e+00 -1.64595e+00
7.030000 -2.611709179656e+00 -1.59471e+00
7.040000 -2.627403539570e+00 -1.54484e+00
7.050000 -2.642606070505e+00 -1.49633e+00
7.060000 -2.657330065505e+00 -1.44912e+00
7.070000 -2.671588504641e+00 -1.40320e+00
7.080000 -2.685394053794e+00 -1.35853e+00
7.090000 -2.698759064292e+00 -1.31508e+00
7.100000 -2.711695573345e+00 -1.27281e+00
7.110000 -2.724215305148e+00 -1.23170e+00
7.120000 -2.736329672611e+00 -1.19172e+00
7.130000 -2.748049779621e+00 -1.15284e+00
7.140000 -2.759386423773e+00 -1.11502e+00
7.150000 -2.770350099512e+00 -1.07823e+00
7.160000 -2.780951001632e+00 -1.04245e+00
7.170000 -2.791199029071e+00 -1.00764e+00
7.180000 -2.801103788968e+00 -9.73779e-01
7.190000 -2.810674600934e+00 -9.40836e-01
7.200000 -2.819920501492e+00 -9.08782e-01
7.210000 -2.828850248664e+00 -8.77591e-01
7.220000 -2.837472326665e+00 -8.47235e-01
7.230000 -2.845794950681e+00 -8.17687e-01
7.240000 -2.853826071695e+00 -7.88922e-01
7.250000 -2.861573381355e+00 -7.60912e-01
7.260000 -2.869044316844e+00 -7.33634e-01
7.270000 -2.876246065753e+00 -7.07063e-01
7.280000 -2.883185570920e+00 -6.81173e-01
7.290000 -2.889869535240e+00 -6.55943e-01
7.300000 -2.896304426418e+00 -6.31347e-01
7.310000 -2.902496481662e+00 -6.07364e-01
7.320000 -2.908451712298e+00 -5.83971e-01
7.330000 -2.914175908312e+00 -5.61147e-01
7.340000 -2.919674642788e+00 -5.38868e-01
7.350000 -2.924953276262e+00 -5.17116e-01
7.360000 -2.930016960962e+00 -4.95868e-01
7.370000 -2.934870644946e+00 -4.75106e-01
7.380000 -2.939519076121e+00 -4.54808e-01
7.390000 -2.943966806149e+00 -4.34956e-01
7.400000 -2.948218194232e+00 -4.15530e-01
7.410000 -2.952277410769e+00 -3.96512e-01
7.420000 -2.956148440889e+00 -3.77884e-01
7.430000 -2.959835087860e+00 -3.59627e-01
7.440000 -2.963340976366e+00 -3.41723e-01
7.450000 -2.966669555648e+00 -3.24156e-01
7.460000 -2.969824102520e+00 -3.06908e-01
7.470000 -2.972807724251e+00 -2.89963e-01
7.480000 -2.975623361313e+00 -2.73303e-01
7.490000 -2.978273789994e+00 -2.56913e-01
7.500000 -2.980761624879e+00 -2.40777e-01
7.510000 -2.983089321198e+00 -2.24878e-01
7.520000 -2.985259177039e+00 -2.09201e-01
7.530000 -2.987273335429e+00 -1.93730e-01
7.540000 -2.989133786276e+00 -1.78452e-01
7.550000 -2.990842368189e+00 -1.63349e-01
7.560000 -2.992400770150e+00 -1.48408e-01
7.570000 -2.993810533070e+00 -1.33614e-01
7.580000 -2.995073051199e+00 -1.18952e-01
7.590000 -2.996189573409e+00 -1.04408e-01
7.600000 -2.997161204352e+00 -8.99666e-02
7.610000 -2.997988905472e+00 -7.56146e-02
7.620000 -2.998673495903e+00 -6.13374e-02
7.630000 -2.999215653221e+00 -4.71209e-02
7.640000 -2.999615914076e+00 -3.29511e-02
7.650000 -2.999874674692e+00 -1.88139e-02
7.660000 -2.999992191230e+00 -4.69527e-03
7.670000 -2.999968580030e+00 9.41868e-03
7.680000 -2.999803817716e+00 2.35419e-02
7.690000 -2.999497741177e+00 3.76885e-02
7.700000 -2.999050047416e+00 5.18724e-02
7.710000 -2.998460293264e+00 6.61076e-02
7.720000 -2.997727894975e+00 8.04083e-02
7.730000 -2.996852127676e+00 9.47885e-02
7.740000 -2.995832124704e+00 1.09263e-01
7.750000 -2.994666876796e+00 1.23845e-01
7.760000 -2.993355231160e+00 1.38549e-01
7.770000 -2.991895890409e+00 1.53391e-01
7.780000 -2.990287411363e+00 1.68384e-01
7.790000 -2.988528203727e+00 1.83544e-01
7.800000 -2.986616528626e+00 1.98885e-01
7.810000 -2.984550497014e+00 2.14423e-01
7.820000 -2.982328067952e+00 2.30173e-01
7.830000 -2.979947046748e+00 2.46149e-01
7.840000 -2.977405082965e+00 2.62369e-01
7.850000 -2.974699668301e+00 2.78847e-01
7.860000 -2.971828134326e+00 2.95601e-01
7.870000 -2.968787650092e+00 3.12646e-01
7.880000 -2.965575219610e+00 3.29999e-01
7.890000 -2.962187679187e+00 3.47676e-01
7.900000 -2.958621694633e+00 3.65696e-01
7.910000 -2.954873758342e+00 3.84075e-01
7.920000 -2.950940186225e+00 4.02832e-01
7.930000 -2.946817114528e+00 4.21984e-01
7.940000 -2.942500496508e+00 4.41551e-01
7.950000 -2.937986098985e+00 4.61550e-01
7.960000 -2.933269498767e+00 4.82001e-01
7.970000 -2.928346078948e+00 5.02924e-01
7.980000 -2.923211025083e+00 5.24338e-01
7.990000 -2.917859321245e+00 5.46264e-01
8.000000 -2.912285745964e+00 5.68723e-01
8.010000 -2.906484868054e+00 5.91735e-01
8.020000 -2.900451042337e+00 6.15323e-01
8.030000 -2.894178405259e+00 6.39509e-01
8.040000 -2.887660870412e+00 6.64314e-01
8.050000 -2.880892123975e+00 6.89763e-01
8.060000 -2.873865620065e+00 7.15877e-01
8.070000 -2.866574576023e+00 7.42683e-01
8.080000 -2.859011967647e+00 7.70203e-01
8.090000 -2.851170524363e+00 7.98462e-01
8.100000 -2.843042724376e+00 8.27487e-01
8.110000 -2.834620789798e+00 8.57302e-01
8.120000 -2.825896681774e+00 8.87935e-01
8.130000 -2.816862095626e+00 9.19411e-01
8.140000 -2.807508456041e+00 9.51759e-01
8.150000 -2.797826912318e+00 9.85006e-01
8.160000 -2.787808333704e+00 1.01918e+00
8.170000 -2.777443304861e+00 1.05431e+00
8.180000 -2.766722121465e+00 1.09043e+00
8.190000 -2.755634786014e+00 1.12756e+00
8.200000 -2.744171003849e+00 1.16573e+00
8.210000 -2.732320179451e+00 1.20498e+00
8.220000 -2.720071413060e+00 1.24533e+00
8.230000 -2.707413497660e+00 1.28682e+00
8.240000 -2.694334916399e+00 1.32948e+00
8.250000 -2.680823840500e+00 1.37334e+00
8.260000 -2.666868127727e+00 1.41843e+00
8.270000 -2.652455321502e+00 1.46477e+00
8.280000 -2.637572650725e+00 1.51241e+00
8.290000 -2.622207030407e+00 1.56138e+00
8.300000 -2.606345063214e+00 1.61170e+00
8.310000 -2.589973042002e+00 1.66341e+00
8.320000 -2.573076953489e+00 1.71653e+00
8.330000 -2.555642483155e+00 1.77110e+00
8.340000 -2.537655021519e+00 1.82714e+00
8.350000 -2.519099671927e+00 1.88469e+00
8.360000 -2.499961259999e+00 1.94377e+00
8.370000 -2.480224344891e+00 2.00440e+00
8.380000 -2.459873232552e+00 2.06662e+00
8.390000 -2.438891991144e+00 2.13044e+00
8.400000 -2.417264468820e+00 2.19588e+00
8.410000 -2.394974314056e+00 2.26297e+00
8.420000 -2.372004998748e+00 2.33172e+00
8.430000 -2.348339844288e+00 2.40215e+00
8.440000 -2.323962050843e+00 2.47426e+00
8.450000 -2.298854730072e+00 2.54806e+00
8.460000 -2.273000941513e+00 2.62355e+00
8.470000 -2.246383732875e+00 2.70074e+00
8.480000 -2.218986184489e+00 2.77961e+00
8.490000 -2.190791458136e+00 2.86017e+00
8.500000 -2.161782850498e+00 2.94238e+00
8.510000 -2.131943851448e+00 3.02623e+00
8.520000 -2.101258207394e+00 3.11169e+00
8.530000 -2.069709989858e+00 3.19873e+00
8.540000 -2.037283669460e+00 3.28729e+00
8.550000 -2.003964195443e+00 3.37733e+00
8.560000 -1.969737080827e+00 3.46879e+00
8.570000 -1.934588493244e+00 3.56159e+00
8.580000 -1.898505351446e+00 3.65565e+00
8.590000 -1.861475427413e+00 3.75089e+00
8.600000 -1.823487453916e+00 3.84721e+00
8.610000 -1.784531237301e+00 3.94448e+00
8.620000 -1.744597775170e+00 4.04259e+00
8.630000 -1.703679378529e+00 4.14140e+00
8.640000 -1.661769797857e+00 4.24075e+00
8.650000 -1.618864352418e+00 4.34049e+00
8.660000 -1.574960062025e+00 4.44043e+00
8.670000 -1.530055780299e+00 4.54039e+00
8.680000 -1.484152328355e+00 4.64016e+00
8.690000 -1.437252627655e+00 4.73952e+00
8.700000 -1.389361830670e+00 4.83826e+00
8.710000 -1.340487447821e+00 4.93612e+00
8.720000 -1.290639469042e+00 5.03285e+00
8.730000 -1.239830478185e+00 5.12819e+00
8.740000 -1.188075758401e+00 5.22185e+00
8.750000 -1.135393386533e+00 5.31357e+00
8.760000 -1.081804314499e+00 5.40305e+00
8.770000 -1.027332435669e+00 5.48998e+00
8.780000 -9.720046342112e-01 5.57408e+00
8.790000 -9.158508154795e-01 5.65504e+00
8.800000 -8.589039156286e-01 5.73255e+00
8.810000 -8.011998887963e-01 5.80631e+00
8.820000 -7.427776704193e-01 5.87604e+00
8.830000 -6.836791155121e-01 5.94144e+00
8.840000 -6.239489110632e-01 6.00223e+00
8.850000 -5.636344620588e-01 6.05816e+00
8.860000 -5.027857510549e-01 6.10896e+00
8.870000 -4.414551716494e-01 6.15442e+00
8.880000 -3.796973366612e-01 6.19432e+00
8.890000 -3.175688622933e-01 6.22846e+00
8.900000 -2.551281300142e-01 6.25669e+00
8.910000 -1.924350283418e-01 6.27887e+00
8.920000 -1.295506771286e-01 6.29489e+00
8.930000 -6.653713731721e-02 6.30468e+00
8.940000 -3.457109453105e-03 6.30818e+00
8.950000 5.962637551357e-02 6.30537e+00
8.960000 1.226502694301e-01 6.29627e+00
8.970000 1.855518203525e-01 6.28093e+00
8.980000 2.482688823651e-01 6.25942e+00
8.990000 3.107402180898e-01 6.23185e+00
9.000000 3.729057903271e-01 6.19834e+00
9.010000 4.347070395151e-01 6.15907e+00
9.020000 4.960871439970e-01 6.11421e+00
9.030000 5.569912604557e-01 6.06398e+00
9.040000 6.173667422870e-01 6.00860e+00
9.050000 6.771633341214e-01 5.94833e+00
9.060000 7.363333411727e-01 5.88342e+00
9.070000 7.948317725512e-01 5.81416e+00
9.080000 8.526164581421e-01 5.74082e+00
9.090000 9.096481390830e-01 5.66370e+00
9.100000 9.658905322863e-01 5.58311e+00
9.110000 1.021310369815e+00 5.49934e+00
9.120000 1.075877414251e+00 5.41270e+00
9.130000 1.129564451460e+00 5.32349e+00
9.140000 1.182347262397e+00 5.23201e+00
9.150000 1.234204575739e+00 5.13854e+00
9.160000 1.285118003287e+00 5.04337e+00
9.170000 1.335071960118e+00 4.94678e+00
9.180000 1.384053571526e+00 4.84903e+00
9.190000 1.432052568751e+00 4.75038e+00
9.200000 1.479061175460e+00 4.65107e+00
9.210000 1.525073986889e+00 4.55133e+00
9.220000 1.570087843402e+00 4.45139e+00
9.230000 1.614101700165e+00 4.35143e+00
9.240000 1.657116494460e+00 4.25167e+00
9.250000 1.699135012028e+00 4.15226e+00
9.260000 1.740161753707e+00 4.05339e+00
9.270000 1.780202803460e+00 3.95520e+00
9.280000 1.819265698744e+00 3.85783e+00
9.290000 1.857359304058e+00 3.76140e+00
9.300000 1.894493688334e+00 3.66604e+00
9.310000 1.930680006744e+00 3.57183e+00
9.320000 1.965930387360e+00 3.47889e+00
9.330000 2.000257823008e+00 3.38728e+00
9.340000 2.033676068551e+00 3.29709e+00
9.350000 2.066199543766e+00 3.20836e+00
9.360000 2.097843241884e+00 3.12116e+00
9.370000 2.128622643813e+00 3.03552e+00
9.380000 2.158553638002e+00 2.95149e+00
9.390000 2.187652445859e+00 2.86910e+00
9.400000 2.215935552579e+00 2.78836e+00
9.410000 2.243419643242e+00 2.70930e+00
9.420000 2.270121543977e+00 2.63193e+00
9.430000 2.296058167992e+00 2.55625e+00
9.440000 2.321246466247e+00 2.48226e+00
9.450000 2.345703382540e+00 2.40997e+00
9.460000 2.369445812767e+00 2.33936e+00
9.470000 2.392490568120e+00 2.27043e+00
9.480000 2.414854341983e+00 2.20316e+00
9.490000 2.436553680280e+00 2.13753e+00
9.500000 2.457604955066e+00 2.07353e+00
9.510000 2.478024341110e+00 2.01114e+00
9.520000 2.497827795272e+00 1.95033e+00
9.530000 2.517031038455e+00 1.89109e+00
9.540000 2.535649539935e+00 1.83337e+00
9.550000 2.553698503880e+00 1.77717e+00
9.560000 2.571192857870e+00 1.72244e+00
9.570000 2.588147243266e+00 1.66916e+00
9.580000 2.604576007245e+00 1.61730e+00
9.590000 2.620493196365e+00 1.56683e+00
9.600000 2.635912551517e+00 1.51772e+00
9.610000 2.650847504133e+00 1.46993e+00
9.620000 2.665311173522e+00 1.42344e+00
9.630000 2.679316365228e+00 1.37822e+00
9.640000 2.692875570306e+00 1.33423e+00
9.650000 2.706000965406e+00 1.29144e+00
9.660000 2.718704413593e+00 1.24983e+00
9.670000 2.730997465812e+00 1.20935e+00
9.680000 2.742891362915e+00 1.16998e+00
9.690000 2.754397038194e+00 1.13169e+00
9.700000 2.765525120350e+00 1.09444e+00
9.710000 2.776285936839e+00 1.05822e+00
9.720000 2.786689517538e+00 1.02298e+00
9.730000 2.796745598697e+00 9.88705e-01
9.740000 2.806463627116e+00 9.55358e-01
9.750000 2.815852764515e+00 9.22913e-01
9.760000 2.824921892058e+00 8.91343e-01
9.770000 2.833679615009e+00 8.60619e-01
9.780000 2.842134267470e+00 8.30715e-01
9.790000 2.850293917192e+00 8.01605e-01
9.800000 2.858166370423e+00 7.73263e-01
9.810000 2.865759176786e+00 7.45663e-01
9.820000 2.873079634148e+00 7.18781e-01
9.830000 2.880134793476e+00 6.92591e-01
9.840000 2.886931463665e+00 6.67071e-01
9.850000 2.893476216313e+00 6.42196e-01
9.860000 2.899775390447e+00 6.17944e-01
9.870000 2.905835097172e+00 5.94292e-01
9.880000 2.911661224243e+00 5.71217e-01
9.890000 2.917259440557e+00 5.48699e-01
9.900000 2.922635200538e+00 5.26715e-01
9.910000 2.927793748433e+00 5.05246e-01
9.920000 2.932740122494e+00 4.84271e-01
9.930000 2.937479159053e+00 4.63769e-01
9.940000 2.942015496475e+00 4.43721e-01
9.950000 2.946353578998e+00 4.24108e-01
9.960000 2.950497660448e+00 4.04911e-01
9.970000 2.954451807828e+00 3.86112e-01
9.980000 2.958219904783e+00 3.67692e-01
9.990000 2.961805654932e+00 3.49634e-01
10.000000 2.965212585071e+00 3.31920e-01
