7.000000000000e-04 -inf 
1.400000000000e-03 -5.863440522146e+00 
2.100000000000e-03 -5.172026209538e+00 
2.800000000000e-03 -4.767574764200e+00 
3.500000000000e-03 -4.480611896929e+00 
4.200000000000e-03 -4.258026204493e+00 
4.900000000000e-03 -4.076160451591e+00 
5.600000000000e-03 -3.922395148464e+00 
6.300000000000e-03 -3.789197584321e+00 
7.000000000000e-03 -3.671709006254e+00 
7.700000000000e-03 -3.566611891885e+00 
8.400000000000e-03 -3.471539987530e+00 
9.100000000000e-03 -3.384746138983e+00 
9.800000000000e-03 -3.304903538079e+00 
1.050000000000e-02 -3.230980835855e+00 
1.120000000000e-02 -3.162160446547e+00 
1.190000000000e-02 -3.097783271712e+00 
1.260000000000e-02 -3.037310211450e+00 
1.330000000000e-02 -2.980294693645e+00 
1.400000000000e-02 -2.926362640428e+00 
1.470000000000e-02 -2.875197579276e+00 
1.540000000000e-02 -2.826529390517e+00 
1.610000000000e-02 -2.780125674922e+00 
1.680000000000e-02 -2.735785041757e+00 
1.750000000000e-02 -2.693331826374e+00 
1.820000000000e-02 -2.652611886840e+00 
1.890000000000e-02 -2.613489225470e+00 
1.960000000000e-02 -2.575843248307e+00 
2.030000000000e-02 -2.539566523247e+00 
2.100000000000e-02 -2.504562931735e+00 
2.170000000000e-02 -2.470746133938e+00 
2.240000000000e-02 -2.438038285673e+00 
2.310000000000e-02 -2.406368959104e+00 
2.380000000000e-02 -2.375674229584e+00 
2.450000000000e-02 -2.345895898842e+00 
2.520000000000e-02 -2.316980830811e+00 
2.590000000000e-02 -2.288880381036e+00 
2.660000000000e-02 -2.261549904284e+00 
2.730000000000e-02 -2.234948327819e+00 
2.800000000000e-02 -2.209037780132e+00 
2.870000000000e-02 -2.183783266668e+00 
2.940000000000e-02 -2.159152385609e+00 
3.010000000000e-02 -2.135115077909e+00 
3.080000000000e-02 -2.111643406742e+00 
3.150000000000e-02 -2.088711362313e+00 
3.220000000000e-02 -2.066294688601e+00 
3.290000000000e-02 -2.044370729149e+00 
3.360000000000e-02 -2.022918289441e+00 
3.430000000000e-02 -2.001917513766e+00 
3.500000000000e-02 -1.981349774781e+00 
3.570000000000e-02 -1.961197574232e+00 
3.640000000000e-02 -1.941444453504e+00 
3.710000000000e-02 -1.922074912862e+00 
3.780000000000e-02 -1.903074338378e+00 
3.850000000000e-02 -1.884428935699e+00 
3.920000000000e-02 -1.866125669877e+00 
3.990000000000e-02 -1.848152210638e+00 
4.060000000000e-02 -1.830496882482e+00 
4.130000000000e-02 -1.813148619126e+00 
4.200000000000e-02 -1.796096921851e+00 
4.270000000000e-02 -1.779331821330e+00 
4.340000000000e-02 -1.762843842634e+00 
4.410000000000e-02 -1.746623973064e+00 
4.480000000000e-02 -1.730663632571e+00 
4.550000000000e-02 -1.714954646495e+00 
4.620000000000e-02 -1.699489220426e+00 
4.690000000000e-02 -1.684259916975e+00 
4.760000000000e-02 -1.669259634304e+00 
4.830000000000e-02 -1.654481586233e+00 
4.900000000000e-02 -1.639919283811e+00 
4.970000000000e-02 -1.625566518202e+00 
5.040000000000e-02 -1.611417344798e+00 
5.110000000000e-02 -1.597466068428e+00 
5.180000000000e-02 -1.583707229601e+00 
5.250000000000e-02 -1.570135591675e+00 
5.320000000000e-02 -1.556746128894e+00 
5.390000000000e-02 -1.543534015211e+00 
5.460000000000e-02 -1.530494613847e+00 
5.530000000000e-02 -1.517623467524e+00 
5.600000000000e-02 -1.504916289311e+00 
5.670000000000e-02 -1.492368954059e+00 
5.740000000000e-02 -1.479977490361e+00 
5.810000000000e-02 -1.467738073000e+00 
5.880000000000e-02 -1.455647015869e+00 
5.950000000000e-02 -1.443700765300e+00 
6.020000000000e-02 -1.431895893797e+00 
6.090000000000e-02 -1.420229094134e+00 
6.160000000000e-02 -1.408697173789e+00 
6.230000000000e-02 -1.397297049704e+00 
6.300000000000e-02 -1.386025743339e+00 
6.370000000000e-02 -1.374880375992e+00 
6.440000000000e-02 -1.363858164396e+00 
6.510000000000e-02 -1.352956416540e+00 
6.580000000000e-02 -1.342172527726e+00 
6.650000000000e-02 -1.331503976832e+00 
6.720000000000e-02 -1.320948322775e+00 
6.790000000000e-02 -1.310503201157e+00 
6.860000000000e-02 -1.300166321089e+00 
6.930000000000e-02 -1.289935462173e+00 
7.000000000000e-02 -1.279808471637e+00 
7.070000000000e-02 -1.269783261623e+00 
7.140000000000e-02 -1.259857806597e+00 
7.210000000000e-02 -1.250030140895e+00 
7.280000000000e-02 -1.240298356387e+00 
7.350000000000e-02 -1.230660600253e+00 
7.420000000000e-02 -1.221115072864e+00 
7.490000000000e-02 -1.211660025770e+00 
7.560000000000e-02 -1.202293759771e+00 
7.630000000000e-02 -1.193014623090e+00 
7.700000000000e-02 -1.183821009623e+00 
7.770000000000e-02 -1.174711357269e+00 
7.840000000000e-02 -1.165684146337e+00 
7.910000000000e-02 -1.156737898030e+00 
7.980000000000e-02 -1.147871172981e+00 
8.050000000000e-02 -1.139082569873e+00 
8.120000000000e-02 -1.130370724104e+00 
8.190000000000e-02 -1.121734306518e+00 
8.260000000000e-02 -1.113172022186e+00 
8.330000000000e-02 -1.104682609242e+00 
8.400000000000e-02 -1.096264837768e+00 
8.470000000000e-02 -1.087917508721e+00 
8.540000000000e-02 -1.079639452914e+00 
8.610000000000e-02 -1.071429530025e+00 
8.680000000000e-02 -1.063286627662e+00 
8.750000000000e-02 -1.055209660455e+00 
8.820000000000e-02 -1.047197569187e+00 
8.890000000000e-02 -1.039249319962e+00 
8.960000000000e-02 -1.031363903404e+00 
9.030000000000e-02 -1.023540333887e+00 
9.100000000000e-02 -1.015777648796e+00 
9.170000000000e-02 -1.008074907817e+00 
9.240000000000e-02 -1.000431192253e+00 
9.310000000000e-02 -9.928456043666e-01 
9.380000000000e-02 -9.853172667453e-01 
9.450000000000e-02 -9.778453216954e-01 
9.520000000000e-02 -9.704289306541e-01 
9.590000000000e-02 -9.630672736248e-01 
9.660000000000e-02 -9.557595486329e-01 
9.730000000000e-02 -9.485049712022e-01 
9.800000000000e-02 -9.413027738486e-01 
9.870000000000e-02 -9.341522055937e-01 
9.940000000000e-02 -9.270525314943e-01 
1.001000000000e-01 -9.200030321892e-01 
1.008000000000e-01 -9.130030034622e-01 
1.015000000000e-01 -9.060517558194e-01 
1.022000000000e-01 -8.991486140820e-01 
1.029000000000e-01 -8.922929169924e-01 
1.036000000000e-01 -8.854840168347e-01 
1.043000000000e-01 -8.787212790668e-01 
1.050000000000e-01 -8.720040819659e-01 
1.057000000000e-01 -8.653318162855e-01 
1.064000000000e-01 -8.587038849236e-01 
1.071000000000e-01 -8.521197026023e-01 
1.078000000000e-01 -8.455786955575e-01 
1.085000000000e-01 -8.390803012389e-01 
1.092000000000e-01 -8.326239680195e-01 
1.099000000000e-01 -8.262091549151e-01 
1.106000000000e-01 -8.198353313115e-01 
1.113000000000e-01 -8.135019767021e-01 
1.120000000000e-01 -8.072085804318e-01 
1.127000000000e-01 -8.009546414507e-01 
1.134000000000e-01 -7.947396680745e-01 
1.141000000000e-01 -7.885631777522e-01 
1.148000000000e-01 -7.824246968417e-01 
1.155000000000e-01 -7.763237603918e-01 
1.162000000000e-01 -7.702599119306e-01 
1.169000000000e-01 -7.642327032608e-01 
1.176000000000e-01 -7.582416942608e-01 
1.183000000000e-01 -7.522864526917e-01 
1.190000000000e-01 -7.463665540107e-01 
1.197000000000e-01 -7.404815811888e-01 
1.204000000000e-01 -7.346311245351e-01 
1.211000000000e-01 -7.288147815251e-01 
1.218000000000e-01 -7.230321566349e-01 
1.225000000000e-01 -7.172828611800e-01 
1.232000000000e-01 -7.115665131578e-01 
1.239000000000e-01 -7.058827370959e-01 
1.246000000000e-01 -7.002311639041e-01 
1.253000000000e-01 -6.946114307301e-01 
1.260000000000e-01 -6.890231808203e-01 
1.267000000000e-01 -6.834660633835e-01 
1.274000000000e-01 -6.779397334588e-01 
1.281000000000e-01 -6.724438517874e-01 
1.288000000000e-01 -6.669780846872e-01 
1.295000000000e-01 -6.615421039315e-01 
1.302000000000e-01 -6.561355866308e-01 
1.309000000000e-01 -6.507582151176e-01 
1.316000000000e-01 -6.454096768340e-01 
1.323000000000e-01 -6.400896642236e-01 
1.330000000000e-01 -6.347978746245e-01 
1.337000000000e-01 -6.295340101664e-01 
1.344000000000e-01 -6.242977776700e-01 
1.351000000000e-01 -6.190888885488e-01 
1.358000000000e-01 -6.139070587139e-01 
1.365000000000e-01 -6.087520084808e-01 
1.372000000000e-01 -6.036234624791e-01 
1.379000000000e-01 -5.985211495640e-01 
1.386000000000e-01 -5.934448027303e-01 
1.393000000000e-01 -5.883941590287e-01 
1.400000000000e-01 -5.833689594838e-01 
1.407000000000e-01 -5.783689490148e-01 
1.414000000000e-01 -5.733938763575e-01 
1.421000000000e-01 -5.684434939888e-01 
1.428000000000e-01 -5.635175580523e-01 
1.435000000000e-01 -5.586158282869e-01 
1.442000000000e-01 -5.537380679559e-01 
1.449000000000e-01 -5.488840437789e-01 
1.456000000000e-01 -5.440535258643e-01 
1.463000000000e-01 -5.392462876444e-01 
1.470000000000e-01 -5.344621058116e-01 
1.477000000000e-01 -5.297007602558e-01 
1.484000000000e-01 -5.249620340041e-01 
1.491000000000e-01 -5.202457131611e-01 
1.498000000000e-01 -5.155515868513e-01 
1.505000000000e-01 -5.108794471622e-01 
1.512000000000e-01 -5.062290890891e-01 
1.519000000000e-01 -5.016003104815e-01 
1.526000000000e-01 -4.969929119899e-01 
1.533000000000e-01 -4.924066970144e-01 
1.540000000000e-01 -4.878414716545e-01 
1.547000000000e-01 -4.832970446600e-01 
1.554000000000e-01 -4.787732273825e-01 
1.561000000000e-01 -4.742698337289e-01 
1.568000000000e-01 -4.697866801150e-01 
1.575000000000e-01 -4.653235854211e-01 
1.582000000000e-01 -4.608803709476e-01 
1.589000000000e-01 -4.564568603724e-01 
1.596000000000e-01 -4.520528797088e-01 
1.603000000000e-01 -4.476682572644e-01 
1.610000000000e-01 -4.433028236011e-01 
1.617000000000e-01 -4.389564114956e-01 
1.624000000000e-01 -4.346288559010e-01 
1.631000000000e-01 -4.303199939093e-01 
1.638000000000e-01 -4.260296647147e-01 
1.645000000000e-01 -4.217577095772e-01 
1.652000000000e-01 -4.175039717877e-01 
1.659000000000e-01 -4.132682966334e-01 
1.666000000000e-01 -4.090505313642e-01 
1.673000000000e-01 -4.048505251592e-01 
1.680000000000e-01 -4.006681290948e-01 
1.687000000000e-01 -3.965031961128e-01 
1.694000000000e-01 -3.923555809896e-01 
1.701000000000e-01 -3.882251403052e-01 
1.708000000000e-01 -3.841117324143e-01 
1.715000000000e-01 -3.800152174165e-01 
1.722000000000e-01 -3.759354571281e-01 
1.729000000000e-01 -3.718723150539e-01 
1.736000000000e-01 -3.678256563601e-01 
1.743000000000e-01 -3.637953478469e-01 
1.750000000000e-01 -3.597812579229e-01 
1.757000000000e-01 -3.557832565789e-01 
1.764000000000e-01 -3.518012153625e-01 
1.771000000000e-01 -3.478350073538e-01 
1.778000000000e-01 -3.438845071408e-01 
1.785000000000e-01 -3.399495907955e-01 
1.792000000000e-01 -3.360301358509e-01 
1.799000000000e-01 -3.321260212781e-01 
1.806000000000e-01 -3.282371274635e-01 
1.813000000000e-01 -3.243633361872e-01 
1.820000000000e-01 -3.205045306012e-01 
1.827000000000e-01 -3.166605952085e-01 
1.834000000000e-01 -3.128314158421e-01 
1.841000000000e-01 -3.090168796448e-01 
1.848000000000e-01 -3.052168750492e-01 
1.855000000000e-01 -3.014312917580e-01 
1.862000000000e-01 -2.976600207252e-01 
1.869000000000e-01 -2.939029541367e-01 
1.876000000000e-01 -2.901599853922e-01 
1.883000000000e-01 -2.864310090869e-01 
1.890000000000e-01 -2.827159209936e-01 
1.897000000000e-01 -2.790146180456e-01 
1.904000000000e-01 -2.753269983190e-01 
1.911000000000e-01 -2.716529610162e-01 
1.918000000000e-01 -2.679924064495e-01 
1.925000000000e-01 -2.643452360244e-01 
1.932000000000e-01 -2.607113522241e-01 
1.939000000000e-01 -2.570906585936e-01 
1.946000000000e-01 -2.534830597246e-01 
1.953000000000e-01 -2.498884612401e-01 
1.960000000000e-01 -2.463067697797e-01 
1.967000000000e-01 -2.427378929852e-01 
1.974000000000e-01 -2.391817394861e-01 
1.981000000000e-01 -2.356382188857e-01 
1.988000000000e-01 -2.321072417473e-01 
1.995000000000e-01 -2.285887195807e-01 
2.002000000000e-01 -2.250825648285e-01 
2.009000000000e-01 -2.215886908537e-01 
2.016000000000e-01 -2.181070119263e-01 
2.023000000000e-01 -2.146374432109e-01 
2.030000000000e-01 -2.111799007543e-01 
2.037000000000e-01 -2.077343014734e-01 
2.044000000000e-01 -2.043005631429e-01 
2.051000000000e-01 -2.008786043839e-01 
2.058000000000e-01 -1.974683446520e-01 
2.065000000000e-01 -1.940697042261e-01 
2.072000000000e-01 -1.906826041975e-01 
2.079000000000e-01 -1.873069664582e-01 
2.086000000000e-01 -1.839427136908e-01 
2.093000000000e-01 -1.805897693573e-01 
2.100000000000e-01 -1.772480576893e-01 
2.107000000000e-01 -1.739175036769e-01 
2.114000000000e-01 -1.705980330595e-01 
2.121000000000e-01 -1.672895723150e-01 
2.128000000000e-01 -1.639920486509e-01 
2.135000000000e-01 -1.607053899938e-01 
2.142000000000e-01 -1.574295249806e-01 
2.149000000000e-01 -1.541643829490e-01 
2.156000000000e-01 -1.509098939282e-01 
2.163000000000e-01 -1.476659886303e-01 
2.170000000000e-01 -1.444325984410e-01 
2.177000000000e-01 -1.412096554110e-01 
2.184000000000e-01 -1.379970922477e-01 
2.191000000000e-01 -1.347948423065e-01 
2.198000000000e-01 -1.316028395827e-01 
2.205000000000e-01 -1.284210187030e-01 
2.212000000000e-01 -1.252493149179e-01 
2.219000000000e-01 -1.220876640935e-01 
2.226000000000e-01 -1.189360027039e-01 
2.233000000000e-01 -1.157942678232e-01 
2.240000000000e-01 -1.126623971186e-01 
2.247000000000e-01 -1.095403288422e-01 
2.254000000000e-01 -1.064280018243e-01 
2.261000000000e-01 -1.033253554659e-01 
2.268000000000e-01 -1.002323297319e-01 
2.275000000000e-01 -9.714886514363e-02 
2.282000000000e-01 -9.407490277256e-02 
2.289000000000e-01 -9.101038423319e-02 
2.296000000000e-01 -8.795525167647e-02 
2.303000000000e-01 -8.490944778329e-02 
2.310000000000e-01 -8.187291575802e-02 
2.317000000000e-01 -7.884559932210e-02 
2.324000000000e-01 -7.582744270786e-02 
2.331000000000e-01 -7.281839065228e-02 
2.338000000000e-01 -6.981838839098e-02 
2.345000000000e-01 -6.682738165222e-02 
2.352000000000e-01 -6.384531665097e-02 
2.359000000000e-01 -6.087214008318e-02 
2.366000000000e-01 -5.790779912000e-02 
2.373000000000e-01 -5.495224140217e-02 
2.380000000000e-01 -5.200541503448e-02 
2.387000000000e-01 -4.906726858029e-02 
2.394000000000e-01 -4.613775105617e-02 
2.401000000000e-01 -4.321681192653e-02 
2.408000000000e-01 -4.030440109845e-02 
2.415000000000e-01 -3.740046891652e-02 
2.422000000000e-01 -3.450496615776e-02 
2.429000000000e-01 -3.161784402689e-02 
2.436000000000e-01 -2.873905415322e-02 
2.443000000000e-01 -2.586854859981e-02 
2.450000000000e-01 -2.300627996374e-02 
2.457000000000e-01 -2.015220215714e-02 
2.464000000000e-01 -1.730627624017e-02 
2.471000000000e-01 -1.446851346347e-02 
2.478000000000e-01 -1.163928884187e-02 
2.485000000000e-01 -8.821565151219e-03 
2.492000000000e-01 -6.035579026058e-03 
2.499000000000e-01 -3.397336229135e-03 
2.506000000000e-01 -1.328536748279e-03 
2.513000000000e-01 -3.218666100930e-04 
2.520000000000e-01 -5.534586469084e-05 
2.527000000000e-01 -8.173657062963e-06 
2.534000000000e-01 -1.139678423378e-06 
2.541000000000e-01 -1.553297522195e-07 
2.548000000000e-01 -2.093845399982e-08 
2.555000000000e-01 -2.802356047188e-09 
2.562000000000e-01 -3.728322073610e-10 
2.569000000000e-01 -4.932449060913e-11 
2.576000000000e-01 -6.489312420872e-12 
2.583000000000e-01 -8.490044778342e-13 
2.590000000000e-01 -1.104735747326e-13 
2.597000000000e-01 -1.433436702669e-14 
2.604000000000e-01 -1.977862318370e-15 
2.611000000000e-01 -2.314815006343e-16 
2.618000000000e-01 -1.224020884649e-16 
2.625000000000e-01 -1.107447467064e-16 
2.632000000000e-01 -1.107447467064e-16 
2.639000000000e-01 -1.107447467064e-16 
2.646000000000e-01 -1.107447467064e-16 
2.653000000000e-01 -1.107447467064e-16 
2.660000000000e-01 -1.107447467064e-16 
2.667000000000e-01 -1.107447467064e-16 
2.674000000000e-01 -1.107447467064e-16 
2.681000000000e-01 -1.107447467064e-16 
2.688000000000e-01 -1.107447467064e-16 
2.695000000000e-01 -1.107447467064e-16 
2.702000000000e-01 -1.107447467064e-16 
2.709000000000e-01 0.000000000000e+00 
2.716000000000e-01 -1.107447467064e-16 
2.723000000000e-01 -1.107447467064e-16 
2.730000000000e-01 -1.107447467064e-16 
2.737000000000e-01 -1.107447467064e-16 
2.744000000000e-01 -1.107447467064e-16 
2.751000000000e-01 -1.107447467064e-16 
2.758000000000e-01 0.000000000000e+00 
2.765000000000e-01 -1.107447467064e-16 
2.772000000000e-01 -1.107447467064e-16 
2.779000000000e-01 -1.107447467064e-16 
2.786000000000e-01 -1.107447467064e-16 
2.793000000000e-01 0.000000000000e+00 
2.800000000000e-01 0.000000000000e+00 
2.807000000000e-01 -1.107447467064e-16 
2.814000000000e-01 -1.107447467064e-16 
2.821000000000e-01 -1.107447467064e-16 
2.828000000000e-01 -1.107447467064e-16 
2.835000000000e-01 -1.107447467064e-16 
2.842000000000e-01 -1.107447467064e-16 
2.849000000000e-01 -1.107447467064e-16 
2.856000000000e-01 0.000000000000e+00 
2.863000000000e-01 -1.107447467064e-16 
2.870000000000e-01 -1.107447467064e-16 
2.877000000000e-01 -1.107447467064e-16 
2.884000000000e-01 -1.107447467064e-16 
2.891000000000e-01 -1.107447467064e-16 
2.898000000000e-01 -1.107447467064e-16 
2.905000000000e-01 -1.107447467064e-16 
2.912000000000e-01 -1.107447467064e-16 
2.919000000000e-01 0.000000000000e+00 
2.926000000000e-01 -1.107447467064e-16 
2.933000000000e-01 -1.107447467064e-16 
2.940000000000e-01 -1.107447467064e-16 
2.947000000000e-01 -1.107447467064e-16 
2.954000000000e-01 -1.107447467064e-16 
2.961000000000e-01 0.000000000000e+00 
2.968000000000e-01 0.000000000000e+00 
2.975000000000e-01 -1.107447467064e-16 
2.982000000000e-01 -1.107447467064e-16 
2.989000000000e-01 0.000000000000e+00 
2.996000000000e-01 0.000000000000e+00 
3.003000000000e-01 0.000000000000e+00 
3.010000000000e-01 0.000000000000e+00 
3.017000000000e-01 0.000000000000e+00 
3.024000000000e-01 -1.107447467064e-16 
3.031000000000e-01 0.000000000000e+00 
3.038000000000e-01 -1.107447467064e-16 
3.045000000000e-01 0.000000000000e+00 
3.052000000000e-01 0.000000000000e+00 
3.059000000000e-01 -1.107447467064e-16 
3.066000000000e-01 0.000000000000e+00 
3.073000000000e-01 -1.107447467064e-16 
3.080000000000e-01 -1.107447467064e-16 
3.087000000000e-01 0.000000000000e+00 
3.094000000000e-01 -1.107447467064e-16 
3.101000000000e-01 0.000000000000e+00 
3.108000000000e-01 -1.107447467064e-16 
3.115000000000e-01 -1.107447467064e-16 
3.122000000000e-01 -1.107447467064e-16 
3.129000000000e-01 0.000000000000e+00 
3.136000000000e-01 -1.107447467064e-16 
3.143000000000e-01 -1.107447467064e-16 
3.150000000000e-01 -1.107447467064e-16 
3.157000000000e-01 0.000000000000e+00 
3.164000000000e-01 -1.107447467064e-16 
3.171000000000e-01 -1.107447467064e-16 
3.178000000000e-01 0.000000000000e+00 
3.185000000000e-01 -1.107447467064e-16 
3.192000000000e-01 0.000000000000e+00 
3.199000000000e-01 -1.107447467064e-16 
3.206000000000e-01 0.000000000000e+00 
3.213000000000e-01 0.000000000000e+00 
3.220000000000e-01 -1.107447467064e-16 
3.227000000000e-01 -1.107447467064e-16 
3.234000000000e-01 0.000000000000e+00 
3.241000000000e-01 0.000000000000e+00 
3.248000000000e-01 0.000000000000e+00 
3.255000000000e-01 -1.107447467064e-16 
3.262000000000e-01 -1.107447467064e-16 
3.269000000000e-01 -1.107447467064e-16 
3.276000000000e-01 0.000000000000e+00 
3.283000000000e-01 0.000000000000e+00 
3.290000000000e-01 0.000000000000e+00 
3.297000000000e-01 0.000000000000e+00 
3.304000000000e-01 -1.107447467064e-16 
3.311000000000e-01 0.000000000000e+00 
3.318000000000e-01 0.000000000000e+00 
3.325000000000e-01 -1.107447467064e-16 
3.332000000000e-01 0.000000000000e+00 
3.339000000000e-01 -1.107447467064e-16 
3.346000000000e-01 0.000000000000e+00 
3.353000000000e-01 0.000000000000e+00 
3.360000000000e-01 0.000000000000e+00 
3.367000000000e-01 0.000000000000e+00 
3.374000000000e-01 -1.107447467064e-16 
3.381000000000e-01 0.000000000000e+00 
3.388000000000e-01 -1.107447467064e-16 
3.395000000000e-01 0.000000000000e+00 
3.402000000000e-01 0.000000000000e+00 
3.409000000000e-01 -1.107447467064e-16 
3.416000000000e-01 -1.107447467064e-16 
3.423000000000e-01 0.000000000000e+00 
3.430000000000e-01 0.000000000000e+00 
3.437000000000e-01 0.000000000000e+00 
3.444000000000e-01 -1.107447467064e-16 
3.451000000000e-01 -1.107447467064e-16 
3.458000000000e-01 0.000000000000e+00 
3.465000000000e-01 0.000000000000e+00 
3.472000000000e-01 0.000000000000e+00 
3.479000000000e-01 0.000000000000e+00 
3.486000000000e-01 0.000000000000e+00 
3.493000000000e-01 0.000000000000e+00 
3.500000000000e-01 0.000000000000e+00 
3.507000000000e-01 0.000000000000e+00 
3.514000000000e-01 0.000000000000e+00 
3.521000000000e-01 0.000000000000e+00 
3.528000000000e-01 0.000000000000e+00 
3.535000000000e-01 0.000000000000e+00 
3.542000000000e-01 -1.107447467064e-16 
3.549000000000e-01 0.000000000000e+00 
3.556000000000e-01 -1.107447467064e-16 
3.563000000000e-01 0.000000000000e+00 
3.570000000000e-01 0.000000000000e+00 
3.577000000000e-01 -5.551115123126e-17 
3.584000000000e-01 -1.107447467064e-16 
3.591000000000e-01 0.000000000000e+00 
3.598000000000e-01 0.000000000000e+00 
3.605000000000e-01 0.000000000000e+00 
3.612000000000e-01 0.000000000000e+00 
3.619000000000e-01 0.000000000000e+00 
3.626000000000e-01 0.000000000000e+00 
3.633000000000e-01 -1.107447467064e-16 
3.640000000000e-01 -1.107447467064e-16 
3.647000000000e-01 0.000000000000e+00 
3.654000000000e-01 -1.107447467064e-16 
3.661000000000e-01 0.000000000000e+00 
3.668000000000e-01 -5.551115123126e-17 
3.675000000000e-01 0.000000000000e+00 
3.682000000000e-01 -1.107447467064e-16 
3.689000000000e-01 0.000000000000e+00 
3.696000000000e-01 0.000000000000e+00 
3.703000000000e-01 0.000000000000e+00 
3.710000000000e-01 -1.107447467064e-16 
3.717000000000e-01 -1.107447467064e-16 
3.724000000000e-01 0.000000000000e+00 
3.731000000000e-01 -1.107447467064e-16 
3.738000000000e-01 0.000000000000e+00 
3.745000000000e-01 0.000000000000e+00 
3.752000000000e-01 0.000000000000e+00 
3.759000000000e-01 0.000000000000e+00 
3.766000000000e-01 -1.107447467064e-16 
3.773000000000e-01 0.000000000000e+00 
3.780000000000e-01 -5.551115123126e-17 
3.787000000000e-01 -1.107447467064e-16 
3.794000000000e-01 -1.107447467064e-16 
3.801000000000e-01 -2.214894934127e-16 
3.808000000000e-01 0.000000000000e+00 
3.815000000000e-01 -1.107447467064e-16 
3.822000000000e-01 -1.107447467064e-16 
3.829000000000e-01 -1.107447467064e-16 
3.836000000000e-01 -5.523359547510e-17 
3.843000000000e-01 -1.107447467064e-16 
3.850000000000e-01 0.000000000000e+00 
3.857000000000e-01 0.000000000000e+00 
3.864000000000e-01 0.000000000000e+00 
3.871000000000e-01 -5.551115123126e-17 
3.878000000000e-01 0.000000000000e+00 
3.885000000000e-01 -5.523359547510e-17 
3.892000000000e-01 0.000000000000e+00 
3.899000000000e-01 0.000000000000e+00 
3.906000000000e-01 0.000000000000e+00 
3.913000000000e-01 -5.551115123126e-17 
3.920000000000e-01 0.000000000000e+00 
3.927000000000e-01 0.000000000000e+00 
3.934000000000e-01 -5.551115123126e-17 
3.941000000000e-01 0.000000000000e+00 
3.948000000000e-01 0.000000000000e+00 
3.955000000000e-01 0.000000000000e+00 
3.962000000000e-01 0.000000000000e+00 
3.969000000000e-01 0.000000000000e+00 
3.976000000000e-01 -1.107447467064e-16 
3.983000000000e-01 -1.107447467064e-16 
3.990000000000e-01 -1.107447467064e-16 
3.997000000000e-01 0.000000000000e+00 
4.004000000000e-01 -5.523359547510e-17 
4.011000000000e-01 0.000000000000e+00 
4.018000000000e-01 -1.107447467064e-16 
4.025000000000e-01 0.000000000000e+00 
4.032000000000e-01 -1.107447467064e-16 
4.039000000000e-01 0.000000000000e+00 
4.046000000000e-01 0.000000000000e+00 
4.053000000000e-01 -1.107447467064e-16 
4.060000000000e-01 -1.107447467064e-16 
4.067000000000e-01 0.000000000000e+00 
4.074000000000e-01 -1.107447467064e-16 
4.081000000000e-01 0.000000000000e+00 
4.088000000000e-01 -1.107447467064e-16 
4.095000000000e-01 0.000000000000e+00 
4.102000000000e-01 -1.107447467064e-16 
4.109000000000e-01 0.000000000000e+00 
4.116000000000e-01 0.000000000000e+00 
4.123000000000e-01 -1.107447467064e-16 
4.130000000000e-01 -1.107447467064e-16 
4.137000000000e-01 0.000000000000e+00 
4.144000000000e-01 1.110223024625e-16 
4.151000000000e-01 5.495603971895e-17 
4.158000000000e-01 0.000000000000e+00 
4.165000000000e-01 7.382983113757e-17 
4.172000000000e-01 0.000000000000e+00 
4.179000000000e-01 0.000000000000e+00 
4.186000000000e-01 1.104671909502e-16 
4.193000000000e-01 0.000000000000e+00 
4.200000000000e-01 -5.523359547510e-17 
4.207000000000e-01 0.000000000000e+00 
4.214000000000e-01 -1.107447467064e-16 
4.221000000000e-01 -1.107447467064e-16 
4.228000000000e-01 0.000000000000e+00 
4.235000000000e-01 0.000000000000e+00 
4.242000000000e-01 0.000000000000e+00 
4.249000000000e-01 0.000000000000e+00 
4.256000000000e-01 0.000000000000e+00 
4.263000000000e-01 -1.107447467064e-16 
4.270000000000e-01 -1.107447467064e-16 
4.277000000000e-01 0.000000000000e+00 
4.284000000000e-01 0.000000000000e+00 
4.291000000000e-01 0.000000000000e+00 
4.298000000000e-01 -5.523359547510e-17 
4.305000000000e-01 0.000000000000e+00 
4.312000000000e-01 -1.107447467064e-16 
4.319000000000e-01 -1.107447467064e-16 
4.326000000000e-01 -1.107447467064e-16 
4.333000000000e-01 -5.523359547510e-17 
4.340000000000e-01 -5.523359547510e-17 
4.347000000000e-01 -5.551115123126e-17 
4.354000000000e-01 -5.551115123126e-17 
4.361000000000e-01 1.110223024625e-16 
4.368000000000e-01 0.000000000000e+00 
4.375000000000e-01 -1.107447467064e-16 
4.382000000000e-01 0.000000000000e+00 
4.389000000000e-01 0.000000000000e+00 
4.396000000000e-01 0.000000000000e+00 
4.403000000000e-01 -1.107447467064e-16 
4.410000000000e-01 0.000000000000e+00 
4.417000000000e-01 -1.107447467064e-16 
4.424000000000e-01 -1.107447467064e-16 
4.431000000000e-01 0.000000000000e+00 
4.438000000000e-01 0.000000000000e+00 
4.445000000000e-01 0.000000000000e+00 
4.452000000000e-01 1.110223024625e-16 
4.459000000000e-01 -1.107447467064e-16 
4.466000000000e-01 -3.691491556879e-17 
4.473000000000e-01 -1.107447467064e-16 
4.480000000000e-01 0.000000000000e+00 
4.487000000000e-01 0.000000000000e+00 
4.494000000000e-01 0.000000000000e+00 
4.501000000000e-01 0.000000000000e+00 
4.508000000000e-01 0.000000000000e+00 
4.515000000000e-01 0.000000000000e+00 
4.522000000000e-01 -5.551115123126e-19 
4.529000000000e-01 0.000000000000e+00 
4.536000000000e-01 0.000000000000e+00 
4.543000000000e-01 -1.110223024625e-16 
4.550000000000e-01 0.000000000000e+00 
4.557000000000e-01 -5.551115123126e-17 
4.564000000000e-01 -5.523359547510e-17 
4.571000000000e-01 0.000000000000e+00 
4.578000000000e-01 0.000000000000e+00 
4.585000000000e-01 0.000000000000e+00 
4.592000000000e-01 -5.523359547510e-17 
4.599000000000e-01 7.382983113757e-17 
4.606000000000e-01 -1.107447467064e-16 
4.613000000000e-01 5.551115123125e-19 
4.620000000000e-01 0.000000000000e+00 
4.627000000000e-01 1.110223024625e-16 
4.634000000000e-01 -5.551115123126e-17 
4.641000000000e-01 5.606626274357e-17 
4.648000000000e-01 -5.523359547510e-17 
4.655000000000e-01 0.000000000000e+00 
4.662000000000e-01 0.000000000000e+00 
4.669000000000e-01 -1.104671909502e-16 
4.676000000000e-01 -3.691491556879e-17 
4.683000000000e-01 0.000000000000e+00 
4.690000000000e-01 -5.551115123126e-17 
4.697000000000e-01 1.104671909502e-16 
4.704000000000e-01 0.000000000000e+00 
4.711000000000e-01 0.000000000000e+00 
4.718000000000e-01 7.382983113757e-17 
4.725000000000e-01 5.578870698741e-17 
4.732000000000e-01 -1.107447467064e-16 
4.739000000000e-01 -5.467848396279e-17 
4.746000000000e-01 0.000000000000e+00 
4.753000000000e-01 0.000000000000e+00 
4.760000000000e-01 1.104671909502e-16 
4.767000000000e-01 0.000000000000e+00 
4.774000000000e-01 0.000000000000e+00 
4.781000000000e-01 0.000000000000e+00 
4.788000000000e-01 -1.110223024625e-16 
4.795000000000e-01 1.110223024625e-16 
4.802000000000e-01 -1.110223024625e-16 
4.809000000000e-01 -5.551115123126e-19 
4.816000000000e-01 -1.104671909502e-16 
4.823000000000e-01 -1.107447467064e-16 
4.830000000000e-01 -1.107447467064e-16 
4.837000000000e-01 0.000000000000e+00 
4.844000000000e-01 0.000000000000e+00 
4.851000000000e-01 0.000000000000e+00 
4.858000000000e-01 -1.107447467064e-16 
4.865000000000e-01 1.104671909502e-16 
4.872000000000e-01 5.578870698741e-17 
4.879000000000e-01 5.578870698741e-17 
4.886000000000e-01 0.000000000000e+00 
4.893000000000e-01 -1.107447467064e-16 
4.900000000000e-01 5.578870698741e-17 
4.907000000000e-01 5.578870698741e-17 
4.914000000000e-01 5.578870698741e-17 
4.921000000000e-01 5.578870698741e-17 
4.928000000000e-01 1.104671909502e-16 
4.935000000000e-01 -3.691491556879e-17 
4.942000000000e-01 1.104671909502e-16 
4.949000000000e-01 -5.523359547510e-17 
4.956000000000e-01 0.000000000000e+00 
4.963000000000e-01 0.000000000000e+00 
4.970000000000e-01 0.000000000000e+00 
4.977000000000e-01 -1.104671909502e-16 
4.984000000000e-01 -5.523359547510e-17 
4.991000000000e-01 -5.551115123126e-17 
4.998000000000e-01 0.000000000000e+00 
5.005000000000e-01 -5.551115123126e-17 
5.012000000000e-01 0.000000000000e+00 
5.019000000000e-01 2.214894934127e-16 
5.026000000000e-01 2.214894934127e-16 
5.033000000000e-01 -1.107447467064e-16 
5.040000000000e-01 0.000000000000e+00 
5.047000000000e-01 0.000000000000e+00 
5.054000000000e-01 0.000000000000e+00 
5.061000000000e-01 0.000000000000e+00 
5.068000000000e-01 0.000000000000e+00 
5.075000000000e-01 -1.107447467064e-16 
5.082000000000e-01 0.000000000000e+00 
5.089000000000e-01 0.000000000000e+00 
5.096000000000e-01 -1.107447467064e-16 
5.103000000000e-01 0.000000000000e+00 
5.110000000000e-01 2.214894934127e-16 
5.117000000000e-01 0.000000000000e+00 
5.124000000000e-01 2.214894934127e-16 
5.131000000000e-01 2.214894934127e-16 
5.138000000000e-01 -1.107447467064e-16 
5.145000000000e-01 2.214894934127e-16 
5.152000000000e-01 -1.107447467064e-16 
5.159000000000e-01 0.000000000000e+00 
5.166000000000e-01 -1.107447467064e-16 
5.173000000000e-01 -1.107447467064e-16 
5.180000000000e-01 0.000000000000e+00 
5.187000000000e-01 -1.107447467064e-16 
5.194000000000e-01 0.000000000000e+00 
5.201000000000e-01 -1.110223024625e-16 
5.208000000000e-01 -1.107447467064e-16 
5.215000000000e-01 0.000000000000e+00 
5.222000000000e-01 0.000000000000e+00 
5.229000000000e-01 0.000000000000e+00 
5.236000000000e-01 0.000000000000e+00 
5.243000000000e-01 -1.107447467064e-16 
5.250000000000e-01 -1.107447467064e-16 
5.257000000000e-01 0.000000000000e+00 
5.264000000000e-01 -1.107447467064e-16 
5.271000000000e-01 2.214894934127e-16 
5.278000000000e-01 -1.107447467064e-16 
5.285000000000e-01 0.000000000000e+00 
5.292000000000e-01 2.214894934127e-16 
5.299000000000e-01 5.495603971895e-17 
5.306000000000e-01 -1.107447467064e-16 
5.313000000000e-01 2.214894934127e-16 
5.320000000000e-01 -1.107447467064e-16 
5.327000000000e-01 -1.110223024625e-16 
5.334000000000e-01 -5.551115123126e-17 
5.341000000000e-01 0.000000000000e+00 
5.348000000000e-01 2.214894934127e-16 
5.355000000000e-01 0.000000000000e+00 
5.362000000000e-01 5.495603971895e-17 
5.369000000000e-01 0.000000000000e+00 
5.376000000000e-01 0.000000000000e+00 
5.383000000000e-01 0.000000000000e+00 
5.390000000000e-01 2.214894934127e-16 
5.397000000000e-01 0.000000000000e+00 
5.404000000000e-01 5.495603971895e-17 
5.411000000000e-01 0.000000000000e+00 
5.418000000000e-01 0.000000000000e+00 
5.425000000000e-01 -1.107447467064e-16 
5.432000000000e-01 5.495603971895e-17 
5.439000000000e-01 -1.104671909502e-16 
5.446000000000e-01 0.000000000000e+00 
5.453000000000e-01 0.000000000000e+00 
5.460000000000e-01 -1.107447467064e-16 
5.467000000000e-01 5.578870698741e-17 
5.474000000000e-01 0.000000000000e+00 
5.481000000000e-01 2.214894934127e-16 
5.488000000000e-01 5.495603971895e-17 
5.495000000000e-01 0.000000000000e+00 
5.502000000000e-01 2.214894934127e-16 
5.509000000000e-01 -1.104671909502e-16 
5.516000000000e-01 0.000000000000e+00 
5.523000000000e-01 0.000000000000e+00 
5.530000000000e-01 -1.107447467064e-16 
5.537000000000e-01 2.214894934127e-16 
5.544000000000e-01 0.000000000000e+00 
5.551000000000e-01 0.000000000000e+00 
5.558000000000e-01 -1.110223024625e-16 
5.565000000000e-01 0.000000000000e+00 
5.572000000000e-01 -1.104671909502e-16 
5.579000000000e-01 -1.110223024625e-16 
5.586000000000e-01 -5.551115123126e-17 
5.593000000000e-01 -5.551115123126e-17 
5.600000000000e-01 -1.107447467064e-16 
5.607000000000e-01 0.000000000000e+00 
5.614000000000e-01 0.000000000000e+00 
5.621000000000e-01 0.000000000000e+00 
5.628000000000e-01 0.000000000000e+00 
5.635000000000e-01 0.000000000000e+00 
5.642000000000e-01 5.495603971895e-17 
5.649000000000e-01 0.000000000000e+00 
5.656000000000e-01 0.000000000000e+00 
5.663000000000e-01 5.495603971895e-17 
5.670000000000e-01 -1.110223024625e-16 
5.677000000000e-01 0.000000000000e+00 
5.684000000000e-01 0.000000000000e+00 
5.691000000000e-01 0.000000000000e+00 
5.698000000000e-01 5.495603971895e-17 
5.705000000000e-01 -1.107447467064e-16 
5.712000000000e-01 -1.110223024625e-16 
5.719000000000e-01 -1.110223024625e-16 
5.726000000000e-01 5.495603971895e-17 
5.733000000000e-01 0.000000000000e+00 
5.740000000000e-01 0.000000000000e+00 
5.747000000000e-01 -1.110223024625e-16 
5.754000000000e-01 0.000000000000e+00 
5.761000000000e-01 0.000000000000e+00 
5.768000000000e-01 0.000000000000e+00 
5.775000000000e-01 0.000000000000e+00 
5.782000000000e-01 0.000000000000e+00 
5.789000000000e-01 5.578870698741e-17 
5.796000000000e-01 0.000000000000e+00 
5.803000000000e-01 0.000000000000e+00 
5.810000000000e-01 5.495603971895e-17 
5.817000000000e-01 2.214894934127e-16 
5.824000000000e-01 0.000000000000e+00 
5.831000000000e-01 -1.107447467064e-16 
5.838000000000e-01 0.000000000000e+00 
5.845000000000e-01 0.000000000000e+00 
5.852000000000e-01 -5.551115123126e-17 
5.859000000000e-01 0.000000000000e+00 
5.866000000000e-01 5.495603971895e-17 
5.873000000000e-01 5.495603971895e-17 
5.880000000000e-01 0.000000000000e+00 
5.887000000000e-01 5.495603971895e-17 
5.894000000000e-01 0.000000000000e+00 
5.901000000000e-01 -1.107447467064e-16 
5.908000000000e-01 0.000000000000e+00 
5.915000000000e-01 -1.110223024625e-16 
5.922000000000e-01 0.000000000000e+00 
5.929000000000e-01 -1.110223024625e-16 
5.936000000000e-01 0.000000000000e+00 
5.943000000000e-01 0.000000000000e+00 
5.950000000000e-01 -5.551115123126e-17 
5.957000000000e-01 0.000000000000e+00 
5.964000000000e-01 5.495603971895e-17 
5.971000000000e-01 -1.110223024625e-16 
5.978000000000e-01 0.000000000000e+00 
5.985000000000e-01 0.000000000000e+00 
5.992000000000e-01 -5.551115123126e-19 
5.999000000000e-01 -1.107447467064e-16 
6.006000000000e-01 0.000000000000e+00 
6.013000000000e-01 0.000000000000e+00 
6.020000000000e-01 -1.104671909502e-16 
6.027000000000e-01 0.000000000000e+00 
6.034000000000e-01 2.214894934127e-16 
6.041000000000e-01 5.578870698741e-17 
6.048000000000e-01 0.000000000000e+00 
6.055000000000e-01 0.000000000000e+00 
6.062000000000e-01 2.214894934127e-16 
6.069000000000e-01 5.495603971895e-17 
6.076000000000e-01 0.000000000000e+00 
6.083000000000e-01 0.000000000000e+00 
6.090000000000e-01 5.495603971895e-17 
6.097000000000e-01 0.000000000000e+00 
6.104000000000e-01 0.000000000000e+00 
6.111000000000e-01 2.214894934127e-16 
6.118000000000e-01 2.214894934127e-16 
6.125000000000e-01 -1.110223024625e-16 
6.132000000000e-01 -1.110223024625e-16 
6.139000000000e-01 5.578870698741e-17 
6.146000000000e-01 0.000000000000e+00 
6.153000000000e-01 0.000000000000e+00 
6.160000000000e-01 5.578870698741e-17 
6.167000000000e-01 0.000000000000e+00 
6.174000000000e-01 -5.551115123126e-19 
6.181000000000e-01 5.578870698741e-17 
6.188000000000e-01 0.000000000000e+00 
6.195000000000e-01 0.000000000000e+00 
6.202000000000e-01 -1.104671909502e-16 
6.209000000000e-01 5.495603971895e-17 
6.216000000000e-01 -1.107447467064e-16 
6.223000000000e-01 5.495603971895e-17 
6.230000000000e-01 5.495603971895e-17 
6.237000000000e-01 5.495603971895e-17 
6.244000000000e-01 -1.107447467064e-16 
6.251000000000e-01 -1.110223024625e-16 
6.258000000000e-01 0.000000000000e+00 
6.265000000000e-01 0.000000000000e+00 
6.272000000000e-01 -1.110223024625e-16 
6.279000000000e-01 0.000000000000e+00 
6.286000000000e-01 -1.110223024625e-16 
6.293000000000e-01 5.578870698741e-17 
6.300000000000e-01 -1.110223024625e-16 
6.307000000000e-01 -5.606626274357e-17 
6.314000000000e-01 0.000000000000e+00 
6.321000000000e-01 0.000000000000e+00 
6.328000000000e-01 -1.107447467064e-16 
6.335000000000e-01 5.495603971895e-17 
6.342000000000e-01 0.000000000000e+00 
6.349000000000e-01 -5.606626274357e-17 
6.356000000000e-01 -1.110223024625e-16 
6.363000000000e-01 0.000000000000e+00 
6.370000000000e-01 0.000000000000e+00 
6.377000000000e-01 0.000000000000e+00 
6.384000000000e-01 0.000000000000e+00 
6.391000000000e-01 0.000000000000e+00 
6.398000000000e-01 -5.606626274357e-17 
6.405000000000e-01 -1.110223024625e-16 
6.412000000000e-01 -1.110223024625e-16 
6.419000000000e-01 -1.110223024625e-16 
6.426000000000e-01 -1.110223024625e-16 
6.433000000000e-01 -1.107447467064e-16 
6.440000000000e-01 -1.110223024625e-16 
6.447000000000e-01 5.495603971895e-17 
6.454000000000e-01 -1.107447467064e-16 
6.461000000000e-01 -1.110223024625e-16 
6.468000000000e-01 2.214894934127e-16 
6.475000000000e-01 -5.606626274357e-17 
6.482000000000e-01 2.214894934127e-16 
6.489000000000e-01 2.214894934127e-16 
6.496000000000e-01 2.214894934127e-16 
6.503000000000e-01 -1.110223024625e-16 
6.510000000000e-01 -1.107447467064e-16 
6.517000000000e-01 -5.551115123126e-19 
6.524000000000e-01 0.000000000000e+00 
6.531000000000e-01 5.495603971895e-17 
6.538000000000e-01 -5.606626274357e-17 
6.545000000000e-01 0.000000000000e+00 
6.552000000000e-01 5.495603971895e-17 
6.559000000000e-01 2.214894934127e-16 
6.566000000000e-01 -1.110223024625e-16 
6.573000000000e-01 -1.110223024625e-16 
6.580000000000e-01 -5.551115123126e-19 
6.587000000000e-01 -5.606626274357e-17 
6.594000000000e-01 2.214894934127e-16 
6.601000000000e-01 0.000000000000e+00 
6.608000000000e-01 -5.606626274357e-17 
6.615000000000e-01 -1.110223024625e-16 
6.622000000000e-01 -5.551115123126e-19 
6.629000000000e-01 -5.606626274357e-17 
6.636000000000e-01 -1.107447467064e-16 
6.643000000000e-01 5.495603971895e-17 
6.650000000000e-01 2.214894934127e-16 
6.657000000000e-01 -1.107447467064e-16 
6.664000000000e-01 -5.606626274357e-17 
6.671000000000e-01 5.495603971895e-17 
6.678000000000e-01 1.099120794379e-16 
6.685000000000e-01 -5.551115123126e-19 
6.692000000000e-01 -5.606626274357e-17 
6.699000000000e-01 -5.606626274357e-17 
6.706000000000e-01 -1.107447467064e-16 
6.713000000000e-01 -5.606626274357e-17 
6.720000000000e-01 -1.110223024625e-16 
6.727000000000e-01 -1.121325254871e-16 
6.734000000000e-01 0.000000000000e+00 
6.741000000000e-01 -5.606626274357e-17 
6.748000000000e-01 -1.110223024625e-16 
6.755000000000e-01 5.495603971895e-17 
6.762000000000e-01 -1.110223024625e-18 
6.769000000000e-01 0.000000000000e+00 
6.776000000000e-01 2.214894934127e-16 
6.783000000000e-01 -1.110223024625e-16 
6.790000000000e-01 1.099120794379e-16 
6.797000000000e-01 2.214894934127e-16 
6.804000000000e-01 5.495603971895e-17 
6.811000000000e-01 -1.110223024625e-16 
6.818000000000e-01 -1.110223024625e-16 
6.825000000000e-01 1.099120794379e-16 
6.832000000000e-01 5.495603971895e-17 
6.839000000000e-01 -5.606626274357e-17 
6.846000000000e-01 1.099120794379e-16 
6.853000000000e-01 2.214894934127e-16 
6.860000000000e-01 -5.606626274357e-17 
6.867000000000e-01 -5.606626274357e-17 
6.874000000000e-01 -1.110223024625e-16 
6.881000000000e-01 -1.107447467064e-16 
6.888000000000e-01 5.495603971895e-17 
6.895000000000e-01 -5.717648576820e-17 
6.902000000000e-01 -5.606626274357e-17 
6.909000000000e-01 -5.606626274357e-17 
6.916000000000e-01 -1.110223024625e-18 
6.923000000000e-01 -5.717648576820e-17 
6.930000000000e-01 -1.110223024625e-16 
6.937000000000e-01 -5.606626274357e-17 
6.944000000000e-01 -1.107447467064e-16 
6.951000000000e-01 -1.110223024625e-18 
6.958000000000e-01 -1.110223024625e-18 
6.965000000000e-01 -1.107447467064e-16 
6.972000000000e-01 2.214894934127e-16 
6.979000000000e-01 -1.110223024625e-18 
6.986000000000e-01 -5.606626274357e-17 
6.993000000000e-01 -5.606626274357e-17 
7.000000000000e-01 2.214894934127e-16 
7.007000000000e-01 -5.606626274357e-17 
7.014000000000e-01 5.495603971895e-17 
7.021000000000e-01 -5.606626274357e-17 
7.028000000000e-01 -5.606626274357e-17 
7.035000000000e-01 -1.110223024625e-18 
7.042000000000e-01 -1.110223024625e-18 
7.049000000000e-01 -5.606626274357e-17 
7.056000000000e-01 5.495603971895e-17 
7.063000000000e-01 -5.606626274357e-17 
7.070000000000e-01 -2.220446049251e-18 
7.077000000000e-01 -1.110223024625e-16 
7.084000000000e-01 -2.220446049251e-18 
7.091000000000e-01 -5.773159728051e-17 
7.098000000000e-01 -5.606626274357e-17 
7.105000000000e-01 -5.606626274357e-17 
7.112000000000e-01 -5.773159728051e-17 
7.119000000000e-01 -1.126876369995e-16 
7.126000000000e-01 -5.606626274357e-17 
7.133000000000e-01 5.329070518201e-17 
7.140000000000e-01 -1.110223024625e-16 
7.147000000000e-01 1.099120794379e-16 
7.154000000000e-01 -1.126876369995e-16 
7.161000000000e-01 5.495603971895e-17 
7.168000000000e-01 -2.220446049251e-18 
7.175000000000e-01 1.099120794379e-16 
7.182000000000e-01 -5.606626274357e-17 
7.189000000000e-01 -2.220446049251e-18 
7.196000000000e-01 5.329070518201e-17 
7.203000000000e-01 -1.110223024625e-18 
7.210000000000e-01 -1.676436767184e-16 
7.217000000000e-01 -3.885780586189e-18 
7.224000000000e-01 -1.126876369995e-16 
7.231000000000e-01 -5.773159728051e-17 
7.238000000000e-01 -5.606626274357e-17 
7.245000000000e-01 -3.885780586189e-18 
7.252000000000e-01 5.329070518201e-17 
7.259000000000e-01 5.329070518201e-17 
7.266000000000e-01 5.162537064507e-17 
7.273000000000e-01 5.162537064507e-17 
7.280000000000e-01 5.162537064507e-17 
7.287000000000e-01 -5.884182030513e-17 
7.294000000000e-01 5.162537064507e-17 
7.301000000000e-01 5.162537064507e-17 
7.308000000000e-01 5.162537064507e-17 
7.315000000000e-01 -3.885780586189e-18 
7.322000000000e-01 -2.775557561563e-18 
7.329000000000e-01 -1.126876369995e-16 
7.336000000000e-01 4.996003610813e-17 
7.343000000000e-01 -5.551115123128e-18 
7.350000000000e-01 -1.126876369995e-16 
7.357000000000e-01 -5.773159728051e-17 
7.364000000000e-01 -7.216449660068e-18 
7.371000000000e-01 -5.551115123128e-18 
7.378000000000e-01 5.162537064507e-17 
7.385000000000e-01 -5.551115123128e-18 
7.392000000000e-01 -6.106226635442e-18 
7.399000000000e-01 -1.137978600241e-17 
7.406000000000e-01 -1.557087792037e-16 
7.413000000000e-01 -4.996003610832e-16 
7.420000000000e-01 -3.184397190493e-15 
7.427000000000e-01 -2.333716554005e-14 
7.434000000000e-01 -1.706942924276e-13 
7.441000000000e-01 -1.238289216331e-12 
7.448000000000e-01 -8.884471425937e-12 
7.455000000000e-01 -6.296431617889e-11 
7.462000000000e-01 -4.400049292639e-10 
7.469000000000e-01 -3.024978010461e-09 
7.476000000000e-01 -2.040293060444e-08 
7.483000000000e-01 -1.346972826871e-07 
7.490000000000e-01 -8.708810859998e-07 
7.497000000000e-01 -5.524600102587e-06 
7.504000000000e-01 -3.204934560047e-05 
7.511000000000e-01 -1.033527863708e-04 
7.518000000000e-01 -1.658714154690e-04 
7.525000000000e-01 -2.120698925614e-04 
7.532000000000e-01 -2.498959772156e-04 
7.539000000000e-01 -2.826920802958e-04 
7.546000000000e-01 -3.120472928666e-04 
7.553000000000e-01 -3.388570465493e-04 
7.560000000000e-01 -3.636847207353e-04 
7.567000000000e-01 -3.869120782721e-04 
7.574000000000e-01 -4.088119954954e-04 
7.581000000000e-01 -4.295875453728e-04 
7.588000000000e-01 -4.493947037198e-04 
7.595000000000e-01 -4.683563583464e-04 
7.602000000000e-01 -4.865713761688e-04 
7.609000000000e-01 -5.041207055616e-04 
7.616000000000e-01 -5.210716191949e-04 
7.623000000000e-01 -5.374807463275e-04 
7.630000000000e-01 -5.533962917210e-04 
7.637000000000e-01 -5.688596929431e-04 
7.644000000000e-01 -5.839068806091e-04 
7.651000000000e-01 -5.985692519939e-04 
7.658000000000e-01 -6.128744338845e-04 
7.665000000000e-01 -6.268468878934e-04 
7.672000000000e-01 -6.405083962623e-04 
7.679000000000e-01 -6.538784557924e-04 
7.686000000000e-01 -6.669746002843e-04 
7.693000000000e-01 -6.798126667353e-04 
7.700000000000e-01 -6.924070168394e-04 
7.707000000000e-01 -7.047707226354e-04 
7.714000000000e-01 -7.169157231509e-04 
7.721000000000e-01 -7.288529573951e-04 
7.728000000000e-01 -7.405924779269e-04 
7.735000000000e-01 -7.521435483534e-04 
7.742000000000e-01 -7.635147274589e-04 
7.749000000000e-01 -7.747139421335e-04 
7.756000000000e-01 -7.857485508780e-04 
7.763000000000e-01 -7.966253993266e-04 
7.770000000000e-01 -8.073508689851e-04 
7.777000000000e-01 -8.179309201679e-04 
7.784000000000e-01 -8.283711299577e-04 
7.791000000000e-01 -8.386767258762e-04 
7.798000000000e-01 -8.488526158426e-04 
7.805000000000e-01 -8.589034149074e-04 
7.812000000000e-01 -8.688334691792e-04 
7.819000000000e-01 -8.786468772921e-04 
7.826000000000e-01 -8.883475097209e-04 
7.833000000000e-01 -8.979390261958e-04 
7.840000000000e-01 -9.074248914485e-04 
7.847000000000e-01 -9.168083894719e-04 
7.854000000000e-01 -9.260926364695e-04 
7.861000000000e-01 -9.352805926339e-04 
7.868000000000e-01 -9.443750728815e-04 
7.875000000000e-01 -9.533787566582e-04 
7.882000000000e-01 -9.622941969070e-04 
7.889000000000e-01 -9.711238282881e-04 
7.896000000000e-01 -9.798699747232e-04 
7.903000000000e-01 -9.885348563329e-04 
7.910000000000e-01 -9.971205958241e-04 
7.917000000000e-01 -1.005629224381e-03 
7.924000000000e-01 -1.014062687103e-03 
7.931000000000e-01 -1.022422848043e-03 
7.938000000000e-01 -1.030711494856e-03 
7.945000000000e-01 -1.038930343129e-03 
7.952000000000e-01 -1.047081040386e-03 
7.959000000000e-01 -1.055165169819e-03 
7.966000000000e-01 -1.063184253755e-03 
7.973000000000e-01 -1.071139756892e-03 
7.980000000000e-01 -1.079033089310e-03 
7.987000000000e-01 -1.086865609290e-03 
7.994000000000e-01 -1.094638625940e-03 
8.001000000000e-01 -1.102353401662e-03 
8.008000000000e-01 -1.110011154454e-03 
8.015000000000e-01 -1.117613060071e-03 
8.022000000000e-01 -1.125160254054e-03 
8.029000000000e-01 -1.132653833632e-03 
8.036000000000e-01 -1.140094859513e-03 
8.043000000000e-01 -1.147484357566e-03 
8.050000000000e-01 -1.154823320409e-03 
8.057000000000e-01 -1.162112708898e-03 
8.064000000000e-01 -1.169353453538e-03 
8.071000000000e-01 -1.176546455809e-03 
8.078000000000e-01 -1.183692589427e-03 
8.085000000000e-01 -1.190792701521e-03 
8.092000000000e-01 -1.197847613761e-03 
8.099000000000e-01 -1.204858123418e-03 
8.106000000000e-01 -1.211825004367e-03 
8.113000000000e-01 -1.218749008044e-03 
8.120000000000e-01 -1.225630864342e-03 
8.127000000000e-01 -1.232471282474e-03 
8.134000000000e-01 -1.239270951785e-03 
8.141000000000e-01 -1.246030542524e-03 
8.148000000000e-01 -1.252750706577e-03 
8.155000000000e-01 -1.259432078168e-03 
8.162000000000e-01 -1.266075274525e-03 
8.169000000000e-01 -1.272680896509e-03 
8.176000000000e-01 -1.279249529218e-03 
8.183000000000e-01 -1.285781742565e-03 
8.190000000000e-01 -1.292278091821e-03 
8.197000000000e-01 -1.298739118141e-03 
8.204000000000e-01 -1.305165349061e-03 
8.211000000000e-01 -1.311557298977e-03 
8.218000000000e-01 -1.317915469597e-03 
8.225000000000e-01 -1.324240350379e-03 
8.232000000000e-01 -1.330532418946e-03 
8.239000000000e-01 -1.336792141482e-03 
8.246000000000e-01 -1.343019973118e-03 
8.253000000000e-01 -1.349216358292e-03 
8.260000000000e-01 -1.355381731100e-03 
8.267000000000e-01 -1.361516515633e-03 
8.274000000000e-01 -1.367621126296e-03 
8.281000000000e-01 -1.373695968115e-03 
8.288000000000e-01 -1.379741437036e-03 
8.295000000000e-01 -1.385757920203e-03 
8.302000000000e-01 -1.391745796238e-03 
8.309000000000e-01 -1.397705435495e-03 
8.316000000000e-01 -1.403637200316e-03 
8.323000000000e-01 -1.409541445271e-03 
8.330000000000e-01 -1.415418517389e-03 
8.337000000000e-01 -1.421268756385e-03 
8.344000000000e-01 -1.427092494870e-03 
8.351000000000e-01 -1.432890058563e-03 
8.358000000000e-01 -1.438661766487e-03 
8.365000000000e-01 -1.444407931161e-03 
8.372000000000e-01 -1.450128858786e-03 
8.379000000000e-01 -1.455824849423e-03 
8.386000000000e-01 -1.461496197162e-03 
8.393000000000e-01 -1.467143190292e-03 
8.400000000000e-01 -1.472766111459e-03 
8.407000000000e-01 -1.478365237817e-03 
8.414000000000e-01 -1.483940841182e-03 
8.421000000000e-01 -1.489493188172e-03 
8.428000000000e-01 -1.495022540346e-03 
8.435000000000e-01 -1.500529154338e-03 
8.442000000000e-01 -1.506013281989e-03 
8.449000000000e-01 -1.511475170467e-03 
8.456000000000e-01 -1.516915062393e-03 
8.463000000000e-01 -1.522333195956e-03 
8.470000000000e-01 -1.527729805023e-03 
8.477000000000e-01 -1.533105119253e-03 
8.484000000000e-01 -1.538459364200e-03 
8.491000000000e-01 -1.543792761417e-03 
8.498000000000e-01 -1.549105528554e-03 
8.505000000000e-01 -1.554397879454e-03 
8.512000000000e-01 -1.559670024246e-03 
8.519000000000e-01 -1.564922169438e-03 
8.526000000000e-01 -1.570154517998e-03 
8.533000000000e-01 -1.575367269444e-03 
8.540000000000e-01 -1.580560619926e-03 
8.547000000000e-01 -1.585734762301e-03 
8.554000000000e-01 -1.590889886215e-03 
8.561000000000e-01 -1.596026178174e-03 
8.568000000000e-01 -1.601143821620e-03 
8.575000000000e-01 -1.606242996999e-03 
8.582000000000e-01 -1.611323881830e-03 
8.589000000000e-01 -1.616386650772e-03 
8.596000000000e-01 -1.621431475688e-03 
8.603000000000e-01 -1.626458525787e-03 
8.610000000000e-01 -1.631467978810e-03 
8.617000000000e-01 -1.636461371491e-03 
8.624000000000e-01 -1.641531872924e-03 
8.631000000000e-01 -1.628494516747e-03 
8.638000000000e-01 -1.583159926230e-03 
8.645000000000e-01 -1.558355464133e-03 
8.652000000000e-01 -1.539394940041e-03 
8.659000000000e-01 -1.523498107616e-03 
8.666000000000e-01 -1.509570480819e-03 
8.673000000000e-01 -1.497046469412e-03 
8.680000000000e-01 -1.485588555255e-03 
8.687000000000e-01 -1.474976147528e-03 
8.694000000000e-01 -1.465055677742e-03 
8.701000000000e-01 -1.455715139594e-03 
8.708000000000e-01 -1.446869860063e-03 
8.715000000000e-01 -1.438453981450e-03 
8.722000000000e-01 -1.430415080073e-03 
8.729000000000e-01 -1.422710615732e-03 
8.736000000000e-01 -1.415305503736e-03 
8.743000000000e-01 -1.408170403952e-03 
8.750000000000e-01 -1.401280483892e-03 
8.757000000000e-01 -1.394614504548e-03 
8.764000000000e-01 -1.388154131651e-03 
8.771000000000e-01 -1.381883407912e-03 
8.778000000000e-01 -1.375788342527e-03 
8.785000000000e-01 -1.369856587561e-03 
8.792000000000e-01 -1.364077179776e-03 
8.799000000000e-01 -1.358440332386e-03 
8.806000000000e-01 -1.352937265439e-03 
8.813000000000e-01 -1.347560066413e-03 
8.820000000000e-01 -1.342301574686e-03 
8.827000000000e-01 -1.337155285080e-03 
8.834000000000e-01 -1.332115266749e-03 
8.841000000000e-01 -1.327176094541e-03 
8.848000000000e-01 -1.322332790565e-03 
8.855000000000e-01 -1.317580774153e-03 
8.862000000000e-01 -1.312915045489e-03 
8.869000000000e-01 -1.278650141726e-03 
8.876000000000e-01 -1.242387400391e-03 
8.883000000000e-01 -1.220759657277e-03 
8.890000000000e-01 -1.204069987955e-03 
8.897000000000e-01 -1.190129327254e-03 
8.904000000000e-01 -1.178005316560e-03 
8.911000000000e-01 -1.167197230498e-03 
8.918000000000e-01 -1.160192441650e-03 
8.925000000000e-01 -1.180074052676e-03 
8.932000000000e-01 -1.187934280020e-03 
8.939000000000e-01 -1.152363956129e-03 
8.946000000000e-01 -1.146739562170e-03 
8.953000000000e-01 -1.650941853870e-03 
8.960000000000e-01 -1.712275429946e-03 
8.967000000000e-01 -1.443606375283e-03 
8.974000000000e-01 -1.404957657806e-03 
8.981000000000e-01 -1.134362351150e-03 
8.988000000000e-01 -1.237376012539e-03 
8.995000000000e-01 -1.029679456495e-03 
9.002000000000e-01 -2.417904746094e-03 
9.009000000000e-01 -1.203513218981e-03 
9.016000000000e-01 -1.910347285719e-03 
9.023000000000e-01 -1.483186280310e-03 
9.030000000000e-01 -1.612722089088e-03 
9.037000000000e-01 -2.212541146055e-03 
9.044000000000e-01 -2.276517540678e-03 
9.051000000000e-01 -2.407400252996e-03 
9.058000000000e-01 -1.358076065722e-03 
9.065000000000e-01 -2.534645944140e-03 
9.072000000000e-01 -1.739017113066e-03 
9.079000000000e-01 -2.508324938924e-03 
9.086000000000e-01 -2.493299028946e-03 
9.093000000000e-01 -2.542098806800e-03 
9.100000000000e-01 -2.246748695370e-03 
9.107000000000e-01 -2.585122140242e-03 
9.114000000000e-01 -2.633039786320e-03 
9.121000000000e-01 -1.315279358754e-03 
9.128000000000e-01 -1.186370311756e-03 
9.135000000000e-01 -9.339756602839e-04 
9.142000000000e-01 -1.968489598971e-03 
9.149000000000e-01 -1.267642110423e-03 
9.156000000000e-01 -1.703414318322e-03 
9.163000000000e-01 -2.442300127323e-04 
9.170000000000e-01 -2.737593882533e-03 
9.177000000000e-01 -2.750228847969e-03 
9.184000000000e-01 -2.004112740417e-03 
9.191000000000e-01 -1.114045545205e-03 
9.198000000000e-01 -2.715111761512e-03 
9.205000000000e-01 -9.214894079651e-04 
9.212000000000e-01 5.444726874484e-05 
9.219000000000e-01 -1.997100465020e-03 
9.226000000000e-01 -2.710387801218e-03 
9.233000000000e-01 -2.653200826810e-03 
9.240000000000e-01 -2.593261138667e-03 
9.247000000000e-01 2.630211751762e-03 
9.254000000000e-01 1.823266978702e-03 
9.261000000000e-01 1.178937030133e-03 
9.268000000000e-01 1.471358502429e-03 
9.275000000000e-01 -2.678095741730e-04 
9.282000000000e-01 -1.580386757980e-03 
9.289000000000e-01 2.017796432862e-03 
9.296000000000e-01 -2.876774514805e-03 
9.303000000000e-01 -6.834880878919e-04 
9.310000000000e-01 3.350521050693e-03 
9.317000000000e-01 6.671136598584e-04 
9.324000000000e-01 -3.740648773553e-04 
9.331000000000e-01 3.047879339435e-03 
9.338000000000e-01 -5.822560085622e-04 
9.345000000000e-01 2.079725992307e-04 
9.352000000000e-01 3.084824863447e-03 
9.359000000000e-01 -1.594831521226e-03 
9.366000000000e-01 -1.662418740358e-03 
9.373000000000e-01 6.578727827433e-05 
9.380000000000e-01 -8.752533080928e-05 
9.387000000000e-01 -1.578687556822e-03 
9.394000000000e-01 -8.089764875836e-04 
9.401000000000e-01 3.082855533737e-04 
9.408000000000e-01 -3.178957982532e-03 
9.415000000000e-01 -6.017100248832e-04 
9.422000000000e-01 3.500479278412e-03 
9.429000000000e-01 1.121400965910e-06 
9.436000000000e-01 -6.839086420761e-04 
9.443000000000e-01 -5.606626274357e-17 
9.450000000000e-01 3.575280771869e-03 
9.457000000000e-01 2.456845171455e-03 
9.464000000000e-01 5.103855038867e-04 
9.471000000000e-01 -2.217480544409e-03 
9.478000000000e-01 -1.939288368446e-03 
9.485000000000e-01 -6.217857583122e-04 
9.492000000000e-01 3.377947866884e-03 
9.499000000000e-01 -1.233369929564e-03 
9.506000000000e-01 -1.475614071311e-04 
9.513000000000e-01 4.099458522437e-04 
9.520000000000e-01 1.337963534063e-03 
9.527000000000e-01 -9.908145116337e-04 
9.534000000000e-01 -3.162924055965e-03 
9.541000000000e-01 2.509348287697e-04 
9.548000000000e-01 5.664090076079e-04 
9.555000000000e-01 3.653800079695e-03 
9.562000000000e-01 3.429125787820e-03 
9.569000000000e-01 2.528384104762e-04 
9.576000000000e-01 1.549021710349e-03 
9.583000000000e-01 5.551115123126e-19 
9.590000000000e-01 6.217248937901e-17 
9.597000000000e-01 -9.325873406851e-17 
9.604000000000e-01 -4.329869796038e-17 
9.611000000000e-01 -3.094477210483e-05 
9.618000000000e-01 -1.649040809485e-04 
9.625000000000e-01 -2.310801120075e-04 
9.632000000000e-01 -1.735339940576e-04 
9.639000000000e-01 -3.609779556221e-04 
9.646000000000e-01 2.927268243671e-04 
9.653000000000e-01 -1.145794400865e-05 
9.660000000000e-01 -3.610582741819e-03 
9.667000000000e-01 1.966608736541e-03 
9.674000000000e-01 -2.507257492168e-03 
9.681000000000e-01 -2.391866482980e-03 
9.688000000000e-01 -4.838877153507e-03 
9.695000000000e-01 -5.140853658200e-04 
9.702000000000e-01 4.058946524781e-03 
9.709000000000e-01 2.482770464652e-03 
9.716000000000e-01 7.793948512283e-04 
9.723000000000e-01 -2.702823428449e-04 
9.730000000000e-01 -2.399218747705e-03 
9.737000000000e-01 1.706596532250e-03 
9.744000000000e-01 5.661252812727e-04 
9.751000000000e-01 9.226208606474e-04 
9.758000000000e-01 1.183269905078e-03 
9.765000000000e-01 7.660805198034e-04 
9.772000000000e-01 -1.662425339704e-03 
9.779000000000e-01 -1.328886568926e-03 
9.786000000000e-01 -5.658859769741e-05 
9.793000000000e-01 -2.925151070713e-03 
9.800000000000e-01 -6.093976162161e-03 
9.807000000000e-01 1.798490067333e-03 
9.814000000000e-01 5.927302617929e-03 
9.821000000000e-01 -3.925352587051e-03 
9.828000000000e-01 -8.124886536868e-05 
9.835000000000e-01 -2.393487302338e-03 
9.842000000000e-01 -4.374329235282e-04 
9.849000000000e-01 -2.352069540973e-03 
9.856000000000e-01 4.733616867876e-04 
9.863000000000e-01 8.763182740421e-06 
9.870000000000e-01 -1.056263821858e-03 
9.877000000000e-01 -2.982052831377e-03 
9.884000000000e-01 -6.243001984849e-05 
9.891000000000e-01 -4.519450113878e-03 
9.898000000000e-01 5.609798769711e-03 
9.905000000000e-01 -3.142302274941e-03 
9.912000000000e-01 -2.930462554843e-07 
9.919000000000e-01 -8.870757626439e-04 
9.926000000000e-01 -3.242759791397e-03 
9.933000000000e-01 3.296542501850e-04 
9.940000000000e-01 -2.561929815386e-03 
9.947000000000e-01 -1.661166366249e-03 
9.954000000000e-01 -5.314241084337e-03 
9.961000000000e-01 8.834582477831e-04 
9.968000000000e-01 5.324685786449e-04 
9.975000000000e-01 -1.017265808046e-05 
9.982000000000e-01 9.660564922275e-03 
9.989000000000e-01 -8.054713963455e-03 
9.996000000000e-01 -8.342048982797e-04 
9.996000000000e-01 -8.342048982797e-04 
